149.72141249045643	1.0164961396781516	96.9769590456865
150.8671442320076	1.0218781576373273	97.49042064660844
149.79532233821635	1.0654409922807464	101.64645338123985
149.67028659248646	1.0654198113156872	101.64443264992481
151.3296499804113	1.0670071390970224	101.79586875994423
150.618369018674	1.0181623599545577	97.1359217502151
149.48288281059263	1.014048644261376	96.74346021226023
149.42853205769327	1.0351286152759054	98.75455637481677
152.03691430014032	1.0469813717058838	99.88534697009878
149.69074382728218	1.041251489790954	99.33869804334859
149.63581355624606	1.0171855468611049	97.04273067977083
151.37188937405787	1.0341090509751703	98.65728670346499
151.4383484237036	1.0398070293539077	99.20089193157042
151.1872960728946	1.0239573232634323	97.68877964857752
152.7031479282168	1.025728617105241	97.85776670484844
152.02117217283057	1.0629573737372509	101.40950828683553
152.64494167266903	1.025715638462226	97.85652850109831
149.74268719000506	1.0663516723120348	101.73333514758474
151.0872725501399	1.027168221931	97.99510957589351
151.55096825761143	1.020928403589761	97.39981109505277
151.40104144931246	1.045419818579367	99.73636984398216
150.17767123690317	1.0212204139988503	97.42766981519719
149.7389190911753	1.015554739013359	96.88714643336897
151.65017225167253	1.0382483932748805	99.05219310104579
152.1987691888935	1.0463892090741707	99.82885277494893
150.7935728094586	1.0210228820319813	97.40882463840454
150.56728999094045	1.0316325771639907	98.42102323920776
152.13658022091315	1.0614220252310393	101.2630311646943
150.40352462915578	1.0171017672007154	97.03473783417378
152.37751956318922	1.0511308770175587	100.28122295128802
152.27580865051033	1.023786613636201	97.67249340814581
149.11978130353373	1.0473542143809567	99.92091734505611
151.07607163796365	1.0469084693023516	99.8783918493406
151.3812139396705	1.047256105893621	99.91155748387511
149.65833192721246	1.0143794581561631	96.77502090813917
149.81688873301812	1.0160814383485655	96.93739522218964
151.43450572989178	1.023980819771875	97.6910212900831
149.96438429268505	1.0240167386533567	97.69444806541698
149.76548104630177	1.0197557590355342	97.28793708149637
152.30158618108126	1.034775736113538	98.72089058235461
150.78090757034332	1.0182416007304897	97.14348157182421
152.89107644069767	1.026022106773465	97.88576655101086
152.53085476381324	1.0312890079303942	98.38824564350888
150.81380559659044	1.050798313082023	100.24949529596537
152.13579106248352	1.0498754950174243	100.16145552270508
149.9269343958421	1.0647701522306372	101.58245311057848
149.42620891058115	1.0159622652188531	96.92602572724682
151.6024836640465	1.0369483966688695	98.92816929741328
149.07592007029774	1.0498745411836772	100.16136452393724
151.56147963510386	1.0332606647088562	98.57634796007802
150.28923149285544	1.057077278461058	100.84852852850155
151.0936728331334	1.0242626355880382	97.71790741369507
150.269778440484	1.0162991972686315	96.95817011453676
150.12524838216626	1.0173058726969757	97.05421014654094
150.14690727740546	1.0358044604600325	98.81903415115448
151.50476327578158	1.0731052866785449	102.37765140051097
150.70040090629684	1.0260150316089363	97.88509155785155
150.79075943428293	1.0375281982833564	98.98348421227416
150.76981385524266	1.0297180659433058	98.2383727902846
149.80640257183208	1.0162803479647722	96.95637183110304
150.57365655187607	1.027343897895217	98.01186962064149
150.7866028097555	1.0479045874342254	99.9734246817427
151.3973602842816	1.0205298769456346	97.36179038790253
150.18061048951498	1.0329926286128217	98.5507764655162
150.1811873830598	1.029822756241227	98.24836057709233
152.04979366099084	1.032290269846601	98.48376920926755
152.03614229454766	1.0353428356602135	98.77499367961792
152.11738319862386	1.0722885516286569	102.29973228366194
150.88392821610998	1.0305920150573582	98.32175031050647
149.30721641974014	1.016010736561199	96.93065004720052
150.50553824027148	1.0202823323119445	97.33817384390764
150.80835758836366	1.021783546368583	97.48139443118455
149.2715075611295	1.039461675401711	99.1679440680507
151.89291724707937	1.0475363858855593	99.93829708497988
149.01161274004164	1.046201074218682	99.81090411241732
150.12681162484995	1.0370683819112627	98.93961627048425
151.4110598393016	1.020330192368254	97.34273984523266
151.77334144466434	1.0667601433557437	101.77230458202807
150.15077692861266	1.0475546152883772	99.9400362278861
151.14061956661584	1.0256523451834458	97.85049012134995
150.41104870273276	1.0235222212156172	97.64726953179046
151.87532204744736	1.054788747637524	100.63019542197452
150.2708527407101	1.017153724116596	97.03969468890918
152.71539295515046	1.0258055738814258	97.86510862563007
151.1659177044844	1.0685448133969373	101.94256777018903
152.02412775149838	1.0380900459581184	99.0370862642825
152.85274492322424	1.02579070754578	97.86369033000966
151.8595471416701	1.026221081901178	97.90474940992998
149.78446293632015	1.019858165964113	97.29770702761925
149.36779320552426	1.0135965644596423	96.70033036384585
149.7444493963875	1.0429216907053005	99.49804051337502
150.2359147415094	1.0261370115298123	97.8967288295828
152.30158618108126	1.032514070961859	98.50512054621963
149.62094025471208	1.0293278119426408	98.20114131958577
151.5578511583998	1.0496206554106762	100.13714301511929
150.49366518914292	1.036056018248188	98.84303356282692
150.67842625769487	1.034176535863664	98.66372497608819
151.78791621438458	1.0346380835495852	98.70775809071407
149.4766826244114	1.0331896546920427	98.56957337902105
151.22701701140073	1.0198246303945562	97.2945076278099
152.46923116684388	1.0649741309214813	101.60191332530634
150.87067992308135	1.0394348023801645	99.16538029647477
152.12186725907992	1.0433433597313808	99.53826907723949
151.27075241258808	1.0211204245032612	97.41813049985674
151.2679816450215	1.0240471125947996	97.69734583586626
152.58598905791277	1.0353002592816265	98.77093175792302
149.64101603901915	1.0371108287229354	98.94366583108416
150.18125606153782	1.028583823661313	98.13016247542444
150.5149454504068	1.0387935641021477	99.10420412885503
150.31248839226575	1.0166791570588356	96.99441948487406
151.50462011128357	1.0364354292175935	98.87923057391757
149.88187601141053	1.0152554734443642	96.85859554793483
149.90938323314904	1.0229464838396816	97.59234235819108
149.4921784975303	1.0148813701180364	96.82290490284528
151.9563526339825	1.0403912472685306	99.25662817548582
150.10422038565585	1.0443464569661849	99.63396773821938
151.603287925519	1.0607332969517997	101.19732430017972
150.13102177925006	1.0709015645849809	102.16740931608622
150.3312355490132	1.0164884632545703	96.9762266905046
151.98068197740662	1.0222837317849818	97.52911370797071
151.17280140189098	1.0266251363470345	97.94329748691575
149.52797263329973	1.0286434480433395	98.13585083077399
152.15782215378184	1.025610907263243	97.84653681219945
151.08660857723686	1.028320182936269	98.10501031321017
151.7991011495679	1.0292659765613636	98.19524202788794
150.81314730469552	1.054895318288223	100.64036260040727
149.59547775699252	1.0151579145093366	96.84928811578885
150.71180573707926	1.0288157000126492	98.15228421553684
151.32573521591112	1.0428142906909186	99.48779421101372
152.46335059276333	1.0603544094547657	101.16117723001533
151.321692845131	1.0418773028666304	99.39840259769086
151.3519093763749	1.0219625566346073	97.49847257891122
151.9598395207259	1.0251641077252722	97.80391071771261
151.9007180260483	1.0343309732438524	98.6784587924885
149.9326187109134	1.0353310169515426	98.77386613728696
149.39717630356714	1.0350595989203542	98.74797199537397
151.42073877263167	1.0365872749140952	98.8937171354657
150.26315436832135	1.0313392692645345	98.39304073436288
150.3643970633121	1.0604720280639803	101.17239841876713
149.45042850379284	1.0366453811637668	98.8992606561686
152.25926684563055	1.0746596668882125	102.52594420758655
151.99729056017017	1.062836186403749	101.39794663045622
152.63657425898097	1.0248270243872075	97.77175189703982
150.8099680855096	1.0507954827648072	100.24922527471686
150.77851503213637	1.0224754636993012	97.54740554133527
152.11453536132092	1.0432339936035966	99.52783520141732
150.8784963122703	1.0332827884433882	98.57845863459404
149.78273933131865	1.016472045831315	96.97466041620163
152.39362547040076	1.0717359190998286	102.24700938583327
149.25384084679237	1.0342039383611454	98.66633926134935
149.28624128399574	1.0520354072950355	100.36751801159413
149.8418949711774	1.0250152276691749	97.78970708767477
149.8148917614895	1.0206623993276567	97.37443344389884
151.03625784915351	1.0331622423354005	98.56695815316462
149.72171051378905	1.0194406293426481	97.25787270827526
149.6466248134134	1.0218663282204603	97.48929208268157
150.81855410307824	1.0366739897826724	98.90199000924301
150.40555761720668	1.022798742611868	97.57824737598726
152.38158574594726	1.0415466394980573	99.36685626249063
151.0928956877762	1.0366362435795746	98.89838890162532
151.0551776271599	1.0233433332273647	97.63020304975146
152.29350537681924	1.072805651235792	102.34906522794599
149.86811732808093	1.0616661695526717	101.28632330812307
149.266040859078	1.022770436640697	97.57554689646759
151.9103339906105	1.0666809792605443	101.76475207600431
150.1111551246828	1.0598805010143306	101.1159648601641
151.3018443990967	1.0363084652597154	98.86711780923228
150.64673942961025	1.0233767204308237	97.633388294964
150.80722328683257	1.0397355126101109	99.19406900715042
149.90114229424165	1.056762042131324	100.81845398178658
151.56852267247984	1.0229177037395396	97.58959664526229
149.41282370615485	1.0160717680324616	96.93647264333059
149.14652722179895	1.0643575681155437	101.54309127606626
151.83256466146668	1.0543808902707992	100.59128453426385
152.27209439324366	1.029912685557418	98.25694011937769
151.87698837502919	1.0552687143177728	100.67598576713857
149.59698930728646	1.0141962773038755	96.75754487324163
150.83627968101564	1.019421731268167	97.2560697719694
149.34288243923703	1.0686578569956033	101.95335248840908
150.74470279904827	1.0519094274509038	100.35549913448473
149.95753486480032	1.0588342172310028	101.01614606534007
150.3369487434373	1.0459031721139296	99.78248330580082
152.3858587786647	1.0239397990999226	97.68710778774044
150.9067466978743	1.0199875421581883	97.31004992729648
151.28918779312366	1.0402382897031588	99.24203553811732
149.95547485569568	1.0512866606452909	100.29608520397827
149.82194282830648	1.0157735796482141	96.90802452474135
149.47084661255698	1.0557790076779754	100.72466937385579
151.35364750002628	1.0243748874030032	97.7286165932362
152.4709453209372	1.0440745735873154	99.60802920066017
149.2619247040119	1.0139129169720325	96.73051139793003
149.66110383992253	1.015108188050077	96.84454405369665
149.4412786329801	1.0274943219160333	98.02622054981552
150.94089960974534	1.0281523394398362	98.08899751075644
151.1994438585077	1.0207729722891217	97.38498245548578
150.07122499611947	1.0165109848602518	96.9783753231915
149.90596401686116	1.0384784125004625	99.07413766546493
150.3354996501837	1.0342528057634426	98.67100136667989
150.13541078725925	1.0333946243599932	98.58912813611116
150.2239056694886	1.033605201783098	98.6092178908473
150.70479763839845	1.0188508563683	97.20160649402509
149.5703312100642	1.0175345312289323	97.07602489646811
151.18291721457277	1.0299900604731091	98.2643219319958
152.23436118828283	1.0239032917882473	97.68362487429788
149.7787224557203	1.036256117257928	98.86212364365969
150.62636090439395	1.029030755746934	98.17280121537796
150.6142485411382	1.0619284040319559	101.31134131002712
150.99333868753183	1.0197029796593013	97.28290176143207
151.33476126374944	1.0324842231589255	98.50227297105462
150.03113804757845	1.0155254909544444	96.88435607568752
152.30445171483623	1.033710289136727	98.61924355803019
149.2526384533492	1.0187933239239741	97.19611771617399
149.54035259429529	1.0229046854616848	97.5883546602226
150.19558553360181	1.0165395200787237	96.98109767363151
151.13542654257682	1.0205742976341727	97.36602826262235
152.0083922346323	1.0734261376889827	102.40826160559136
150.47998051153942	1.0407454709427695	99.29042223864926
149.17741286504707	1.0401541275516177	99.23400620165002
151.3976170956737	1.067226053163636	101.8167538569395
149.77490958527645	1.0652222343437177	101.62558317950267
152.58989086470456	1.0479175815519226	99.97466436182663
151.48229451301376	1.0332358488992752	98.57398045305516
150.71362083248357	1.027288808723424	98.0066139387473
149.89495952746654	1.039552898004079	99.17664699394344
149.86399491431945	1.035976133353859	98.8354122902777
149.81812501346056	1.058999447741363	101.03190958062636
152.53220226114342	1.0462790377030478	99.81834207635565
149.50025208231017	1.0259267975456274	97.87667374807351
150.4016853684406	1.0373586941958681	98.96731298416145
151.21285864165472	1.0475782621029694	99.94229220907556
151.82794932953067	1.0220318520960465	97.50508358594186
152.44468226976832	1.0312041748781051	98.38015230098013
152.17163082516262	1.030208453613456	98.28515733097133
149.2791677665184	1.0197152062122044	97.28406821339767
150.68231781590734	1.0181149311201045	97.13139688882428
152.00548183689983	1.0583803934485176	100.97284983562496
152.28172598290038	1.0258190195341101	97.8663913835854
152.22106605861921	1.0454528601698907	99.73952211662339
149.5271241191357	1.0143803576996324	96.77510672744215
151.57914045569228	1.0230382739939101	97.60109943033326
150.32573030056682	1.0202719814976655	97.33718634336213
149.6024422499368	1.0320069734921116	98.45674183759863
150.62197486828902	1.0507965767706389	100.2493296463466
150.63946687115254	1.0189970582843495	97.21555462099938
150.33439562232132	1.0333901000815144	98.58869650557995
149.29719543372133	1.0181591834835813	97.13561870479883
152.1585387623942	1.0574021862630723	100.87952576437843
151.93384274375907	1.0237972619203926	97.67350928826542
149.88736202000922	1.0310495994247355	98.36540531195996
149.6626183475616	1.028089278839315	98.08298132925272
152.3529574026967	1.0264433129421295	97.92595095680832
152.57575481276234	1.0326378262832003	98.51692719679208
151.8128928375718	1.0643398900995178	101.54140473721064
150.5223288321711	1.0579874475817936	100.93536155235755
149.3225144859223	1.0462755145183822	99.81800595335264
149.59665190177554	1.0374770020863235	98.97859993253205
152.02159438078294	1.052351104606381	100.39763653741839
150.92173855052943	1.0306856019688386	98.33067879899512
150.6854007104559	1.0176750193651571	97.0894279107062
149.29960341191034	1.0138091341599795	96.72061018815536
149.672301995539	1.0351379917250685	98.75545091783664
149.53994838882596	1.0423804520568536	99.44640462790969
149.90992816070508	1.0601860521851818	101.14511541197176
150.1406920886517	1.0195206291153387	97.26550494058489
150.61152040637586	1.017737889746884	97.09542594473304
152.25972173388368	1.0748065862732998	102.53996078338498
150.37944269116886	1.0169694652648333	97.02211580943913
149.08405503103197	1.0608083485597752	101.20448446186539
151.00258008053814	1.0191110759070605	97.22643226420583
152.72859705025647	1.0346824584422794	98.71199159636498
151.28008956772644	1.0225827377596206	97.55763982727909
151.04930719614669	1.0283185766058036	98.10485706418378
151.40894743272466	1.0331772453332009	98.5683894867885
152.62054454964314	1.0256506370790899	97.85032716277126
150.90948601320468	1.0567268714000326	100.8150985823562
151.45471017085853	1.0486198649002505	100.04166442296884
150.51805403760648	1.017699154054796	97.09173043672409
151.97729447230455	1.0249324836951244	97.78181304984271
149.18730536570158	1.0422615035583147	99.43505656349402
149.43152686987392	1.0530838639796616	100.46754410810082
150.64205805436112	1.036751404995913	98.9093756663753
152.12009984660384	1.0315531751266243	98.41344803274582
149.52812078875647	1.014518306809362	96.78826751049132
150.96841723264234	1.0301647056664176	98.2809836379265
151.3799020589906	1.0282366381897257	98.09703987913987
151.7445300155044	1.0238422149687403	97.67779795180128
151.3030818919006	1.0199100488791182	97.30265682243619
152.20418806988224	1.0570770239949163	100.8485042516237
152.35571007354952	1.056900256004863	100.8316400241438
151.4486789032825	1.0243859971621618	97.72967649953283
151.76352289786246	1.0580366170622575	100.94005247690427
149.5166204740692	1.0576873064735237	100.9067271376968
150.04332316138525	1.0214317607199668	97.44783296340613
152.81830571462743	1.0324388585715771	98.49794504539148
150.42030403997404	1.016851695128427	97.01088016451213
151.5661843789077	1.0461476571700352	99.80580795638015
150.4952461622731	1.0529190770773231	100.45182291442823
149.82619592721358	1.0417938892857284	99.3904446772392
152.6245251703888	1.034922531328332	98.73489531191285
152.41857503490954	1.0626632075035163	101.38144389417535
151.9771054809577	1.0489786418834055	100.07589288625938
151.76945696840247	1.0300682230201061	98.27177888714117
152.14439984621976	1.0235075534043152	97.64587017602274
150.05681271676806	1.0547496858894534	100.62646880718964
151.41591320657207	1.0421093833146926	99.42054380927891
150.16186696272413	1.016076066563382	96.93688273682798
149.26497168007987	1.0600565019457748	101.13275590781733
149.05766330539836	1.052717748426661	100.43261552194745
149.62492473485577	1.0322933801107055	98.48406593833805
152.00906166545406	1.0364316879888342	98.87887364881573
149.7357341590211	1.0599450383512639	101.12212192701007
151.5485739395273	1.0591082132363847	101.04228615417604
149.43229240251154	1.0589525581969434	101.02743616921698
150.73274141194355	1.0178522774145833	97.1063388914062
151.35011436637214	1.0383927101434098	99.06596138850178
149.50165170007483	1.0355420080434408	98.79399535733938
149.22455459106448	1.0582749868342884	100.96279370996719
149.97747309445697	1.0396358301018118	99.1845589793721
152.17808385909802	1.0231131015936519	97.60823822092223
151.78459330999377	1.035615760852985	98.80103160953108
149.46788865049191	1.0651236182699142	101.61617489296111
150.26220424754504	1.0447924269481779	99.67651469043214
150.57076503252614	1.018647764767581	97.18223091051159
150.6781752055829	1.0180559286403528	97.12576786492626
149.23693107529309	1.0353052785996462	98.77141061679816
149.89953520892377	1.0416419311708829	99.37594739062412
149.86111088899654	1.0531774504982543	100.47647255910674
151.52047242466702	1.0242829609028707	97.71984651326188
151.20763952676717	1.019476680526979	97.26131210572098
151.66353766742364	1.052530199654964	100.41472277367033
152.17190881865056	1.0231948535831705	97.61603762028048
150.9117759804976	1.0270283610274773	97.9817664016466
152.18641191784224	1.0636518504779324	101.47576357282273
151.376594082552	1.0556223937502305	100.70972790790816
151.3828538679385	1.021615202149099	97.46533385816198
150.59304197317144	1.0262165880501952	97.90432068227848
149.87639090815662	1.0497175408950965	100.1463861979392
150.98857816540666	1.0240713227638227	97.69965556285703
149.86121971560104	1.0253627869075435	97.82286534249697
150.91719950403672	1.030744806376992	98.33632708750373
150.87038526720457	1.0384017623168655	99.0668249945896
150.7950425813243	1.0400755743190198	99.2265119738579
149.65236971090886	1.0255270997588444	97.8385413101955
149.19346629414844	1.0497724077444248	100.15162066956441
150.81328736566684	1.0474689796138084	99.93186631264356
149.95131430065265	1.0206103621661105	97.36946893347216
149.0828452987968	1.0545071268238682	100.60332790222087
149.08929326497758	1.0438937506488455	99.59077811822708
149.37040728285697	1.037305879605109	98.96227430451954
150.50956163897254	1.0267937762205466	97.95938626627131
149.99398136968622	1.061816724070569	101.30068668713294
150.0635869357827	1.0317779794765807	98.43489508147333
151.8992244144203	1.0242276138832132	97.71456623186276
151.62693680327092	1.022646201658702	97.56369448474591
152.44911198737657	1.0474975519915457	99.93459220819547
151.32283148837266	1.0254722236323333	97.8333059534976
150.419916618788	1.0587793491457889	101.01091147580745
149.40329483895496	1.048636720034848	100.04327245632358
151.27370816744988	1.0200229868085116	97.31343145947216
151.6420752469625	1.0639675604932586	101.50588331064712
149.48319217724145	1.029346463826251	98.20292076850092
150.20475253229117	1.0222494399068844	97.52584215392537
149.42674604025098	1.0476999476377304	99.95390139543674
149.27673449533756	1.0297054253940052	98.23716684174828
150.64927545852825	1.018692377412305	97.186487098461
152.19755373555103	1.0531740104513587	100.47614436771093
151.68001860868398	1.0248154072928592	97.77064358935536
151.45545344099656	1.0324727112674712	98.50117470006025
151.85591238734114	1.023220842429574	97.61851703874053
150.60336521546355	1.0191578274354363	97.23089250844644
149.53404754103772	1.0232784764870388	97.62401551080771
152.4438702260671	1.0500613776409113	100.17918931515305
150.0732100862754	1.0250154860490324	97.78973173793351
152.68300382749376	1.0371305018869945	98.94554271339665
151.1931780213143	1.0594218522885614	101.07220831554075
151.0719482144499	1.0616931746342768	101.28889967864787
149.7347313070266	1.0151098839045194	96.84470584359471
152.02200203539772	1.0275748299613572	98.03390127294813
151.84473568424724	1.0301981063339631	98.28417016765565
149.90708101293944	1.0324909294519933	98.5029127727054
151.47448433527492	1.0292291299841725	98.19172674743801
151.4093185208304	1.0334482544650092	98.59424461840237
149.57203043810014	1.032391177728742	98.4933961416009
150.88610404416642	1.0187441011100455	97.19142170344541
149.75875381728656	1.0479980985083954	99.98234593511111
151.06291245144922	1.0512860532380701	100.29602725540093
149.7549432261969	1.0441575729535444	99.61594760371693
149.9245355527145	1.035967033846011	98.83454416833855
149.66875821324513	1.0648653120517662	101.59153165964149
152.70155436218485	1.025153588183115	97.80290711999183
149.9159910831297	1.030371420831742	98.30070492100793
150.7612688562377	1.0345290335467796	98.69735437421853
152.73930176590275	1.0372634466600714	98.95822606684065
151.07293665745485	1.0521694976733924	100.38031065941908
150.98083327783178	1.0188894799732784	97.20529130856788
151.49800662979845	1.0206456570163898	97.37283617424804
149.52573691181726	1.0231840728781976	97.61500910679788
151.81160592964804	1.022977032809969	97.59525682694785
149.56964345167808	1.0219109828857473	97.4935522795261
151.58796746173311	1.0665921141210346	101.75627405955309
150.34835052213575	1.0188115379908447	97.1978553959821
149.67677959976172	1.0289465544352108	98.16476814290493
151.3551719994055	1.028879946511063	98.15841353546467
150.2294763412915	1.0466572353635564	99.85442333392534
150.1588882073338	1.015974640672229	96.92720638479027
149.6018753186574	1.0153798767741697	96.87046402057214
150.99638128833	1.0390523927610766	99.1288972046839
150.8498081746145	1.0353226254920924	98.77306556541298
151.069505480511	1.0288563265475597	98.15616011595435
152.75121868141463	1.0252863877412992	97.81557661947403
151.02284730556755	1.031822706308547	98.43916216324821
149.57973198370024	1.0283079848817807	98.10384658008383
152.6256838096073	1.0290605582056669	98.17564446456227
152.71569095090214	1.0253395706458655	97.8206504374225
150.3542600335005	1.0342449554888318	98.6702524255578
151.98338643619599	1.023622598336203	97.65684582778628
150.60166763619472	1.0244867055578184	97.73928440022218
151.58605831895724	1.0245824915011044	97.74842268332685
149.66525537678453	1.0273234331027625	98.00991721446672
152.21497014088598	1.0433946390402782	99.54316128611734
149.90392082857994	1.0160177399172798	96.9313181896059
149.72059971304375	1.0145709739880735	96.79329212655587
152.33056269338914	1.055587109069602	100.70636163734925
149.5773849161546	1.0141631280231016	96.7543823266086
150.80723729031013	1.0324795362636103	98.50182582636091
152.06181835068054	1.032274428398373	98.48225788481086
149.3235720869681	1.0264733470724767	97.9288163082002
150.87615259792287	1.0493896200676167	100.11510150986669
151.84039350483764	1.022467907102459	97.54668461800473
151.22206511373614	1.0214545333058516	97.45000554040126
150.41904493799305	1.0545559111519869	100.607982082011
152.42609937375295	1.0475412401157385	99.9387601939509
149.97485219022022	1.0299364339704873	98.25920579338442
149.18487863823802	1.0392482318492533	99.14758087547449
151.9873999462723	1.0299269677766765	98.25830268844021
149.83793893011838	1.019256110799435	97.24026905341628
151.14466703856615	1.0234331266427186	97.63876962666546
152.00230982011308	1.0315865801574358	98.41663497874441
150.82432609814438	1.0200016836252646	97.31139906815392
151.24697439002324	1.0495576864606402	100.13113557736284
148.92035750869852	1.0679800511783306	101.88868766144438
152.12097623660281	1.0359519177981868	98.83310204938351
149.8120934857014	1.0148594130472457	96.82081012857932
149.56082520710038	1.020330540727704	97.3427730798302
152.36280635750026	1.0381436932461807	99.0422043858909
149.3134793627112	1.0364074364016573	98.87655997040157
149.4216705051254	1.0229880110590388	97.59630418676446
152.27651338343796	1.0289894966652204	98.16886496798713
151.66260233183465	1.0210916297899575	97.41538339278588
149.41753544644172	1.0344232348783655	98.68726084534677
152.69890357342078	1.0288713456564287	98.15759298662532
149.73441961591257	1.0696879445604859	102.05162611257131
149.99511499426274	1.0213570923407254	97.44070936295842
151.12512792002698	1.0312753447764542	98.38694213524323
149.63520552647432	1.0530988225008677	100.46897119851639
149.58217364727278	1.0289512457993069	98.16521571393454
151.2369799232458	1.0211102289157867	97.41715780844123
150.35876192198336	1.0173767205132462	97.06096925315116
150.1485401597879	1.0545569224306324	100.60807856120455
151.39686093483994	1.0228913022052128	97.58707785506405
152.79755992504906	1.0269064787315825	97.97013844364852
151.20999369431098	1.0680236311522873	101.8928453293239
151.55881201804567	1.0225063821502431	97.55035525971955
149.5434786136794	1.024002029484714	97.69304476402765
149.2778842611483	1.0657623825362186	101.67711503200863
149.25158305406129	1.0170306498345454	97.02795301164737
152.16316056437327	1.0649754668737614	101.60204077939545
150.21536581079818	1.02135168918623	97.44019388486484
150.8648013508063	1.0220183277625572	97.50379332158796
151.0010443579115	1.0485468282448889	100.0346964941599
150.77242955563912	1.0463834188454078	99.82830036874128
152.05683299289845	1.0531804115416459	100.47675505204745
151.17210729844456	1.0232743221184655	97.62361917085592
149.21574558990378	1.0272689388805887	98.00471829265513
149.8346086070467	1.0163643575547545	96.96438661271328
151.715731104021	1.0434768776365662	99.55100710930631
151.2075544396698	1.0466125573586118	99.85016091040337
152.3525452598077	1.0579831689381662	100.93495335617105
151.031660115614	1.031399690679342	98.39880512917024
152.65414409595832	1.0264955659676278	97.9309360613414
150.4708883153444	1.0465988542549316	99.84885359080567
152.12236390592824	1.0477350650901005	99.95725171188887
149.89983482910253	1.0267790517007809	97.9579815003361
151.7471127054422	1.0237362840179125	97.66769180276725
150.47706962269768	1.045867262317285	99.77905739718928
152.05394710687364	1.0738772875777576	102.45130273735704
149.3135864315937	1.013376038005447	96.67929143995605
152.12167736684745	1.031440210311182	98.40267083069543
151.43930559952756	1.0694654186159134	102.03039643095123
152.2430127653644	1.0240068945129597	97.69350890316849
151.1795732534916	1.0388945991006677	99.11384318849451
150.19421139169356	1.0285058290399591	98.12272154091859
152.71163846609653	1.037720245715471	99.00180614703814
149.32714675435318	1.0487667722079816	100.05567984654917
151.71547164678893	1.049181593431297	100.09525510828844
151.42659327149676	1.0615683520239902	101.2769912053215
151.70254479237772	1.0403476936447857	99.25247302150014
149.89299871405166	1.0494879239382526	100.12448001123484
149.4004367013653	1.0242633939467554	97.71797976352445
150.47963396345835	1.0599860504345862	101.12603460997018
150.9093033848594	1.0591315928297291	101.04451664161003
152.03442356001128	1.0238214854250727	97.67582028752022
152.01395186740967	1.0415011137630499	99.36251296282919
150.21077363409796	1.0573998015303099	100.8792982533015
151.3094123602108	1.0419745153580455	99.40767697801628
150.92432455034623	1.0283009243275105	98.10317298078958
151.0726542420192	1.0243185945695632	97.72324607819931
149.63482720239693	1.0153963768274006	96.87203817803713
149.35929549437867	1.0366467543658882	98.89939166401082
149.44757982050328	1.019089769111347	97.22439952824683
149.38409761349686	1.0363458508164458	98.8706845100415
150.37210552544863	1.0257793353987223	97.86260539107441
152.44921535529147	1.0635642970146997	101.4674106944528
150.98564896780454	1.0495811842220237	100.13337733840298
150.69193016842675	1.0464668348728097	99.83625852259681
151.53921349776283	1.0206490366119731	97.37315859839673
150.0164699052074	1.0184804398481615	97.1662675819514
152.30665615736987	1.0539330373816445	100.54855794672973
151.2521006261695	1.0679115846504739	101.88215573730932
152.3994776097677	1.0350246122370996	98.74463415471067
150.5439196146225	1.0207149376700033	97.3794457685651
149.34982184865274	1.044169970916463	99.61713040874223
150.65919854517	1.0438835704106806	99.58980689118445
150.40608317219287	1.0645193886041489	101.55852946445053
152.23766022577655	1.0698015496338786	102.06246439726296
150.79596647244898	1.0180201492622	97.12235439865292
150.94348716595056	1.0186945403777576	97.18669345223249
151.19856486501723	1.0250419526780168	97.79225673836874
151.82653159264308	1.023303542648431	97.62640690218824
149.8350163838137	1.039650761515798	99.1859834836728
152.44980603594863	1.0299397864058675	98.25952562636348
150.34937218352204	1.033334099775101	98.58335389855016
150.3219089070715	1.0455050076285302	99.74449714974295
149.2087133679661	1.0310624148232501	98.36662794166645
150.38190260057186	1.0180366330676962	97.12392700603243
151.53156096017855	1.0208501651969404	97.39234690397502
149.41475664850518	1.0172101085483904	97.04507394271992
149.2218983042999	1.0364786891884832	98.8833577124885
149.60776107096214	1.0235041357849328	97.64554412428289
149.86643020589554	1.0487867846981014	100.05758910164516
150.78727455092144	1.0225996116953933	97.55924965432564
150.61419286261284	1.0187396740160377	97.19099934462129
150.66957088087239	1.0196288757401888	97.27583201227279
151.80913348262803	1.066874899609284	101.78325269296074
149.37284727011436	1.0159128712035055	96.92131338135933
150.46637088467511	1.03992521418764	99.21216713993897
152.49224746167164	1.032615692148529	98.51481553006973
151.72844718438978	1.0345648454170766	98.70077094034562
149.6864132116192	1.0223130053681095	97.53190650074316
151.49411363577332	1.0473471758239234	99.92024584436808
149.91804864105805	1.0494155874638311	100.11757888191062
149.5005885235888	1.019690913360704	97.28175059823603
150.18212142266785	1.0574481065711643	100.88390670756493
149.6604953516513	1.0303638137515725	98.2999791814077
152.14773293579006	1.023700433319827	97.66427153234586
150.94686255538315	1.0601546053105357	101.1421152802884
149.1947199524122	1.0340638385469796	98.6529732942686
149.74419183734943	1.039285103626391	99.15109856007932
152.84005367462834	1.025810605272923	97.86558863635331
152.1352503546884	1.064819645609308	101.5871749360425
151.3616697641122	1.0224483272526281	97.5448166381659
150.46382144673873	1.0170817045245883	97.03282379117336
149.90043407756883	1.024229583255728	97.71475411625332
152.30074861508243	1.0263794388908394	97.91985716951858
149.66238846253432	1.015285818430877	96.86149055599185
151.5303573617917	1.064129780174078	101.52135958323603
151.89555594971878	1.0637356479813869	101.48375812070485
149.6517073078451	1.023314926704564	97.62749297728709
152.431293746798	1.0576670147723681	100.9047912449815
149.5472383056532	1.0436164377580153	99.56432158798842
151.65381156083077	1.0320184008746447	98.45783204617362
151.66208431199908	1.058650478858516	100.9986168412454
152.1064898408418	1.0493157535527502	100.10805440982622
150.64849512067832	1.0600338007142778	101.1305901382573
149.37863959106758	1.0533603212508915	100.49391900951308
151.6990582076205	1.0332755030749154	98.5777635873111
150.66618277474757	1.050869339659732	100.25627145698435
152.5136388161707	1.0578719413307056	100.92434188927766
150.81051427250705	1.0320401284661538	98.45990492738751
151.24268660183253	1.0230291587132894	97.60022980362154
149.41030030855245	1.019543222864602	97.26766045599855
150.2042439510208	1.064630472682545	101.56912723821547
149.44532254376915	1.0154526326853064	96.87740516549067
150.2727810603632	1.0306513195413656	98.32740814656933
150.07697524064113	1.0182567832940288	97.14493003658964
151.75939426849095	1.0532922220905578	100.48742213340611
152.35453242944877	1.064727027516485	101.57833887592975
152.38562300925733	1.0330516872795108	98.55641084982642
150.07130713541167	1.0283595234148528	98.10876351977099
151.54296880315724	1.0312433896815405	98.38389351773276
149.55071538352635	1.0170618720525837	97.03093171037708
151.4481215701551	1.0655292049786562	101.65486915269102
150.58782595628173	1.0485241731946573	100.03253513043924
151.80741300829786	1.021947469575154	97.49703322553879
151.5295120050853	1.0243467313409487	97.72593041552221
149.3210285451161	1.0337550064609775	98.62350973273878
151.0501256044692	1.0217570122280415	97.47886298993245
149.58043343796504	1.0180768923054908	97.12776786513895
149.99522426133444	1.0166991339784825	96.99632534643402
151.0017065411295	1.0428256887371559	99.48888162081296
149.44258176738467	1.0284234904720186	98.11486618011654
149.423362265615	1.0532945100486057	100.48764041186801
152.7194757583917	1.0334950412704855	98.5987082281904
151.64949622166307	1.0676433593555008	101.85656619256805
150.46412626030167	1.0491888449837283	100.09594692941367
151.56581141586295	1.027932159276527	98.0679916241166
150.12938976622124	1.0296557466239578	98.23242732935833
152.54221415045768	1.0476603960540565	99.9501280487801
149.4930126785052	1.0152962064194735	96.86248160308526
151.72161272040003	1.0280019525589892	98.07465012485342
149.67181504141732	1.0334091814192183	98.59051692577911
150.3165569488892	1.044750424856862	99.67250755756623
149.7442460601399	1.0545376305329022	100.60623805291034
149.88646350497345	1.0158710869144898	96.91732702752435
152.55217013589268	1.0570388800910473	100.84486520208976
149.3608501216032	1.020321855808004	97.34194451091668
149.34706199089166	1.017147982347821	97.03914690593825
152.35660805823014	1.0516206687638958	100.32795063895094
149.6711657802594	1.0147873799179523	96.81393793934345
151.38905785320074	1.0227528954509024	97.57387341126888
152.22248763953314	1.024481807046961	97.73881706673389
149.5044914875592	1.0555712603351575	100.70484961776435
151.33515995043703	1.0251480038033582	97.80237435243292
151.5538216083475	1.029170197135773	98.18610436659208
151.5055650091487	1.0246691698173707	97.75669206989765
149.9379085889088	1.0315042689527802	98.40878222848664
149.95218729185478	1.0203973002833613	97.34914215339789
150.36215946412295	1.0220224440292545	97.50418602649981
151.40459461302822	1.0703861827801753	102.11824025559837
151.26353471879685	1.073227691885542	102.38932924588842
149.7399627306936	1.0603900321074071	101.16457574417731
151.2725713057345	1.020854920783643	97.39280060204517
151.4267646392277	1.0348490271085578	98.72788277597446
150.80095034485137	1.0180446355179311	97.12469046519219
152.63892224684508	1.0249707300653563	97.78546187499299
151.99282484141466	1.0327048446155938	98.52332095848197
150.94988664574169	1.0405122498175734	99.26817220284106
149.66263187025936	1.0503948816166364	100.21100665329433
152.38509253487175	1.0297992859366643	98.2461214355201
148.99075164821068	1.06227637550188	101.34453889304851
150.53251844256766	1.019926178057733	97.30419559728531
151.7762298491153	1.0566120213628538	100.80414152416668
151.5861013810319	1.039712806174486	99.19190274110008
151.52713366722458	1.0205866978817393	97.36721128561032
149.30074057196927	1.01396197804431	96.73519197999158
152.36287997920053	1.0684751285458471	101.93591961414938
150.0264347839934	1.0177559368679971	97.09714769738586
150.50281926054788	1.059918290591738	101.11957010582861
151.99548673830031	1.0338621803468864	98.63373446172581
149.4169179160824	1.0136699504138975	96.70733161687825
150.63076146385808	1.0345358173201595	98.6980015677371
152.05840722805496	1.068410771371452	101.92977973538152
151.40984661535347	1.0385363133413297	99.07966158951572
152.46601000548154	1.0405410065367198	99.27091568514865
150.85749322688272	1.040091418090812	99.22802351998999
151.74771873110893	1.0393853086249263	99.16065843508505
151.61325675663272	1.0220154758580107	97.50352124083958
150.31644660846425	1.0166430573657224	96.99097545953649
149.498394986803	1.0427341344600516	99.48014705209732
150.11238872926037	1.0164256492497978	96.97023403501825
149.45416440501705	1.049500226041917	100.12565367098294
151.44186297455443	1.0418840537298482	99.39904665147546
150.19165564075468	1.034427079369176	98.68762762197615
149.63265192169038	1.028785950668972	98.14944603369747
150.65190923831372	1.0178216971067426	97.10342143294739
151.19757248248993	1.0467472184574291	99.86300800677226
150.2709904740593	1.0164160444181496	96.96931770358417
149.08740528137494	1.0371882038879996	98.95104766749327
149.29850642293317	1.0140902989016627	96.7474341971948
151.40432347384098	1.024654617343407	97.75530371767819
152.71452878446232	1.0251377664706463	97.80139767838922
152.5033406472301	1.0413972253964838	99.35260168281883
149.31001318977042	1.0404194595360121	99.25931971537598
152.50973219542615	1.0486452665042665	100.04408781664067
151.54086176291824	1.0290124046441211	98.17105046190585
149.919806523375	1.0618358576389388	101.30251209030348
149.48784646972993	1.0140472614724474	96.74332828980616
150.70238285077937	1.0412284401020049	99.33649902984132
149.88763430208937	1.0225840613196642	97.55776609910949
150.21324837997574	1.0236542949651368	97.65986978682166
149.6334085250794	1.0518078768359507	100.3458108834005
149.91304804315905	1.0247489935431466	97.7643075067727
152.3997577156351	1.0266322164378106	97.9439729500547
150.937834190314	1.0625296716853347	101.36870415315181
149.84460057578173	1.01499709213464	96.83394515064045
152.29008270864682	1.0243832642435386	97.7294157704193
151.61986610832244	1.0464774102047856	99.83726744284343
149.7173894352964	1.0180227632331478	97.12260377978052
151.23189872778048	1.0485192933551193	100.0320695782541
149.21625271313894	1.0440290035015694	99.60368166979744
152.11484203863887	1.0341289686176955	98.65918690979936
150.39972176119596	1.0193174402207321	97.24612007492564
149.45515892310908	1.0552888267030345	100.67790455254827
151.96137968922176	1.0229432975022836	97.59203837148688
151.18278968412696	1.019775456480859	97.28981628031868
150.80412866854465	1.0577220662841305	100.91004333398918
152.12752074976336	1.0266239813780706	97.94318729920964
151.04271836801047	1.018864652370025	97.20292267639121
149.5552307296497	1.0325445889493168	98.50803205911608
149.60564154139675	1.0157071227176995	96.90168432257309
150.6535955278478	1.0391101220265961	99.13440475990176
150.59138666589723	1.02142441329315	97.44713199556013
149.46506538275736	1.0304174655555496	98.3050977338487
150.18098134848753	1.0281060313886696	98.0845795756496
151.42697885021485	1.0432526939159368	99.52961927058706
149.16284597015405	1.0246571655347083	97.75554682321871
150.25581574575094	1.0286788398848967	98.13922732482571
150.87394938267101	1.0408546881221317	99.30084190431904
151.43739127725402	1.0448667858478602	99.68360876554733
150.5131137440477	1.0215882153558156	97.46275923240114
150.97434310740888	1.0425708558494349	99.46456975424371
151.00697632103802	1.0555013743796908	100.6981822757287
149.29678074356906	1.019630384875273	97.27597598855125
149.45315647733838	1.0236345515425078	97.65798620161854
150.41481139211928	1.0313057529215859	98.38984316883301
152.37380744309363	1.0683845972816592	101.92728264411397
151.79121057854854	1.0456923648827252	99.76237162664233
150.51902553228646	1.0314433938664336	98.40297455197404
149.63679993907962	1.0257801525790864	97.86268335267563
150.13575370316875	1.0360955244352406	98.84680257850175
152.75484392938813	1.030310100706185	98.2948547863417
149.57660259668938	1.06291602701519	101.40556367827732
149.29121635817873	1.026066284037685	97.8899812022779
150.5842934526011	1.0390274399001844	99.12651662253079
149.87422705929924	1.016074158458533	96.93670069756728
149.7144097062902	1.0620726732656325	101.32510505296689
151.07098804221738	1.0262324748842115	97.90583633668349
150.7613667402244	1.0601407923433017	101.14079747935885
149.3393998724011	1.0492370681564531	100.10054757319759
151.50948807396333	1.0257761558190717	97.86230204908074
150.229668924655	1.0174603452306534	97.06894731669577
151.69853957578633	1.0213099092590883	97.43620794716651
152.56193675615071	1.0253523480387516	97.82186944127137
150.39832518306284	1.0345513842418184	98.69948670148749
149.92348611338002	1.0698304124449767	102.06521800107959
152.2939460919999	1.0647859681647396	101.58396200090658
152.2672650757501	1.0257834630880645	97.86299918574284
150.89355913501853	1.0543934797851422	100.5924856139032
152.59181970369158	1.024704977504001	97.76010823688965
149.80958067124826	1.0193493040174506	97.24915998229842
151.864254137475	1.054075296677261	100.56212993519715
151.72942778035087	1.03431087547896	98.67654140190847
151.2815536353363	1.0512176648233666	100.28950278350868
151.13529920394012	1.0373160226700002	98.96324198511387
152.66654735887926	1.031778870810024	98.43498011751376
152.46902429283102	1.0291338970985329	98.18264122778872
149.27705535630955	1.0436632859936334	99.56879105840702
152.15422474246614	1.0581686843432454	100.952652114817
151.72952872582434	1.066130473646647	101.71223209261292
151.92937178590506	1.055833426731545	100.72986112434387
150.6327391260396	1.019162713806248	97.23135868373586
150.63142995581262	1.0286295119952307	98.1345212875382
152.04629646243404	1.0507978762387304	100.24945361972829
151.74989763621525	1.0368710294615668	98.9207882201999
152.22903950160057	1.0496333071163277	100.13835002800694
149.8310475688191	1.070675621350205	102.14585361413106
150.52291180241951	1.0686804233220946	101.95550538760322
151.05649015591698	1.0515721461471188	100.3233214272537
149.88499326004313	1.030872741814213	98.34853253440272
150.5988014344589	1.0186169922846173	97.17929511793591
149.9009379994208	1.0327353399893306	98.52623031395765
149.499942559296	1.0290559944672006	98.17520906942296
151.64408851366122	1.0467272998073707	99.86110770431605
152.14666572244155	1.0236071363132564	97.65537070170609
152.2837965897562	1.0238946591025535	97.68280128867437
150.87213921131448	1.0325246133563537	98.50612632412596
151.15129129400805	1.0278842632728902	98.06342219330243
149.84556594522613	1.0553182891685189	100.68071536529722
151.5427394585106	1.0223418876840618	97.53466196538479
151.862689886344	1.0658264332919827	101.68322567746621
151.60394858449348	1.0232934413971222	97.62544321074245
150.24637295953065	1.0165637212722962	96.98340654433579
151.2136812984761	1.0388598959316417	99.11053239598874
149.2785661173519	1.026639421823773	97.94466036675225
150.66509531009558	1.0300942812319356	98.27426492328313
151.60455180716824	1.0397715857248067	99.19751049682257
150.93886065110962	1.019654130222668	97.27824137008292
150.77903270069976	1.0662507285455995	101.7237047917758
151.2015989140783	1.0292880974872816	98.19735243445325
149.5602185320815	1.0207419900497625	97.38202665148398
151.33971673018155	1.0245154787036683	97.74202944968944
150.55392151365226	1.0581652442358451	100.95232391764885
149.37115802947474	1.0453718131734075	99.73178997583906
149.23655717827643	1.0353172553594976	98.77255323771355
149.24084388640765	1.026968905339309	97.97609414022675
151.60440818165628	1.021061263150808	97.4124863189986
152.88650518640358	1.0266536713329268	97.94601981516692
152.37684191967602	1.0404314906397119	99.26046752086704
150.4535979949263	1.0319778251955367	98.45396099756111
151.2993980052635	1.0698952839493752	102.07140694856272
149.5304240164157	1.0423032330993178	99.43903769419475
149.84740158407925	1.0520387195139238	100.36783400779217
149.25478943155252	1.0228829150278012	97.58627769171015
150.8973364844287	1.05859899136116	100.9937047705276
149.88197129415482	1.015234007364302	96.85654761574325
149.64821976865957	1.0304428459859434	98.30751910748975
152.1420025875895	1.035073669115107	98.7493143366255
149.97332342521003	1.020015307003094	97.31269878165234
151.53522935717652	1.068079795172332	101.89820355515393
149.8578462563949	1.0383882433133522	99.06553523873232
150.06759738137646	1.0354561247345733	98.78580181699856
150.911087568128	1.026629383962864	97.94370272295184
151.87756798848602	1.0234364535406117	97.63908702328719
149.7022903613006	1.018108827307831	97.1308145657541
152.49134539728402	1.040195910163007	99.23799239543409
149.49213813445752	1.01405456657974	96.74402522023519
152.25308984941034	1.0538580617385946	100.54140503233916
150.00425370017888	1.0154695488109613	96.87901901758595
149.21601249593047	1.040869625593354	99.30226698649933
150.51024150395122	1.017675546422436	97.089478193644
151.72742336014215	1.024983156002783	97.78664734887516
149.28906307820768	1.0140691302688563	96.74541464241581
151.3287815722513	1.0200319875357473	97.31429015742727
151.09120016416293	1.0678672889147882	101.87792978348834
149.91081368706034	1.0354241015344139	98.7827467020314
151.43164901525347	1.0215543939321452	97.45953256120178
149.4885863730071	1.018010399291912	97.12142422053181
151.47993408789898	1.0254397150332557	97.83020452993256
151.91192969197982	1.0679376594036207	101.88464335154548
152.69863552935817	1.0320593408020298	98.4617378452282
152.42018301896454	1.0389430245033837	99.11846312566168
150.03235498933273	1.0248679723126894	97.77565845913826
151.5170206003504	1.0222918002971657	97.52988346965016
149.61775301089827	1.054194622224316	100.57351397123834
150.05006725007516	1.070487437278216	102.12790025618901
149.5893107961708	1.0157464943232255	96.90544049874299
149.3231570750397	1.0134343273082274	96.68485242450667
152.16809028950206	1.0306657854062555	98.32878823600817
149.53322581542815	1.054589740397947	100.61120949948163
152.3766209522765	1.0621011356263284	101.32782045254373
152.80126559298986	1.0297833802783667	98.2446039852189
150.24411590364014	1.0302278494725519	98.28700775750988
150.6052020411302	1.0502110193205623	100.193465606496
150.9442044062576	1.034010371235257	98.64787234297444
149.4561803505195	1.0234223705529248	97.63774346154912
152.66083585889683	1.032549381261007	98.50848926086664
152.71762799653644	1.0254594710734368	97.83208931889021
151.75926435557713	1.0690564279395467	101.99137742190253
151.94842145026865	1.0293639343506333	98.20458751199496
149.22026992921752	1.0322473955917804	98.47967886923422
152.24651809376692	1.0534000862917914	100.4977127206668
150.1709696257947	1.0284268442693065	98.11518614302595
150.05533489012052	1.016056690050388	96.935034155969
149.25770215257842	1.029453784615229	98.21315951250712
151.20582438521976	1.0199083320561293	97.30249303207223
151.7235590905979	1.021876169780145	97.49023099872193
150.24567105353543	1.0211738391310443	97.42322642493579
149.95561127618024	1.038159177634011	99.04368164565201
152.2599124955174	1.030872079110826	98.34846931039556
149.98989791151538	1.0262318724330874	97.9057788609335
149.48030038217107	1.014103140282665	96.74865930571313
152.39334542186364	1.025920602921863	97.8760827612988
149.49517895440027	1.0215402174789205	97.45818008255468
152.23340820017765	1.0536950197915145	100.52585031293833
151.07464532456166	1.0254945217431883	97.83543326406848
149.80279022843254	1.0185182012334881	97.16987013800191
149.36070269699968	1.0185699584682248	97.17480794252222
151.37293005163772	1.0289136494779572	98.16162890551148
151.89936942206185	1.0244495542457723	97.73574004709957
151.60305813439606	1.0288842810256937	98.15882706192228
149.41306531791537	1.0265159702659714	97.93288269618593
150.12257458652635	1.028244551760754	98.09779485894113
149.38812128840647	1.0217563720218472	97.47880191222889
150.16354177326505	1.0160869612173637	96.93792212140781
150.58336171483134	1.0364040553397365	98.87623740635964
150.83385497063009	1.0181499855864242	97.13474119620722
149.10382889996387	1.0577866896222459	100.91620860562101
152.41895858289342	1.025624723306525	97.84785490659372
152.87074356833347	1.025777773863004	97.86245641560909
151.0668370443262	1.048531847130086	100.03326724824348
150.84724222753135	1.033358564324435	98.58568789423023
150.4108273816151	1.0254611713825283	97.83225153377592
150.49295793664618	1.019621699177109	97.27514734536976
150.12959547769105	1.0161010052170574	96.9392619635675
152.2787010969755	1.0234991549078838	97.6450689327984
151.25187340686125	1.0279432117198553	98.06904606230106
149.79158902007785	1.059799089395171	101.10819793321876
150.207061865345	1.031198845877505	98.3796438974036
152.37146550850338	1.0344858751657673	98.69323692764443
151.281525206189	1.0370519415864743	98.93804781130228
150.38222046758727	1.0184155800734793	97.16007975352042
152.42593706412606	1.07201565529839	102.27369710732336
149.68880851421105	1.061016171492565	101.22431142948012
149.96108220047734	1.01867167631869	97.1845121484053
149.2032433809387	1.0250257543067944	97.7907113623252
151.49866505194578	1.0306898093359964	98.33108019518012
150.44929070186006	1.0170956577469459	97.034154972887
151.25897478682165	1.0600286988959229	101.13010340858825
150.5056908428326	1.06642179896013	101.74002545246134
150.424552139306	1.055050311966289	100.65514948939133
152.30373163195387	1.0237328528641703	97.66736445980654
151.68698787064872	1.039344005168297	99.15671795418636
149.4645679743082	1.0544760193294977	100.60036014849332
150.75588569694315	1.0237483898457902	97.66884673718215
152.0231085540187	1.0227921308263621	97.57761659065793
151.5292541042283	1.0501083872407564	100.18367418023121
148.91619001804239	1.0688324999588192	101.97001398158189
150.2965776164875	1.066934959965908	101.78898264167105
150.42953433096412	1.0334423165879962	98.5936781260829
150.69226504815592	1.0571724539265976	100.85760857009099
151.98043480765398	1.0306812168832602	98.33026044790851
149.24625311892308	1.0175865150645462	97.08098431943156
149.77653780406717	1.0532533538170967	100.48371397671323
151.78605245420906	1.0309552670183213	98.35640570088773
152.74766845870593	1.0253499600037839	97.82164161515357
150.42199214329463	1.0576604602166704	100.90416591955756
149.7347855144735	1.0146098886855106	96.79700471224344
150.04808355157485	1.0309099956702472	98.35208667054737
150.36981213650554	1.053887893882937	100.54425111362487
150.50702267750344	1.0172216236949216	97.04617252425896
151.02642853628183	1.0188433450274688	97.20088988826168
149.38868464100412	1.0229510819393806	97.5927810315011
149.9313236373901	1.0598679541567466	101.11476785011499
149.43997554877203	1.0671651240254842	101.8109410237131
151.50367524212317	1.0578106600059207	100.91849545632827
150.94826907329605	1.0517274332616249	100.33813631100581
149.62058910285702	1.018115037899535	97.13140707592096
150.0386591917591	1.026199865360986	97.90272528463431
152.60056039751322	1.0261189270700308	97.89500351470248
151.2333179735065	1.0655745989531822	101.65919988198421
149.38616304030128	1.016129036262078	96.94193621425954
149.76531827476416	1.014749128343896	96.81028861773181
149.4539493779244	1.0200784164639938	97.31871962459131
151.90241474131855	1.0536782956179889	100.52425477368564
152.5261464056106	1.025358637672115	97.82246949226351
150.7275166903779	1.0178195410558453	97.10321573884642
149.2851982154977	1.013331626263165	96.67505441873746
150.58017732143526	1.0341397270003245	98.66021329365944
151.5846229506984	1.0235945000826525	97.65416516518712
150.20574222655148	1.0174192261117514	97.06502442220153
150.99717015833406	1.0206489643400916	97.37315170342977
150.3394054485459	1.0384479182254496	99.07122841481105
151.16656918349267	1.0485838730071628	100.03823068209594
149.87707139288128	1.0280770943543933	98.0818188907061
149.44862789305748	1.0308720137076022	98.34846307072036
151.88594462794862	1.0339461477728291	98.64174522075278
149.8003460075315	1.0394749440516644	99.16920993938349
150.16950039789393	1.0159615733984675	96.92595972538554
152.42953759363343	1.0593735356521576	101.06759875502512
149.99477353698947	1.0160155448629453	96.93110877445321
149.82808485772483	1.0266314191230241	97.94389688369264
151.56024619226204	1.030483059807427	98.31135563373601
150.14760707421212	1.0277581305450156	98.0513887305986
149.209994272036	1.021073619692545	97.41366517231165
152.8048671123286	1.033240110607987	98.57438703359693
151.68189036335986	1.0326616224703504	98.51919742859779
150.0879445589578	1.0294779541227919	98.21546536026551
150.90826382805284	1.0262073637575084	97.90344065546954
149.2156788637232	1.0290087742452654	98.17070411032869
152.03548683348092	1.024886944128627	97.77746843061318
150.52742323655283	1.0216077123429073	97.46461930687157
150.63159708096688	1.0215590758098179	97.45997922719647
151.70431705056413	1.0652443113944465	101.62768940023567
149.58271326534333	1.0617871489943382	101.29786513096127
152.42099441986184	1.024182806950511	97.71029150822338
149.38989185666773	1.0399363835168853	99.21323272941098
152.03727846052283	1.0567740087362736	100.81959563389209
151.33644147773302	1.027817411111718	98.05704428487459
149.7022632838786	1.015491673694889	96.88112980175794
149.67053005756102	1.015342237518671	96.86687311609495
152.05875706916422	1.03083906175125	98.34531934946368
150.7111914203165	1.0181942584426322	97.13896496725339
150.87434230163882	1.0372955508432362	98.96128890784364
149.61568686609897	1.0143631107819888	96.77346131674092
150.2964811276168	1.04913526866073	100.09083557809771
151.73470623001674	1.027207663023919	97.9988723813813
152.43958890578085	1.0693971596725553	102.02388431103641
149.91787149529114	1.0155813895009906	96.88968897450287
150.28653051910447	1.0235514675878408	97.65005972855622
151.1234872407617	1.0302476590643	98.28889765545703
151.54619414166044	1.0390118047421346	99.12502497881206
150.194472474229	1.0702214507449304	102.10252429642067
152.3719810129979	1.0716691865971404	102.24064289320472
150.4545537097255	1.0480563152179692	99.98789999403937
149.65680409278647	1.01621246030663	96.94989513297665
150.45653448356836	1.0393860429115063	99.1607284883561
149.34285564889842	1.0198206803597007	97.29413078194354
152.4070561338921	1.0239477836879045	97.68786954278454
152.07357070540024	1.042999581243535	99.50547151802085
151.37080596569731	1.0364850012564362	98.8839599038117
150.88982435197568	1.0205585026837696	97.36452137420578
150.77689212543143	1.06367199336086	101.47768526780659
151.0924011506697	1.0532013994558957	100.47875736570238
149.5264507103961	1.0249082294347018	97.77949911639243
149.32295626463548	1.060353806222763	101.16111967976704
149.29296850639093	1.0187058931322535	97.1877765410558
149.62462757087076	1.0174134514737343	97.06447350340052
152.7038628268659	1.0342705766079696	98.67269676166923
151.96209168017796	1.0575994239248738	100.89834286353324
152.2207729574785	1.072938523779839	102.36174169051122
149.69345074643684	1.0275479686155071	98.0313386152707
151.66961084265265	1.0684427336795497	101.93282904105264
149.80292602373612	1.0609244371581807	101.2155596827283
151.86086502761455	1.0284049835697957	98.11310056288607
150.8657693467527	1.049685557843077	100.14333491323207
152.38615349303203	1.0458902435341109	99.78124987823857
149.96423419044416	1.0190696243665438	97.22247765563414
151.83263700761916	1.0405475677236715	99.27154164321526
152.38650715409824	1.064518375465354	101.55843280779283
149.9408265631027	1.0266678658999169	97.94737402192476
151.62038342147687	1.0301073631314541	98.27551297803153
152.09209791798725	1.0540644814701283	100.56109813009897
151.40198321237523	1.0281467383868121	98.0884631525149
152.38305913669663	1.0266163728066062	97.94246141733512
149.10771320517088	1.0479477674967381	99.97754419680075
150.64501170004385	1.0222996864708522	97.53063583565803
150.4666341532588	1.0221897353037006	97.52014614522274
152.31127131368618	1.035536631829811	98.7934824494899
149.32851245688914	1.0277834003609323	98.05379955126736
152.1168428191859	1.0300426717575553	98.26934121556995
149.69564351135054	1.033157944917091	98.56654816581383
150.34434702240412	1.018843587554995	97.20091302615769
150.6642030588369	1.0265482907128092	97.93596616942993
150.08750626400646	1.0486649017836445	100.0459610846343
152.40682019760416	1.0635719170789815	101.46813767277858
149.2437954846892	1.042003936503619	99.41048384871455
150.05989173483917	1.0279456118420007	98.06927504157399
149.70371195671243	1.0186582628502805	97.18323246093199
150.02854023201598	1.0268675410345185	97.96642366372353
149.90061113032124	1.0153878277798414	96.87122257175723
150.853902899412	1.0183868166954635	97.15733563593555
149.85051560300772	1.038349291470188	99.06181910922444
150.0858353179648	1.0700690648253541	102.08798619587604
150.93524709346858	1.0463088507805973	99.8211863386088
151.15786030469397	1.0294296136404746	98.21085352477401
151.0647758665747	1.0275536391671383	98.0318796039
152.65066497641686	1.0258331058828398	97.8677352659776
151.51365508261577	1.0260092619315284	97.88454111230844
152.44028273330767	1.0266009993988081	97.94099474542146
151.6201966129516	1.0580182450609619	100.93829972965055
152.05281031790975	1.0517966651543071	100.34474125337522
151.2653389867714	1.0673954190786568	101.83291190296013
150.09088950429506	1.0438411820223072	99.58576290435278
150.8165509598425	1.0185722268857198	97.17502435675335
151.25606302694692	1.0439560763139986	99.59672418456331
151.56592617324534	1.0219630668920112	97.4985212590876
150.95106822888067	1.0349483008662013	98.73735380764248
150.4998230980727	1.0170784393197276	97.0325122802628
151.69273437547247	1.067271541175736	101.82109355771584
151.33956007987385	1.0519425176714405	100.3586560465836
152.05053686751313	1.0497574523552833	100.15019387795775
149.50778917101803	1.0278893953018364	98.06391180515782
151.4916807618198	1.0466312449657078	99.85194376745248
150.86931891628234	1.0523598448174183	100.39847038130105
150.09076622223657	1.066902069103935	101.78584474901213
150.59187351217057	1.0362524818750316	98.86177681658923
150.3535419983338	1.0361766554647256	98.85454273630125
149.99211029118626	1.0256061607809008	97.84608398271418
149.70914165290984	1.0242092955635576	97.71281860600793
152.26204030329632	1.0303693546298824	98.30050779879045
152.36743015092154	1.0356079828853304	98.80028956672221
151.94792763517827	1.022237373359421	97.52469096698671
151.5427681264988	1.0225152949919039	97.55120557311177
151.2731255206794	1.027097243945171	97.98833805069414
150.495676089351	1.021319502548328	97.43712317741816
151.6557536600196	1.045384608721118	99.7330107117158
150.74453508524343	1.0526972851818375	100.4306632634216
151.96983747164197	1.0338426242469907	98.63186874770619
152.29579716625454	1.028833848415314	98.15401563077124
150.48667654725372	1.039568271755433	99.17811369863347
150.13767409831968	1.015916060156856	96.92161761763371
151.95803791283134	1.0498001084024169	100.15426340028493
151.98617838726474	1.0326406182829246	98.51719356243022
151.05400627643738	1.0296916400982772	98.23585168076825
152.02120129043234	1.0402901525965003	99.24698342280398
149.26785854039258	1.0169239430828958	97.0177728487518
150.22121007932253	1.0197777034331637	97.29003064670249
151.04865812871006	1.0644644276631554	101.55328601618173
150.17558370321936	1.0677186974127928	101.86375368242797
151.1172647488182	1.037074765301101	98.94022526614175
152.16839750964735	1.048218675001708	100.00338963289161
152.3755014091456	1.0291845093756813	98.1874697997199
149.52927911749984	1.0162182730800866	96.95044969001964
149.91281642608908	1.035455282784589	98.7857214922969
151.55440951721803	1.0238792101550398	97.68132741003197
151.24379398780584	1.020728310075356	97.38072153849241
151.4447349138279	1.032124829298688	98.46798565573184
151.60246930242425	1.0346255845409136	98.70656564560312
150.5132525060555	1.0185028714535027	97.16840762832008
151.2714202751764	1.0589514430949634	101.02732978494768
152.30180659706258	1.0388736564141214	99.1118451897061
149.17102825613148	1.0447644443263449	99.67384505946596
150.78910791619612	1.0471492274804157	99.90136094392216
152.2975014305485	1.06157848263708	101.2779576979744
151.7133816542757	1.0402375981381828	99.24196956062293
151.4351342422215	1.0479185672197546	99.97475839766724
151.05990580816788	1.0659717753306048	101.69709176940388
150.47582217884795	1.0418450356551208	99.39532420326618
151.8506999462194	1.0440304130148286	99.60381614183751
152.52820437000707	1.052076419952797	100.37143074935754
151.44300600327426	1.0427891149090223	99.48539236148908
149.01672052833214	1.067487997654357	101.84174419301391
152.53347577619002	1.0380467267607385	99.03295347531635
151.6481298231624	1.062238411001562	101.34091695918292
150.00227274990092	1.015598683826488	96.8913389080639
149.744408729039	1.0155070402416095	96.88259581910305
152.23707370384918	1.0350779773200007	98.74972535305069
152.13450507057485	1.036522335606679	98.88752171935943
149.43742326121966	1.042830750185142	99.48936449902065
152.18540189040306	1.0506193132709916	100.23241814567822
151.71761944187432	1.0215156096326776	97.45583241589452
152.64523895993716	1.0251293655993843	97.80059620859852
150.4099697765044	1.0174734156719951	97.07019427829772
149.79830929362757	1.033482497827507	98.5975115439055
151.46307298217636	1.0205873288304734	97.3672714801228
152.18390886818028	1.0378484493069946	99.01403717670897
150.8180217870472	1.0489166070037907	100.06997456178674
152.64562543784322	1.031654600119593	98.42312429909391
152.45459097954955	1.0316785221265319	98.42540653450696
149.3114049696571	1.0142462516978814	96.76231258909577
151.42061027155953	1.0270609255334433	97.98487315890631
150.0813707464807	1.046925709896335	99.88003665674456
149.62780195851735	1.017707591134957	97.0925353609587
152.05027455725406	1.0416472156295233	99.37645154475629
149.62826125647413	1.0162420518648	96.95271826157766
150.96805130033334	1.0192135462342087	97.2362082587535
150.9970433743335	1.0189036252806218	97.20664081579903
151.69506784829602	1.0413306302145942	99.34624829103043
151.03015118883047	1.0275847655495236	98.03484915960416
150.99972003289488	1.022623167408685	97.56149694416179
150.67901205357265	1.0187627622665605	97.19320203702512
149.62488421233934	1.0523811954374556	100.40050729823969
152.56390825353355	1.0476492634434167	99.94906596237963
149.32812416332908	1.01346500421237	96.68777909855939
150.69357669400208	1.0177470075204726	97.09629580928181
149.45243078801343	1.0536333775635722	100.51996944868189
150.5206632607084	1.017853244508182	97.106431155206
150.4038150482446	1.0582593479754996	100.96130171318617
150.29799741423128	1.025234887053752	97.81066329037012
149.27658743506916	1.014019615836573	96.74069080837035
150.80244845812123	1.0660004904459122	101.69983128257316
150.37565645205746	1.0588039617025278	101.01325959186386
150.10368595055792	1.025588413946542	97.84439087837112
151.48994924386463	1.0466330752030906	99.8521183779097
151.92532235949673	1.0298110258093327	98.24724145664614
151.73359566138848	1.0544780324813432	100.60055220957102
151.67400096630953	1.0424803065675703	99.45593106526475
152.0764584561508	1.070502793438807	102.12936528266438
151.78756945974888	1.0223494517583767	97.53538360208995
151.04561051151146	1.0448434988061872	99.68138710783663
150.16383006893622	1.0571786860865593	100.8582031379381
150.53072739320382	1.04543267128759	99.7375960331533
152.64837552229287	1.027419503574873	98.01908264252464
149.0714413479854	1.049139670284284	100.09125550695967
151.06645585750948	1.0712312695319899	102.1988642148263
150.3010026264818	1.0507271206484385	100.24270331176926
150.97365334072578	1.0679383415774226	101.88470843309202
151.86736839369493	1.031527312904081	98.41098069460404
149.2761729959116	1.0141888031417292	96.75683181444279
149.4900258676571	1.0164767043267882	96.97510485146022
152.2609396943052	1.071561123225805	102.23033330448396
149.3334803280966	1.0232367833689882	97.62003785497228
151.55581480793225	1.0422568593564805	99.43461349189393
151.80154387990197	1.0227584834087933	97.57440652019311
152.79545328142424	1.032254762227651	98.48038166968496
149.69238148722857	1.0147141852042778	96.80695493126964
151.0685877389971	1.0191915890188705	97.23411347069728
149.8582271136912	1.0361969489806273	98.8564788021491
149.61223007137812	1.0180829300119552	97.12834388150503
149.689715255364	1.0278087400307292	98.05621703621806
150.1291840560374	1.0299424860012603	98.25978317633503
149.56717572844641	1.0195697497039133	97.27019120069014
149.6203730112325	1.0165600106222987	96.98305253654493
151.67302213058818	1.0307566615607635	98.33745810967513
149.43317883035888	1.034982705048839	98.74063607589754
151.98463696599597	1.0538150872268781	100.53730512747964
152.8777393634797	1.0270081609854755	97.97983925350559
149.54267013258536	1.0167833151909815	97.00435650137722
151.57116243040008	1.0214548154128213	97.45003245430186
149.9474406795625	1.021354745244183	97.44048544249637
150.25756419883433	1.0520385137148895	100.3678143739109
152.72676362329096	1.0252271172484648	97.80992202627701
149.5780863214853	1.0309861935791804	98.35935619298387
149.2227525649243	1.0506849065100177	100.23867594893629
152.86457307298772	1.0258596373277287	97.8702664500559
150.55350470611327	1.0366257088344417	98.8973838534924
151.16784385525412	1.0200279407794477	97.31390408402805
151.13170563632164	1.0331437955311946	98.56519826947579
151.08136791832976	1.0672068185844101	101.8149188170126
151.7079627473364	1.0457264422713115	99.76562271770734
150.1570077496223	1.025526914711818	97.83852365612168
151.27936466631826	1.0202056137722362	97.33085465164224
149.23340592342055	1.060384926972405	101.16408869808959
151.2992557789325	1.0570178610799321	100.84285992169517
150.94330434257455	1.024646278150965	97.75450813224275
152.48188275870456	1.0375029698192486	98.98107733669926
152.70669280366096	1.0393180062614547	99.15423757592848
151.21300047750404	1.0496104534540798	100.13616971606935
150.51513972836793	1.0172533581363656	97.04920009072785
151.515488170502	1.0230306715977588	97.60037413760324
149.31600895517428	1.0358821688030289	98.82644777379613
149.6813389837242	1.0693684668915382	102.02114692862935
149.163925280166	1.0473249230018833	99.91812285449396
149.1456881822437	1.033364896646237	98.58629201783492
150.34498202750547	1.061427704776712	101.26357301138373
152.13834859501347	1.0233378811255605	97.6296829019292
149.56372391642546	1.053199466572541	100.47857296249354
151.81472930520255	1.0532160654032559	100.48015654364411
149.1304425532289	1.0347941243405387	98.72264487759213
149.0614892469045	1.059849491492361	101.11300645331464
152.62186641297905	1.0342697856031284	98.67262129729598
152.23040281949207	1.0487298007773425	100.05215265468387
152.1302529178498	1.0245985449474	97.7499542330723
149.29880073357708	1.055715438258808	100.71860464943775
151.87642326247126	1.0246130248305494	97.7513356598976
150.82397582604582	1.0289811162770974	98.1680654523529
152.4593323737799	1.0430562937956238	99.51088207554942
149.32709319850937	1.0248999585699847	97.77871004963886
149.2930353840643	1.0150950742385199	96.84329295443845
151.12542494865684	1.0658503378458997	101.68550624780556
150.59888491246517	1.0289064623218478	98.1609432279998
150.46293473264637	1.0171357525134868	97.03798014091369
149.2572612201021	1.0265548941749338	97.93659616068224
150.125316943885	1.0186068275140225	97.17832536654856
151.17319803929144	1.0201599014122904	97.32649354736914
152.23984512033937	1.0310393754234366	98.36442990977538
151.49387033981841	1.0290066040342276	98.17049706530538
149.3706217801953	1.0137419783689103	96.71420331247134
150.63055256296454	1.0306092981995965	98.32339917714906
152.4504557981539	1.0431926369391984	99.52388964432855
150.27829117145552	1.0201071555171262	97.3214614215051
150.67074216098882	1.052513875211685	100.4131653699523
152.04151760815444	1.0560842726649622	100.75379262281417
151.08059107508984	1.0605375389957226	101.17864836964901
149.52317813543658	1.069098698470324	101.99541016474534
151.88742309639704	1.0601533885340992	101.14199919595316
150.75795496037748	1.0651394311621307	101.61768349308365
149.2083397799975	1.0632413052819931	101.43659625767128
151.96502700200003	1.0274056356724808	98.01775960060657
152.30286461625735	1.0262384637091455	97.90640768959639
151.73966822048075	1.0310883944871057	98.3691064840823
151.68798155061202	1.0288449127064079	98.15507119927013
152.27520670419534	1.0350047120747596	98.74273561604149
149.64380003635918	1.0198336223685562	97.29536549067855
151.04568105489315	1.0326206831091775	98.51529168356164
152.63584612329865	1.0290905218801911	98.17850309424492
149.51701093565492	1.0173978112328201	97.06298137476038
150.93059366025926	1.0248060994503916	97.76975559163203
150.95911541423627	1.0231248655808205	97.60936054264813
152.3898818800156	1.0381543253422039	99.04321872160784
150.930748295154	1.0376359775920216	98.9937667005143
149.55389628076156	1.0160041499967138	96.93002166803664
151.04077161022644	1.0575704234913454	100.89557613009983
151.16321279425222	1.022266418466415	97.5274619624106
151.32972116247538	1.041283543563157	99.34175607498575
149.40855551589368	1.0601677706618493	101.143371296603
151.26462863268125	1.0401294206628389	99.23164908601747
152.03111745391695	1.060106655694578	101.1375407346886
149.64901727471673	1.0145801396289456	96.79416655779548
151.3017306091061	1.0213521817417086	97.44024087622134
150.14019821673983	1.0160962370528248	96.93880706556105
149.669786142053	1.0156845444637406	96.89953028546067
151.234581156062	1.0212804756696041	97.43339988927966
151.70521042256033	1.021313397648812	97.4365407506216
149.2796490935064	1.0238587464377389	97.67937510643027
151.413843295908	1.0632918530180688	101.44141867217924
151.25798049701652	1.0418688510686427	99.39759626932883
150.06011069817623	1.0410029800588534	99.3149894259012
149.85206592194243	1.0279179098685458	98.06663218535411
149.86004984825988	1.0322540082869391	98.48030974134733
151.19364578964348	1.058244606382843	100.95989531844297
150.19089994607018	1.0164551829567068	96.97305164442528
152.22918609196637	1.0736861566836136	102.43306824322545
151.76843177953555	1.053704663980883	100.52677039922386
151.0279372859932	1.0197313662336414	97.28560993074994
149.27212245292856	1.0233739886566795	97.63312767503741
152.41381059854476	1.039024524602363	99.12623849386272
151.38062929039378	1.020056826024978	97.31665982816075
149.86882485640558	1.0153264271259053	96.86536475442796
152.1307935364547	1.0266415264024535	97.94486115024027
149.21268966464012	1.0576818433920168	100.90620594237603
150.30367722209238	1.0510951575807366	100.27781520360789
150.08452053472055	1.0654357124586664	101.64594966945029
151.78962114824483	1.026770111833717	97.95712860863462
152.35213312257804	1.03818910067488	99.04653639875494
151.4556106734895	1.0299992389973005	98.26519759234496
152.6025641447449	1.0303531003296407	98.29895708694087
150.70021946677952	1.0390948567616065	99.13294840515535
151.67749911809432	1.0387490299407862	99.0999554284676
150.54654481382798	1.0689468215148483	101.98092062099182
149.9033215171965	1.0306931347411268	98.33139744938755
151.227612994318	1.029431478931739	98.21103147948283
149.44059349997406	1.047753445323754	99.95900524453567
152.83785421587993	1.0257085592636639	97.85585312307943
149.2576353442607	1.022738534303873	97.57250331224641
151.99631590122073	1.0685829196538112	101.94620322808012
152.57363424324063	1.0268229874075903	97.96217310625921
149.446048080576	1.0623803827786324	101.35446151746818
151.95094874665466	1.033580957367792	98.60690489665242
149.52327240270017	1.0165317128291607	96.98035283723559
149.85239231407945	1.0159010401423394	96.92018466056109
150.2447764892651	1.0550597515889288	100.65605005936148
151.34386112746427	1.0199812868948361	97.30945315531254
149.45132884511486	1.0148613560940898	96.82099550141733
151.49784918308853	1.0420736601846707	99.4171357092558
152.5671548384956	1.0246713601193715	97.75690103166262
151.91024695474874	1.047041095674372	99.89104482631292
149.46783487176003	1.0423282978509814	99.44142895108268
152.6265156810557	1.0323283474310683	98.48740193172
149.06566107164457	1.0554696396107695	100.69515467801742
150.13696079560583	1.0276002544579397	98.03632685064349
150.31684659427847	1.026322950120469	97.91446796147643
149.73920371690352	1.0149714943788395	96.83150304346557
149.28678957640759	1.0687284148298062	101.96008392980936
151.31723830094367	1.065991961043053	101.69901755046001
149.0849590346121	1.0455745330420694	99.75113009493404
149.96791871473175	1.0164902073651414	96.97639308419055
151.01258522945548	1.0604649461701658	101.1717227836126
151.77908963678328	1.024510314140934	97.74153673400738
151.00724406047522	1.022223699871164	97.52338647279443
149.82796254962827	1.049832576146598	100.15736092616316
150.01476155140026	1.0247474007504611	97.76415554929346
150.69622805640427	1.01809827841381	97.12980816777234
149.43613375756433	1.0494703813601791	100.12280639358988
151.9950067069222	1.0436944825392642	99.57176730790752
149.60592503760716	1.0669050381802632	101.78612800832049
149.62866652459465	1.0152868467982932	96.86158866550836
150.0055652911628	1.0154567405414898	96.8777970680128
151.0029182312765	1.0189694449629445	97.21292022246655
152.31300585493366	1.051022035334135	100.27083910912292
149.57238108313572	1.0643168397773535	101.53920566329265
150.4065119207052	1.021564139481927	97.46046231759257
151.96248400882462	1.0490931123913587	100.0868137361558
150.20769421108005	1.0217050639932896	97.47390696340427
150.87769634251993	1.072001630391373	102.27235908666563
149.4031338107097	1.0320218672670038	98.45816275101029
150.00387116260598	1.046063702364748	99.7977984014038
149.8827880145965	1.0445509319861204	99.65347530431838
151.35709553915942	1.0438096783163624	99.58275735078307
150.86290753054686	1.0497400869331897	100.14853716155574
150.83295801453235	1.0211632128291472	97.4222126419969
151.7472858544155	1.0222088190350607	97.5219667937843
149.88865537976096	1.0201617615117964	97.32667100676773
150.513058239411	1.0173468757218112	97.05812196529263
150.99216961750167	1.0653313580009312	101.63599392286255
149.94514945479654	1.0462424466560376	99.8148511742963
149.34672707196046	1.017652769132756	97.08730516789186
151.56985686987258	1.057589124578333	100.89736027317338
150.27250557916875	1.0364149187424287	98.8772738094672
152.47521635697169	1.0292304357380804	98.19185132050652
149.43562334261028	1.0631004450039927	101.42315773992627
150.4363307179287	1.0598700047148002	101.11496347986369
152.0765167973797	1.0239043162021695	97.6837226066385
151.5369920613812	1.0442624235999936	99.62595068828334
152.51451195671314	1.0277425963650104	98.04990672050592
150.0098556500302	1.033026986282325	98.55405429627056
150.7058026901717	1.023224137709884	97.61883141894445
149.2206569949435	1.04587381225833	99.77968228236065
152.6355340706222	1.02483998501182	97.77298838177714
150.2768860049649	1.033134064487045	98.56426989696836
151.66857457662013	1.0565789127941243	100.80098286159196
149.50087113685476	1.0162180815487805	96.95043141732492
149.78796470727752	1.0290510241416877	98.17473488458852
149.6205620913279	1.0464530619985857	99.83494454666771
152.21536575203905	1.0429379678356394	99.49959340328837
151.14168091641315	1.0216246481338418	97.46623503509694
149.63043625270632	1.020345801887481	97.34422904292629
152.763588129886	1.0268525932045989	97.96499759329065
152.44177377884867	1.0435977708327864	99.5625407040551
150.8886731160408	1.0307846758509267	98.34013076190055
151.6001428075263	1.0395733629494126	99.17859941470337
150.08452053472055	1.0252124955461308	97.80852706945123
151.6725327243605	1.0740936430546004	102.47194373676483
150.8245502743002	1.0671411028249003	101.80864932491139
149.0016646795265	1.0534017068474362	100.4978673268205
