155.75198945719413	1.0747715642068016	102.5366195670479
153.85536443255532	1.066470659140095	101.74468686875842
153.9417738756908	1.042689169739461	99.47585727499239
154.86835255683005	1.0381995367527626	99.04753203371892
155.21569522429468	1.0545173808611061	100.60430616992939
155.82061757998937	1.072623225380247	102.33166122213474
154.89870110326373	1.0360979897370342	98.84703777612006
155.37795249085983	1.0758987565292593	102.64415729338516
154.39841067192006	1.0667457759416912	101.7709338851117
154.51348666262038	1.0388197673166744	99.10670399871466
155.42604697819974	1.0669445844101748	101.78990084421122
153.93922404626946	1.0308167350189448	98.34318930831559
155.61491376393693	1.0407428901079738	99.29017601881573
154.874496736911	1.069572078405396	102.04057211350695
154.82934886262646	1.036448107918895	98.88044016227592
153.24491218194822	1.0405446054507654	99.27125903297497
156.3012990292187	1.0420639197872457	99.4162064444162
153.86970619895342	1.0301753631903867	98.28200039955021
152.9242956384678	1.0393699157789904	99.15918990871131
153.92622973964146	1.0304190840555778	98.30525214389004
153.44279872872332	1.0437829112190475	99.58020368471516
153.7427450465094	1.048644189242863	100.04398504248255
155.46266515006116	1.0483193147022456	100.0129909798485
155.01424616696843	1.0760473163917466	102.65833037593598
154.9896787235137	1.0352433193856665	98.76549951106735
154.9793412896267	1.0352566978950133	98.76677586333507
155.69943871176022	1.0459087028958196	99.78301095995307
155.1561452043559	1.0426114006274878	99.46843785479743
154.08126431765493	1.056687156047634	100.81130961164328
153.79486841108357	1.0323793366898208	98.49226646889315
153.0435200408754	1.0486793080015175	100.04733548355834
153.5468405070939	1.0456257383876977	99.75601524748117
155.80868070654424	1.0551542848808642	100.6650688355502
154.85256427433214	1.0395073588607366	99.17230241508427
155.60100457209867	1.0383716121860171	99.06394857638162
153.0435049736293	1.0531126707901817	100.47029236928451
153.02369828137495	1.0500829363626487	100.18124608565456
156.1682003236816	1.0412597112589992	99.3394823975028
153.50057334631242	1.0393523613544644	99.15751516087718
155.1655269641405	1.0361367628161258	98.85073685096783
155.4619908338576	1.0809384692577435	103.12496188849852
154.9985818116316	1.0439041704842102	99.5917722036033
156.21847260662713	1.0473806343651006	99.92343789542547
154.73959954951383	1.0380087737308694	99.02933263576801
155.86845398447755	1.0396908691169473	99.18980987616192
153.32615223462767	1.055161298372108	100.66573794488232
154.79429859438153	1.0565954608249064	100.80256159626768
155.164226002026	1.0370690774076523	98.93968262304799
154.17870854948399	1.0405802120113414	99.27465601190283
153.05054222553164	1.0519478647790461	100.35916617762597
153.98651138608227	1.0602399413674102	101.1502566110516
153.06836145853487	1.0412182897896296	99.33553065781403
153.968778997019	1.0792413425756693	102.963050614743
154.79574207349077	1.0350972612450917	98.75156510072978
155.560146997862	1.073061014706402	102.3734277138074
155.8402854883966	1.06540036590523	101.64257749602905
153.22099551413135	1.0460438594954664	99.79590532867427
153.5424556971898	1.0776026756023855	102.80671658281251
153.81479746069317	1.052334224991965	100.39602616861123
155.38752825791974	1.0490398596708783	100.08173325754746
153.7064869649316	1.0531433982109193	100.47322386278078
155.22042069120928	1.0398007591602343	99.20029373518646
152.6673357513751	1.0729206663683108	102.36003803675513
154.1246611043533	1.045217544703038	99.71707227397174
155.686048129093	1.0387108026533007	99.0963084238719
153.79735877193542	1.0355741786511494	98.79706453545472
153.8466389150835	1.0788848081768962	102.92903610112256
153.40762222947095	1.0368581013591907	98.91955483818717
154.4077539449008	1.0468153473282806	99.869507717357
154.8903783913989	1.0645316341601228	101.5596977293694
155.5363031345826	1.0649038850001755	101.59521164138677
154.43972852902922	1.0353765046904821	98.77820581200291
152.91698868413832	1.069280423455371	102.01274730528584
154.66399793858042	1.050700287039506	100.24014330028183
155.37195301920625	1.0841183915129735	103.428336567729
154.06731353218697	1.0309260548122383	98.35361876368023
154.62028364167077	1.078116296583716	102.85571765515034
155.13997474226457	1.061132474025295	101.23540706035683
155.51066850710035	1.0553179426287513	100.68068230430315
152.7614689900815	1.072216890952222	102.29289562761127
153.4249760695704	1.0312942268986065	98.38874354964628
153.518397237012	1.0294805404080583	98.21571210009124
155.3848880144808	1.0787622075744603	102.91733961439988
154.00514328462495	1.036231882821897	98.8598116015193
155.7096646901734	1.0459440924544523	99.78638723620655
153.68996252376976	1.0331420266438047	98.56502951200267
155.10745237966415	1.0485300360155045	100.03309446216221
155.86212298242106	1.0482229329252148	100.00379585231283
155.17082904490772	1.040746408628977	99.29051169689056
154.87158531416992	1.0639725772664639	101.50636192673889
154.70452164862417	1.045211806782338	99.71652485811936
154.97661222784612	1.0491066190378848	100.08810231311728
155.12357057174128	1.0696840439479645	102.05125398175254
156.09514441487678	1.0425050397561624	99.45829068998296
155.81378154195085	1.041887768155552	99.39940101948072
153.50294616059193	1.0341920317870623	98.66520333637911
154.01182949404512	1.0429414883411487	99.49992927069137
154.2130873629028	1.0437853937745025	99.58044052838754
154.92705310718685	1.0493598022686703	100.11225679717731
154.92210545705674	1.0568341527487835	100.82533356363955
154.0947530763398	1.04122850225056	99.33650495901081
155.82580417675956	1.0400983254131335	99.22868250046986
155.0405357296602	1.0354902485229747	98.78905733475324
153.18250045125868	1.0510794370422925	100.27631541432847
152.89468898491296	1.0668800257055655	101.78374173882108
154.23316009221986	1.049499762849146	100.12560948092197
155.8008480581248	1.0459069910989052	99.78284764909256
156.0675836932884	1.0409792483741884	99.31272534783736
155.16534807806497	1.0386276293004615	99.08837342194013
154.59882702331757	1.0485118159129987	100.0313562065353
154.54442505847499	1.034672415754673	98.71103349208235
153.01224214804878	1.0288890672208846	98.15928368013941
155.5376886166868	1.0408605499665502	99.30140114288761
154.6874550111107	1.045097440285652	99.70561393122806
153.90016602426667	1.0324919371701913	98.50300891222093
155.91502398140776	1.0672331014880039	101.81742628946225
155.99359047108067	1.0441929686189746	99.6193244625783
153.1679853041399	1.032508093214451	98.50455025013788
153.61124921473663	1.0698063095521377	102.06291850857737
153.21206785538257	1.0768640817647717	102.73625238570857
154.01993613683692	1.0539416465019364	100.54937928413909
155.20940677400384	1.0625039780048129	101.36625289445396
155.80559735839338	1.0550203974468397	100.65229554925888
153.55165537591478	1.0317247049846243	98.42981252579706
154.21724835215406	1.05191210930143	100.35575499153968
154.04316222772118	1.0535300336186517	100.51011010822502
156.0068735840702	1.076426531250938	102.69450867748957
156.17634945494217	1.045935710506567	99.78558757176607
154.65614618873198	1.0506398999237092	100.23438217770898
154.27489138786314	1.0462611578583574	99.81663628240466
154.1031340914571	1.0322311088510805	98.47812506246194
154.71294707202114	1.0558436589221634	100.73083730781553
155.44974104126675	1.0546480767226298	100.61677497007106
154.83895391903027	1.0555134258147836	100.69933202089919
155.34721557565723	1.0392392881573569	99.14672761887181
153.4069966494969	1.0381688631991963	99.04460567932183
153.81306394032575	1.0307227416450035	98.33422204201771
153.90342654668004	1.038659455906264	99.09140978118147
154.29674133715383	1.0445952829332217	99.65770652548372
155.0854902352128	1.036111292302406	98.84830688309147
153.5232073063948	1.0713486367286555	102.21006141802273
153.24594391035703	1.0277773701234076	98.05322424746181
155.362219087399	1.0377653432969807	99.00610859949653
154.15853419271426	1.0331051634843043	98.56151264954777
153.40603541905273	1.0610616727852262	101.22865239726416
154.26741789064778	1.0620523628901002	101.32316737865676
155.8745358896046	1.0539428889164757	100.54949781443072
155.73006232073834	1.051301857139018	100.29753499772788
154.08649961818352	1.0425869988154375	99.4661098444534
154.43304891459132	1.0397918050293466	99.19943948267091
154.2416616235183	1.0743050907937826	102.49211652241796
155.93327373006764	1.0462028567057997	99.81107416734764
155.89762349188288	1.039771545461685	99.19750665559295
154.54798490627863	1.0373803405778137	98.96937811772516
156.21479736264234	1.0438724630063196	99.588747209543
153.9106320920917	1.0378121537933567	99.01057446947162
155.02221927943032	1.0354230547966483	98.78264683992523
155.58355005736732	1.0549898378249538	100.64938006430582
153.2773078364783	1.0274885916375176	98.0256738630518
153.3233223814205	1.0656663467401082	101.66795291215124
153.3302453639997	1.051525079184645	100.31883108959865
156.32229489663135	1.0446683198710274	99.6646744812387
153.33837248375508	1.075963500195537	102.6503340447057
154.59476698468248	1.0344376413829057	98.68863527161977
154.22799130737297	1.057464642649713	100.88548430195962
154.84028733322327	1.0743431297925183	102.49574556366912
153.00032411371396	1.0380967612612184	99.03772692551897
152.83032942130342	1.054050034543162	100.55971984739818
155.66273484723087	1.04822687833849	100.00417225726575
152.88978742474816	1.0331482420321958	98.56562247978869
152.90821374511563	1.0310087969834023	98.36151262951122
155.69324864695952	1.0664205212195372	101.73990355195203
154.22225807103305	1.0496508583800597	100.1400244742913
152.98967423063954	1.0358189778352425	98.82041915484139
155.47421345746292	1.0541964674062672	100.57369000745484
153.31342008504944	1.0276195871932925	98.03817125497655
154.12561581286167	1.053187109638475	100.47739407175104
153.76767437134268	1.034735850853577	98.7170854019208
154.05930240938534	1.078705305322406	102.91191095889234
156.22248719408836	1.0438075194772476	99.58255139067732
154.3511580735595	1.057616674692489	100.89998864153401
156.12317380388987	1.0411045280252291	99.32467742430276
154.51793150272616	1.0356203942405657	98.80147364941705
154.69298291297025	1.0784857173628577	102.89096157037149
155.05522062564174	1.0634073657926617	101.45243895762223
153.70599355837513	1.0300367090750375	98.26877235672656
154.9394020420688	1.0362497847678405	98.86151950400001
155.50832885039097	1.045460632267434	99.74026359940501
155.09260891478237	1.0555880532950122	100.70645171945124
155.04795002443092	1.0503743211898913	100.2090451233046
154.97210746288155	1.0396237957345391	99.1834108625258
155.77381872304872	1.0503538483068289	100.20709194526015
153.42570891666892	1.038292482911838	99.05639939239377
153.2616519754921	1.0650538228972366	101.60951619281113
155.61036475453378	1.0459381305796207	99.785818454419
152.94610731083503	1.051183214669477	100.28621612945024
155.36384115894887	1.0405658469632393	99.27328554070561
155.28532650330212	1.0367639488811815	98.91057239285607
156.328724669863	1.042773278321147	99.48388150072547
156.29550487717256	1.042627342475016	99.46995875766615
153.232883127445	1.067413134781188	101.83460203722801
152.98710259531214	1.028427049548772	98.11520572733869
153.69631219444938	1.039024106855079	99.12619863944548
156.22394412210198	1.0441391093824395	99.61418612041268
153.17332736456478	1.027078130474019	97.986514564862
152.93208472827428	1.0671753959853185	101.81192100129421
153.33543488904868	1.033570530048754	98.60591009731003
153.477773757642	1.0522840249082048	100.39123692123796
156.14846392572505	1.054210471148812	100.57502600895475
153.34112770267618	1.0522637384922444	100.38930153274708
153.5818204851999	1.032000180711112	98.45609378472457
153.87026451294284	1.0357890952443274	98.81756826079248
153.52778834908912	1.0700853904046619	102.08954370797481
155.89252270337994	1.0409397875539623	99.30896066030179
154.65766210164867	1.0358868670858319	98.82689600489235
153.10672036991832	1.0422770907122463	99.43654362746744
152.9700693475473	1.026331496319932	97.91528329603894
154.19735976315417	1.0325025251997826	98.50401904386038
152.71771740170806	1.0563326217937485	100.77748591819547
153.2750295400161	1.0444755917746433	99.64628760894237
155.66218791685117	1.0786046856882596	102.90231152633285
155.0730411770609	1.0802250268873355	103.05689722122055
153.33318242891426	1.0305564748017106	98.31835965727932
154.26812581943898	1.040775409287273	99.2932784517675
153.6661947169413	1.0298067938266078	98.24683771205787
154.48061729917833	1.0494945048476003	100.12510785088064
155.98947763486177	1.0586290960343587	100.9965768519315
154.03464322957467	1.0332325850720614	98.57366907357647
154.86229017472306	1.045848196742534	99.77723848082584
153.23564345131322	1.0729676391145448	102.36451938588178
155.60226122042937	1.06967072761199	102.04998356102192
155.9963103432259	1.053870252560423	100.54256807544678
155.87605659113376	1.054034941318238	100.55827990582024
154.87378895871578	1.0358254545160042	98.82103705074918
153.49940997390198	1.0508031670740314	100.24995838221412
155.0920737314326	1.05955971166821	101.08536053805533
153.65014000402812	1.0393343412906577	99.1557959895773
154.08992263049853	1.0465462910686565	99.84383889594974
155.73682632751184	1.0623081783126194	101.34757298216525
152.6171436213727	1.0614004185213786	101.26096981599252
155.0401472645025	1.0502474204131396	100.19693838629937
155.85203669498352	1.045149954633996	99.71062396679031
154.15165600633335	1.0352127943625886	98.7625873269504
153.47399598495693	1.070918173947832	102.16899390203606
155.24789400549506	1.0517400323616122	100.33933830514604
154.29135595323194	1.065520371295862	101.65402639130598
155.72874961065182	1.0433948403307862	99.54318048987089
155.50440792418755	1.046360342214665	99.82609878490136
154.51705835203575	1.0657530249004465	101.67622228384599
154.70628005938576	1.0369801971940142	98.93120316847703
154.14701928444973	1.034881083520181	98.7309410594207
153.33473478120249	1.0782629652213278	102.86971030884351
153.0020844260993	1.026521899144534	97.93344833002466
155.1987393759712	1.04235705847934	99.44417280634156
153.43985042845756	1.047324707435205	99.91810228874843
154.65394427659396	1.0420847902859576	99.41819755625603
154.22409571878808	1.0675734184347412	101.84989360666893
154.16649558931533	1.0397787304001915	99.19819212153826
154.59164673922166	1.0652865615372142	101.63172019799761
153.2050671034437	1.0638032653322251	101.49020903065625
154.76916236710545	1.0667236513282787	101.7688231267477
155.07221468786864	1.047872030297756	99.97031862755635
155.86556391385957	1.0466333579083644	99.8521453488904
153.89454639367045	1.0506783979478094	100.23805501143728
155.37962471901002	1.0404909575731076	99.2661408551173
154.07092163210936	1.0403466836806141	99.2523766677116
153.2700482918645	1.0391691639513272	99.14003754697602
155.88040194935584	1.0414164240609805	99.35443329636651
154.16309447699544	1.0438076211459528	99.5825610901946
154.53041267187007	1.035293528775594	98.77028964627853
155.92696018919338	1.041242138151379	99.33780586724218
154.96410086427474	1.0355686130236963	98.79653355692513
155.39292436404494	1.0479417525862638	99.97697035524449
155.71788492563238	1.0736897017777054	102.43340645645729
153.90157887080747	1.0392294114053044	99.14578534536786
154.30343516599893	1.032558739989007	98.50938211323131
153.69322965227033	1.0455756639283922	99.75123798507974
152.98481688729817	1.0262509601435734	97.90759988911631
153.07285567752442	1.048754528543469	100.05451176208167
153.66054451530368	1.037916571350275	99.02053623592171
154.4879269975452	1.0723102823617856	102.30180546459633
154.8058325465071	1.0623587485173493	101.35239754025417
156.00462286077808	1.067722925059213	101.86415701331903
154.36271103210407	1.0463946759143552	99.82937432885946
155.0166556395315	1.0358686657551766	98.82515954015959
153.11194544318494	1.0531773633656505	100.47646424637969
152.97668302189396	1.0290961698688434	98.17904193029442
154.76257759610317	1.0349263967700826	98.73526408732843
155.75287092175856	1.039731758097244	99.19371081470254
153.899079267626	1.0568946900727132	100.83110901654516
152.95083806995245	1.073523752586885	102.41757437677329
155.97660622242606	1.0406205221803437	99.27850173000826
152.69708687789523	1.0660149529784644	101.7012110540964
155.80018155976646	1.0641344593192403	101.52180598854054
155.78179300875576	1.0417114693843366	99.38258155696768
153.88115385342593	1.0534593668117773	100.50336827048592
152.94571686964895	1.0303813655085978	98.3016536747538
153.73552058040684	1.076830144327064	102.73301464640173
155.993187551715	1.0581507881307128	100.95094475932187
153.30762631097684	1.073550349361014	102.42011179346851
153.69584979173482	1.0415735863910562	99.36942708163767
155.84719534810455	1.0468865689395013	99.87630248519221
155.87964981545477	1.0573578285008136	100.87529389302547
156.1409316514494	1.0414801799286832	99.3605158085668
154.59505355577426	1.0546479177887145	100.61675980727092
153.00789270539622	1.058569604151939	100.99090113746513
154.88617776999317	1.0352472017798457	98.76586990379842
155.2197525567157	1.0492742357170202	100.10409347648068
152.9004609852489	1.0521374829978016	100.37725635772286
153.02156026455927	1.0632157364967423	101.43415691437883
155.97276451579174	1.0535947301449249	100.51628236223947
153.7894244128913	1.0334008406512565	98.58972119003407
155.08502004780127	1.074604425830811	102.52067403532305
154.0726243177402	1.0799791938324699	103.0334439672797
153.1123079108646	1.038282848293789	99.0554802192425
152.7004969966069	1.0569481890651686	100.83621299028182
155.88322682695159	1.0497657685996398	100.15098727407299
155.70984733368175	1.039050352862696	99.1287025919018
154.63395972106912	1.0464239128815664	99.83216362835721
153.56260686437128	1.0321855276326886	98.47377646950943
154.48424811988306	1.0426511102917373	99.47222628284288
154.57897839660808	1.035192220920869	98.76062455529079
154.88373173380128	1.054065952323103	100.56123845414265
155.99478247812274	1.0476006673689326	99.94442974258394
154.48705480506388	1.062970595605771	101.41076969507107
153.61756592271615	1.0290274829373296	98.1724889789507
154.88287889197903	1.0754513205916691	102.6014704843541
153.93703200036538	1.0701011648356604	102.09104863877505
154.79882175386564	1.078235053120416	102.8670474057971
155.39965054826084	1.0373712792395877	98.96851363728913
155.00436798543825	1.0370402103337812	98.9369286125493
154.18087263871166	1.0492958229901241	100.10615297087323
154.25629792415373	1.036026140772976	98.84018315683232
156.10937448384524	1.0535072453524967	100.50793603528233
154.7125952941123	1.038737615214634	99.09886642735152
153.3119601266304	1.0547221385986731	100.62384070818804
153.01683309358936	1.064168393006272	101.52504337002097
153.92860743396773	1.0762769870651092	102.68024168736677
154.36337405401613	1.053397573183272	100.49747296213506
152.87995679432473	1.0542022485776745	100.57424154956203
155.6775229166257	1.0714812157494251	102.22270987753538
154.56728610018996	1.0722081860294743	102.29206515034349
154.76767224185497	1.0571123191893714	100.85187152523507
154.89301819854444	1.0593512335749373	101.0654710660504
153.22574087558894	1.0294328872420588	98.21116583675865
156.44154759673359	1.0431777029019047	99.52246488975597
152.86156318052156	1.0390540249697584	99.1290529225743
153.53129740431848	1.0314626030159915	98.40480716582988
154.5356227869643	1.052122396426714	100.37581705094202
153.3740585354304	1.0376409722816122	98.99424320975913
154.7630742016805	1.0350911410413939	98.7509812138657
153.72130858988567	1.0418481112831695	99.39561762794699
155.87884756359827	1.078993901383944	102.93944393943998
154.5880493491563	1.035912925530533	98.82938206325097
154.92552197782555	1.0524514156081557	100.40720652546973
156.05462229335146	1.0519298149792389	100.35744416941722
155.77158836226644	1.0662050888737962	101.71935062218228
155.90831335430784	1.0401163523766237	99.23040233002145
156.10413001135348	1.040843886972463	99.29981144034758
155.60396440660284	1.038639291664445	99.08948604849152
152.90040101057275	1.0462951422387368	99.81987850019142
153.36363600438696	1.0384734532876039	99.073664540813
153.74587931013463	1.0469136059868278	99.87888190534834
155.1546171210329	1.0559750881853731	100.74337607680654
155.5546667532108	1.0675017435881509	101.84305559874045
154.13475763371696	1.0315924632694289	98.4171962463071
154.6855860046092	1.0773472693744097	102.78235001776262
154.53838709339644	1.0470975145182357	99.89642736314433
154.68881291719293	1.0539448254345452	100.54968256440289
153.5122096774249	1.0674689867714626	101.83993049442725
156.23568732185046	1.0574201011688897	100.88123490327229
153.82246027937325	1.072537257486813	102.32345961215773
152.8048970022992	1.0690492582774012	101.99069341337056
153.55268285767912	1.0372445914786592	98.95642722266975
155.23450433100257	1.0369498970831679	98.92831244170107
153.08353600228384	1.0767536504073292	102.72571688359494
153.37898160099604	1.0360601516024905	98.84342789795056
154.37087362928128	1.055817538062872	100.72834529490682
154.8911670870776	1.0479689033115338	99.97956062063734
153.85596896475082	1.030813952885831	98.34292388398342
153.79319798170323	1.0297983006191125	98.24602743309732
152.8912263299497	1.0366002022806866	98.89495044728223
154.9633745776826	1.0706869301050006	102.14693250524323
154.01196978131435	1.0768786799103371	102.73764509514385
154.1946922938647	1.0374463040784008	98.97567124511171
154.57902613055379	1.0528954912053858	100.44957274736154
154.20563055082903	1.0711025358752968	102.18658261525538
156.02626490699458	1.0650139824671077	101.60571528928561
153.41526761394275	1.0281129678310201	98.08524133427265
152.91766378830482	1.0322843497514929	98.48320441339827
153.14933364694988	1.071668754206087	102.2406016417254
154.35713912249923	1.0748400535587468	102.54315366867345
153.34979085610993	1.049449969092474	100.12085899844297
156.1076037208357	1.0409778205861335	99.31258913232375
153.96062493672332	1.0685477504008272	101.94284796968495
153.29090541394052	1.0522632060665136	100.38925073764193
154.19720284608567	1.0601186153318662	101.1386817220571
155.89449600282498	1.0404120775660006	99.25861545199952
154.7941702888665	1.0343567880404307	98.68092160604267
155.92314267599937	1.0711087942932467	102.18717968819793
153.85613947618108	1.0429645418733182	99.50212865085406
155.70460099748055	1.0478912695048856	99.97215410899996
153.30572572031565	1.0365069727482523	98.88605605388926
154.08528056475956	1.0337918155428623	98.62702143601743
153.7072887689278	1.0736466452912685	102.42929873094918
153.03229710083332	1.0273486290128364	98.01232098428342
152.9378941267729	1.0285380353826175	98.12579412826159
153.79270305866572	1.0464749125157975	99.83702915538395
153.3485574535081	1.0500781557815746	100.18079000304199
155.0130819359965	1.0457781125657344	99.77055222784568
155.9911059030002	1.0403405858914554	99.25179491926569
155.50920207801164	1.0746599867504525	102.52597472345978
154.4671446661378	1.0328218165537202	98.53448045275884
154.94994989478786	1.0759166374408355	102.64586318912046
153.62037892329758	1.031190593787118	98.37885662178074
154.9410307206338	1.0750998106291316	102.56793531790287
152.59263578865367	1.063202393094388	101.43288391142964
154.4034060026011	1.0472009191052123	99.90629248904585
154.85066773169626	1.0789454248694401	102.93481912604598
155.0618290394853	1.0357458518948992	98.81344270796174
155.87075959206754	1.0532956804657614	100.48775207338068
155.2034943872456	1.04501146640414	99.6974117499694
155.70861866584048	1.0572545285213628	100.865438747014
155.34349877990843	1.0380657947249603	99.03477261964287
155.45880040263998	1.0384732488317487	99.07364503507527
153.96728494561853	1.0537349455092635	100.52965935317359
156.01280367941266	1.041358849174011	99.34894046935246
154.1307029275844	1.031639969400072	98.42172848199988
155.52276557136855	1.0604045617763875	101.16596192072896
152.88815375336574	1.0403935669930018	99.25684948456535
153.33042797069552	1.0714948166122553	102.22400744303138
154.4357079025516	1.0375486241247576	98.98543290239476
152.85190665284702	1.0615783466340432	101.27794472285288
156.13345225836773	1.0440714307847136	99.60772936731375
155.67591438780036	1.039744871372193	99.19496186276662
156.06159032903483	1.053789576733332	100.53487134540092
155.29022783914527	1.0713595822133808	102.21110565201684
155.0367969873592	1.0558311095375739	100.72964005668207
153.70989478877385	1.0537340807250974	100.52957685001849
156.32220985774782	1.0421423605331352	99.42368994061921
155.95395017533662	1.0411004016790815	99.32428375777936
153.6466162637563	1.0369252981765662	98.92596562791108
153.04678981758354	1.048620084965973	100.04168541793744
153.1457952703491	1.0302966938743967	98.29357573202314
153.89575715822406	1.0476762562861799	99.95164116528007
152.73971929862753	1.064502353058055	101.55690421926622
156.07174284079534	1.065763665591037	101.67723743951194
154.76485244493142	1.0509358695892825	100.26261862349239
153.10021299414655	1.0267502865699594	97.955237215528
154.8349219478917	1.054274112120703	100.58109755972983
153.2722806351461	1.0545329922738766	100.60579554827308
154.76459611435703	1.062830650127627	101.39741845213679
156.25167567074544	1.0417852027881371	99.38961595778983
155.57395176175498	1.0401830525368336	99.23676573707488
154.8383755912461	1.0456258721540257	99.75602800921358
155.73823918155347	1.0536138562605575	100.5181070543952
154.93525822719698	1.0473942347072815	99.92473541124987
154.97275326073728	1.0446642874677095	99.66428977715952
153.71914886896465	1.052474399301661	100.40939924280212
154.42338060270765	1.0583833233241369	100.97312935506123
153.04995446706135	1.027806329580464	98.05598707160972
155.30292653720767	1.0614716364040773	101.26776422811491
154.94798193734027	1.0414459095206052	99.35724630282948
153.06225465559808	1.0597113522217958	101.09982752831797
155.5889207006996	1.0452920369012357	99.72417906618851
155.32657517067287	1.0620813100251958	101.32592902725047
155.14252560784288	1.0675710662797482	101.84966920361464
154.2327358698456	1.0454737544005774	99.74151549256895
154.0915795821754	1.0322770691828924	98.48250982403836
155.7651147509007	1.0677627181509965	101.86795340061607
155.53602274835433	1.0380406375906452	99.03237254915666
153.40728655071533	1.0458268691687382	99.77520376257183
154.815718134856	1.0652776737908858	101.63087227877978
152.67464053662587	1.073300538469202	102.39627904125355
155.13396411747772	1.0425747986194938	99.46494590702541
155.33988073000612	1.0416598649366673	99.37765832881868
154.46004646426152	1.0413006069131319	99.34338397274857
156.08424121615263	1.0508892555025313	100.25817149161911
155.5272828074908	1.0514043434658993	100.30731251870091
155.25167891943659	1.0493099868810243	100.1075042510347
156.27661942883265	1.047462246807365	99.9312239815326
153.91925322539493	1.0373501142293329	98.96649442811305
153.50965234027095	1.0297908161500027	98.24531339098147
154.35380914323363	1.0374475615601844	98.97579121286631
154.13090643154726	1.0635998400535158	101.47080161320311
154.28463357213622	1.032785683467844	98.53103324164564
154.267181918417	1.031835225547185	98.44035653836218
154.3514421045195	1.0603127674740613	101.15720445284508
154.04640824483818	1.0768855806887965	102.73830345131844
152.87492286856113	1.0469394364485438	99.88134621340635
155.35214482438147	1.0397072138203354	99.19136921275869
153.92529736553607	1.0307372840670261	98.33560943525008
152.90773382423538	1.044719955122252	99.66960064814467
155.0544918568019	1.0601886183304439	101.14536023037714
155.16043731346198	1.0362437796409374	98.86094659582751
152.94660287830456	1.0472047822115238	99.90666104165312
153.8986601013087	1.032765258342169	98.52908461980758
153.81780041802412	1.039922899501854	99.21194631156595
155.36931434130577	1.063588981884852	101.46976570943848
155.6988080207811	1.0389831133739105	99.12228773118991
152.68946392956443	1.0666847409750482	101.76511095551125
152.88953262597514	1.043498430379114	99.55306330937415
155.8934758883855	1.076143235647219	102.6674813774465
155.04301232807586	1.0551237656768369	100.66215720658917
152.6063345246024	1.0748723252465602	102.54623249015172
153.24979804537674	1.0601353120406403	101.14027464108528
153.9298662949642	1.0363957167016915	98.87544187381542
155.6106459429242	1.0391867689594412	99.14171712064504
154.68073038501635	1.0337963860699197	98.62745747880989
155.55077185868836	1.0418080381391526	99.3917945227777
154.65692807008256	1.079026970745803	102.94259886155474
153.59051077306046	1.0389137554474774	99.11567076480053
153.0945674029245	1.0396512523795147	99.18603031362986
153.07499746228763	1.0568231071896959	100.82427978223352
154.66375852237724	1.063514125785182	101.46262419986587
155.48787402412546	1.0402960256222116	99.2475437281034
153.67070644911828	1.0690778829807144	101.99342430094852
153.10829081340813	1.027734132654688	98.04909925566933
153.28909709823597	1.0292299754761893	98.19180741006079
154.42089682423153	1.0445069146547925	99.64927591115706
155.49225350045768	1.0556760820589088	100.71484994301353
155.80151457373572	1.0722641248095997	102.29740188757005
155.11391146820975	1.035849410606356	98.82332253782803
154.7820161089731	1.0533169228320496	100.48977866256793
154.14498313104127	1.0495936726003654	100.1345687693467
154.18629928653147	1.0326109897404951	98.51436690541341
153.97569002261986	1.0339578681353692	98.64286338055061
156.34645760000706	1.0456776535328285	99.76096811715446
152.7774110451862	1.0705455391407037	102.13344335834061
153.55510602106312	1.0676891892181408	101.86093850697125
153.04095872094547	1.0634731475667065	101.45871474771967
155.84646087862734	1.0459635887887795	99.78824724840119
152.76139437525774	1.0572365614323338	100.86372462967608
156.07607109724796	1.042207013452841	99.42985803442866
155.83704817396958	1.0423384606365742	99.44239851309455
154.19105239719445	1.0319499509369354	98.45130170479129
154.6910336396591	1.0341078378571957	98.65717096815865
155.8180163368099	1.0402618680612694	99.2442849883411
152.8525054149616	1.0536768255247848	100.52411452212651
154.53274756995597	1.0440474288024224	99.60543950199816
155.58298826952307	1.0382708439291282	99.05433496474065
153.32137511713407	1.0605084023176325	101.17586863805184
155.56227668120135	1.069769689368234	102.05942482676585
154.94528832838668	1.0395914590676787	99.18032584184016
153.18876888410665	1.0297486248701813	98.24128820893148
152.6590512409824	1.0602072999747318	101.14714251855543
156.17303538369126	1.0420380688480693	99.41374018274344
154.46888780971926	1.0372191784434612	98.95400273842685
154.85703292894019	1.0599395097258144	101.12159447858912
155.81218117102657	1.0608459952781704	101.20807607832658
153.2956926796075	1.0312907632265125	98.38841310433153
153.88520353092122	1.048868851365454	100.06541852226783
155.12685059538907	1.0359063165038411	98.82875154112128
155.8992291960047	1.0428025873178652	99.48667767206688
153.91249589642067	1.051307250361144	100.29804952824189
155.74010094256323	1.044194568304801	99.61947707768508
153.48673840596945	1.0290865541003527	98.17812455545086
154.35180503723575	1.0671372650697422	101.80828319088462
153.42740369736273	1.0404594284792936	99.26313287946428
154.37407933507853	1.0333645105099918	98.58625517921118
156.21229105140475	1.0529069629920251	100.45066719222922
156.29329631423803	1.0457989989383953	99.77254485411063
156.03837095939335	1.0439431720290075	99.59549307480475
155.92667553040957	1.068234501657604	101.9129630450336
153.64909360753657	1.0745121851914772	102.51187398547155
155.5392061339702	1.057502535813379	100.8890994300821
152.98820040024003	1.026691742784464	97.94965195251838
155.6987748269449	1.0789445526352508	102.93473591213503
154.06609531825197	1.040312448224968	99.24911049654722
155.88456415561345	1.0466246257505194	99.85131227330785
154.2781488923273	1.032154521433521	98.47081837966584
153.2572042840054	1.0341063501938847	98.65702904035554
154.5770850175756	1.0341973267173368	98.6657084895384
152.87649587761317	1.0569279074629483	100.83427806103701
154.0047848617146	1.0306576390059685	98.32801104355642
154.74063994463407	1.0484877724855701	100.02906238722203
154.81525266054052	1.0652300955073508	101.62633315947205
153.49080861111034	1.0428047556513145	99.48688453796227
155.92501787450016	1.0709628975642793	102.17326067704019
154.8198435518237	1.0740322079373157	102.46608263152268
152.62782295474966	1.0564413276671625	100.78785680365446
154.94643348232273	1.0504882220389289	100.21991162593186
153.04816112348342	1.0651567839753553	101.61933900655953
154.9447560904068	1.0548035486841885	100.63160748881884
152.92788226447607	1.043294509073511	99.5336085693805
155.1955155733148	1.0362350112074876	98.86011005943709
154.024832441875	1.040867036949164	99.30202002162478
152.53990341567	1.0703571875080071	102.11547401457508
154.72950179387146	1.0344364622334787	98.68852277702071
156.4525724051938	1.0434226497195782	99.54583359385495
153.50600814773406	1.0284894790933103	98.12116170409809
153.29589026638655	1.03112780052565	98.37286594527147
154.0233042035297	1.0336476131616543	98.61326407101542
153.87347503363821	1.03921715302802	99.14461585725525
154.22866680797335	1.040701850301892	99.28626069101637
154.2285882605444	1.0449385031023677	99.69045081932576
155.74779875448243	1.0476951635848102	99.95344498159905
155.69603648213598	1.0670239196822786	101.79746968105512
156.2047905382062	1.045145200620433	99.71017041880265
153.53514406991795	1.0291376266309238	98.18299703701986
152.7212044144179	1.0701377673810681	102.09454063781804
156.26709716188265	1.0431613730255527	99.52090696770551
154.00378753520533	1.0365122996502008	98.88656425724778
155.47799820059123	1.0493748748467646	100.11369476898211
153.38876927205922	1.0443477032577528	99.63408663839188
155.54291782574418	1.041923297737852	99.40279065443664
153.38934870922628	1.0570847222262303	100.84923868733253
156.07384793184647	1.0410643712642744	99.32084634181213
152.94766912767943	1.0450316333289682	99.6993357386269
153.09159409642686	1.0321500147527476	98.47038842801159
154.1900013091174	1.047591458639882	99.9435512005953
154.8260248336316	1.036427184861478	98.87844403616876
154.06014557702963	1.0432881618962666	99.53300302851945
153.11256466154052	1.028934321874539	98.16360111777912
156.47518421682508	1.0433188368048625	99.53592951219068
154.93953104270093	1.0362239782825033	98.85905748336467
152.80010005038278	1.051386037496212	100.30556607107229
153.5105864308833	1.0649582484363367	101.60039808579752
152.87423376734122	1.0664502494084682	101.74273971556144
155.773186213078	1.039142057238017	99.13745148046387
155.0579415387436	1.0681250993850302	101.90252572088376
153.44509036344039	1.0421201670238092	99.42157260936631
156.11922555460401	1.0412123481243163	99.33496380407868
154.89731648871245	1.0388568135590033	99.11023832785268
155.4849602680375	1.0488509891522586	100.06371441041743
155.28323554391457	1.0428335359230958	99.48963026726602
155.28565323068295	1.0387873643950232	99.10361265711163
153.91634815115015	1.0364663710759345	98.88218252544202
153.8632863850082	1.0705922582641334	102.13790051104651
155.1630064080072	1.0360703240852736	98.84439838510515
154.1447795239129	1.0557353196390595	100.72050139623605
154.33585629491847	1.0789185356879525	102.93225381276037
155.36639735371378	1.0382056497106351	99.04811522930828
153.42406003704795	1.0315574397498757	98.41385489134395
153.25216540690414	1.032176451747312	98.47291060122906
154.87578365412278	1.0390724017310098	99.1308061239429
154.212710549481	1.0672950977745386	101.82334093203254
153.83785413868236	1.0399618267376851	99.21566009345614
153.46696178660423	1.0305420143625328	98.31698008547062
153.2316243859553	1.027547039412089	98.03124996631443
155.0788921576924	1.0440531510987836	99.605985427239
154.00146577233141	1.0433103651741644	99.5351212917251
154.3715842214655	1.0325627481212627	98.5097645017741
154.00455111011985	1.0427283363891247	99.47959389772232
154.3450521170122	1.0352094189538008	98.76226530223532
154.9353065948803	1.0791476368748378	102.95411079337313
154.20743570003512	1.0492914775540074	100.10573840247118
154.10720041885946	1.0677541770150698	101.86713854913103
153.6702752628007	1.0437287792464518	99.57503932266341
153.83549960290287	1.0501984879342072	100.19227007245125
155.25489325930855	1.0446890593261864	99.66665309110753
156.31775422287134	1.0457831160058493	99.77102957191828
154.6160770014162	1.0340646708196246	98.65305269572134
153.879664463722	1.0715962496149583	102.23368447353357
153.16789451275648	1.0300855435993317	98.2734313253912
152.87703521441054	1.0430553821276858	99.51079509953362
154.55699784864342	1.0734955584504462	102.41488456664217
154.85598803311566	1.0685904859395654	101.94692507576362
155.88692136715062	1.0424465537902907	99.45271094314901
152.96426858333828	1.027008594284058	97.97988059156606
153.0898585504246	1.0428340691304634	99.4896811369418
153.02597197826753	1.0585349988838257	100.98759968501726
155.82050085190252	1.048770250768923	100.0560117123072
155.69090908851018	1.0543596478934543	100.58925794402174
153.3893029637615	1.0399615120031696	99.21563006678409
155.59984718660033	1.0716882583456548	102.24246239856477
154.14606384002468	1.0505897750367497	100.22960010434923
153.60765346782225	1.0296618951461949	98.23301391790098
152.83897636814896	1.0487609863293768	100.0551278553604
155.49439411317448	1.0405863700446805	99.27524350783479
154.22671889755242	1.0323164987476678	98.48627152970468
153.16411179122622	1.0359924263136717	98.8369666903731
154.55194260400452	1.033153143080007	98.56609005531044
153.16486829604028	1.0472429943659065	99.91030660250277
153.07875350774393	1.0478144744135172	99.96482761346314
155.73346903149874	1.039285367375789	99.15112372260927
155.98930977807376	1.0618268732904532	101.30165495493313
154.8849869087569	1.0388780739145116	99.11226663326865
155.44540155082925	1.0512175979819618	100.28949640662644
152.61931185375178	1.0719146438220568	102.2640602917752
154.86713032202033	1.0631424957182993	101.42716951157985
155.60462586822126	1.0383282534307199	99.05981201346455
155.48642533641433	1.0452058593672442	99.7159574558367
154.7133788057032	1.068977360787713	101.98383416458367
153.67809923456176	1.029884304729417	98.2542324982788
154.5394515849342	1.0488630781697512	100.06486774106821
153.76069070642848	1.0642168962899423	101.52967073727845
154.51937623154782	1.0332382177982218	98.57420645353578
154.91169742144243	1.0348511743977165	98.72808763417773
153.33178233985592	1.0297268174309364	98.23920770999007
153.3060146020153	1.0459984920744634	99.79157713267148
154.19006405952533	1.074559687708918	102.51640587645336
154.69836810997944	1.0403356420848573	99.25132326441992
154.63606434443298	1.0431245501275077	99.51739394632129
155.41036678931164	1.0437651853864944	99.57851258401101
155.82253533153522	1.0788737062221283	102.92797693938961
152.54092544932337	1.0759529404037838	102.64932660704567
154.66335950006726	1.0336728998208118	98.61567649858283
153.9667091346026	1.0304735247048264	98.31044595467448
156.1877998686972	1.0427830940884608	99.48481795609175
155.65594047055825	1.0496101828229454	100.13614389699988
154.20515966169341	1.0528218993035217	100.44255184627339
153.21620545983578	1.0307136036294609	98.33335024632224
155.9463411763764	1.073667170799479	102.43125692959984
153.92635405853162	1.0689388024433188	101.98015557610778
154.42045388100487	1.0331272384871362	98.56361867490489
153.14535678364794	1.0632913419047585	101.44136991034668
154.58793793316096	1.0473713865575986	99.92255562522847
153.70775135848706	1.0555392125019374	100.70179215272502
154.7826573536627	1.0694572238765268	102.0296146267959
155.70410298289738	1.0402903531590848	99.24700255711133
154.3509845005275	1.0383969033482754	99.06636143355915
155.97355294120493	1.0401723204886462	99.23574186560411
155.72594163199938	1.085226048571262	103.53401056784112
154.33817467740388	1.038518935634634	99.07800370112368
154.9997454107241	1.0479253080761413	99.97540149676837
153.16842413316922	1.0541772958375049	100.57186097892624
154.4535044393149	1.0364677632029657	98.88231533878073
153.2296074807544	1.0658258189020677	101.68316706271767
154.144090403172	1.0358682711304898	98.82512189171155
155.64277108002605	1.0434111397043917	99.54473550186249
155.49516807018483	1.0734325009872874	102.40886868445277
154.48006241270951	1.04400753058035	99.60163308493775
153.27493841190017	1.0291702548851456	98.18610987606557
153.3746071944544	1.0659905872675701	101.69888648791728
153.5216600300291	1.0540823718442531	100.56280492859146
156.2863660831226	1.0438398338232648	99.58563428188367
153.5817897821732	1.0289747580911113	98.16745886122294
153.04092858910963	1.0361673091722963	98.85365107032953
155.22317488718238	1.036392044387954	98.87509152342545
153.84972275854986	1.05589560346989	100.73579298258979
153.02374345243496	1.0264821781201738	97.92965881818859
154.24664432721053	1.0499579877231449	100.1693255887407
155.31581126445923	1.06393604173244	101.50287632079466
155.47136703344785	1.0375990114897782	98.9902400169949
153.79511589051845	1.0356400941199837	98.80335308045957
154.77645395065358	1.0349711719922634	98.7395357856834
154.12943497493077	1.0544434369724327	100.5972516881821
152.9312742061686	1.0587923055940485	101.01214756210743
153.17606687669675	1.0436126499185274	99.56396021607509
155.28617600291255	1.0607792799920122	101.20171122820966
153.26728467753864	1.0614297657931568	101.26376963889616
156.00897331847546	1.0571030279084248	100.85098510753343
155.27255463456066	1.0539209320415537	100.54740305885127
156.19218182690742	1.0545995715993133	100.6121474273055
154.97640231155083	1.0417241722655388	99.38379345216532
154.29091509116893	1.0794117155661327	102.97930473895825
153.08942090735098	1.0524671266536394	100.40870540909059
155.2645549507144	1.0514664184980205	100.31323467385016
154.26626951142939	1.0382269620481297	99.05014849397078
155.09937261400057	1.036251098432184	98.8616448317492
155.76503155310522	1.0393027903712158	99.15278593169006
153.01781158521493	1.042840452193108	99.49029010138398
153.3331215540604	1.0284489813954196	98.11729809514131
155.26863611908263	1.0392887295442144	99.15144448415175
154.2235773955255	1.031685921256407	98.42611243498887
154.9016476719591	1.048218722322735	100.00339414746782
153.7312145653218	1.0363602047772458	98.87205392347485
155.267264776113	1.0536186372880956	100.51856317960183
153.44252374488022	1.050085248955071	100.181466714314
154.1094371523635	1.0312608194635546	98.38555637427552
154.1988662122406	1.031557506059151	98.41386121745936
155.3493116216533	1.0432048629592399	99.52505604545748
153.68708098257787	1.0502931461480984	100.2013007665912
154.05903697299857	1.0502403733919115	100.19626607810031
154.2397913766645	1.031781861034207	98.43526539439463
155.35438867556337	1.0388857177001152	99.11299587468385
154.51720122932917	1.0693610284989405	102.02043728235904
154.96124425071025	1.0627291302131314	101.38773312997367
153.18496829549505	1.0271580609924489	97.99414019009528
154.0298387881384	1.0634448929102733	101.45601916378895
154.47977704690865	1.0350807171120644	98.74998673791225
154.39362169881193	1.0387562956719767	99.10064860229147
153.00285177497582	1.027121988492824	97.99069875910283
155.71371635838392	1.0394107108801593	99.16308189088507
156.20502754066632	1.0582729945226943	100.96260363711562
153.1975833242557	1.047911244467552	99.97405978385777
155.62681112236893	1.0458104434234985	99.77363669432512
155.97273096631397	1.0430516797928342	99.51044188503408
154.40120857743455	1.034572762243883	98.70152623075846
153.72265078523918	1.0433564844873642	99.53952122063069
156.12202638604592	1.0500733215831546	100.18032880516442
156.07314060180835	1.0409332457881186	99.30833655507055
153.07508796370652	1.0362844083493346	98.86482270360256
153.40388421048584	1.0347417719725809	98.717650295473
155.90918346112164	1.0549869556288087	100.64910509364276
155.30992405889128	1.0405650552456018	99.27321000832936
156.40642031065747	1.0474872569869955	99.93361003207531
153.27159724641004	1.0286880793966047	98.1401088035776
152.95866427479413	1.041587463909081	99.3707510409176
154.760447101603	1.0652047960033828	101.62391950646894
154.3623163837941	1.0804227635330563	103.0757619250255
153.12685565973672	1.0392878711989693	99.15136259529018
154.84943022935747	1.0424830907197016	99.4561966822176
155.7101296034594	1.0426638302950277	99.47343981154212
155.98326766875752	1.0607515457303271	101.19906529159013
155.96476421298325	1.0761261379089329	102.66585019892963
153.35521236405094	1.0291175702301008	98.18108359270335
155.4935378470354	1.0598582562060141	101.11384263482464
153.6144304469424	1.0473625197311793	99.92170970183638
155.0845336557719	1.0516693275985085	100.33259284626214
155.52027647994976	1.0378474870379404	99.01394537318605
155.92582157305074	1.0771610958350297	102.76458847101483
155.91241315445114	1.0668244894815888	101.7784434067292
155.52054021348619	1.052614042127705	100.42272161176516
155.56557886028776	1.0540067226098135	100.5555877514437
153.38071935505664	1.0284043466568065	98.11303979936473
152.76320010698495	1.0654007482448449	101.64261397244222
155.11491779919135	1.0582297567733248	100.95847861854824
153.2566578572318	1.0397994012969838	99.20016419072121
154.79086663206152	1.037979477882073	99.02653771878009
153.13790352346192	1.0314748883978018	98.40597923026002
155.8369480573427	1.0512252294909954	100.29022447681788
153.7104345270171	1.043628231453203	99.56544674395366
154.8812054697405	1.0350464291380002	98.74671555632406
156.19979707468218	1.0484986942283832	100.03010435616234
153.48952322054862	1.0470918815319405	99.89588995836733
154.05365072182536	1.0668472982355826	101.78061943427676
155.06131067327996	1.036664396295895	98.90107476014566
156.01453425049007	1.06172382256247	101.29182358830303
152.78698340556736	1.0413162728245364	99.344878550435
153.06337037086226	1.0767359582323521	102.72402899393045
155.47548046262355	1.0430760698921215	99.51276877794334
154.1863306575266	1.0540753002306416	100.56213027420091
154.34918571721963	1.0541587957122973	100.57009600824453
154.6529710245394	1.0814014274018344	103.16912956531192
153.07808975359754	1.042221726136592	99.43126167117049
154.32890231855913	1.0336558438338108	98.6140493032711
153.66690299599438	1.0669785989109004	101.79314593557464
156.114788725727	1.0411222109936502	99.32636443563261
152.8551101721688	1.0456660002826632	99.75985636009023
154.57105572102978	1.0675837853606234	101.85088264431253
155.45546237825315	1.0379582232758326	99.02450996186253
152.7046820028186	1.0616950263696614	101.28907634008273
155.64518910833965	1.040487736899605	99.26583359263968
155.49544801773052	1.072827717204665	102.3511703914347
155.14826188891138	1.0380087788023202	99.02933311960052
153.85761211791797	1.0602626802605641	101.15242597365325
153.82911856186868	1.039309955764562	99.15346953296503
153.75828081583086	1.0481488281976734	99.99672602602686
153.81134600303957	1.0357526309642915	98.81408945270493
155.0292563571213	1.0397537784445383	99.19581162574782
152.7408824566427	1.058356766020577	100.9705957039836
154.05572703741197	1.0427697429075968	99.48354421104804
152.94062659395604	1.0324020564550718	98.49443400663212
156.01129162608973	1.041537677254912	99.36600123603995
154.67364018723606	1.0668920679719667	101.7848906092693
155.8422047075064	1.0807740116422702	103.1092721098383
155.72454606382684	1.0391501992947196	99.13822825852391
155.6325880233177	1.0514312559486496	100.30988005500097
153.70378875289634	1.0475569359475485	99.94025762613899
153.87936969803647	1.0797478339421347	103.01137149918654
153.55200808936016	1.0516832563013094	100.33392168873223
154.15817378983198	1.0555863473004075	100.7062889621495
156.44910205691485	1.0443313557666947	99.63252703584253
155.7887038321178	1.0650747079721317	101.6115086952651
153.2025975453606	1.0271513031468422	97.99349547016861
153.0655717723313	1.034252816594159	98.6710023999646
154.0312114012885	1.0562144555280994	100.76621248128104
154.4825991284654	1.0346599188843595	98.70984125097755
153.41351250512173	1.030155314953944	98.2800877341415
155.99246567042823	1.041787999458778	99.38988276904824
155.81289799153083	1.0715917470235532	102.23325491201803
156.3204241076771	1.047887329970329	99.97177826489546
156.17785445715808	1.057202299439179	100.86045592674914
154.71022890699567	1.0476269260650244	99.94693490556104
153.13649774780686	1.0476561535696374	99.94972330229686
155.5064836352838	1.0481538611717367	99.99720618773192
153.0934806769696	1.0301823746457337	98.2826693146513
154.63938105162774	1.0750798813164173	102.56603399819542
154.3510949559666	1.0506043743193407	100.23099292226036
152.84433336532615	1.041700688302789	99.3815530075587
154.7788421721428	1.0418262760551933	99.39353447787238
155.5272168568099	1.0379152013062745	99.02040552937424
153.75392499684602	1.0304743974713793	98.3105292193746
155.9359536877834	1.0793399368539687	102.97245682192428
154.53681426401425	1.0622824327405587	101.34511677284985
154.9431594399196	1.064900224658982	101.59486243321552
155.15500726159888	1.049276583355522	100.1043174486474
154.180182620903	1.0314430063694695	98.4029375835334
154.17699935202947	1.031530233519861	98.41125933062223
153.33475000075714	1.0305825056777609	98.32084308550114
154.47728814919387	1.0620706835290745	101.32491522578195
155.20087251169824	1.0492501701961832	100.10179754938612
156.34860273830304	1.042560604209159	99.46359171521298
153.99043613815547	1.0503868230640871	100.21023784179567
155.69670029668924	1.0525112129336542	100.41291138017557
156.0949421491129	1.04461964256683	99.66003051187046
155.74126461136285	1.0650529336832617	101.60943135897472
155.9072592260245	1.0526402692095447	100.42522375864223
156.42086143654697	1.0439162263769721	99.59292237404958
156.04634391991266	1.0530171616663742	100.46118049563698
155.1574620276147	1.0584386015304255	100.97840307144648
155.5346868318594	1.0591317999012646	101.04453639689196
153.53278390283478	1.0303060626338112	98.29446954141657
153.82250672705433	1.0414830313647503	99.36078784462076
155.75975736063603	1.0787024174984692	102.91163545132007
154.63129728725397	1.0340471286095414	98.65137911318385
154.75495344380258	1.0414799334667069	99.36049229531176
155.7873048652334	1.0485696962460986	100.03687817407997
155.66793955023664	1.065486054540775	101.65075246391683
155.82066760647444	1.039701137565054	99.19078951871306
153.27026088854555	1.0275894341828813	98.03529456204915
152.99901523228462	1.0722568559232308	102.29670841273214
156.0939308444566	1.040943134448573	99.30927996467386
153.40940749613327	1.0283199139523378	98.10498465128913
154.2292637757223	1.0469785138242043	99.88507431911292
152.94878047119892	1.0496932118381155	100.14406512865976
154.48983005953426	1.0563638180826571	100.7804621432039
154.92208934242433	1.0641508961363888	101.52337411308251
153.30698769852717	1.0576640257168062	100.9045060795908
155.71217200012862	1.0616634934469862	101.28606799914418
155.92160243711595	1.0423381702886272	99.44237081297855
153.05037644630085	1.026637351676635	97.94446286814264
152.49377068148	1.0761322706914962	102.66643528585742
153.7706104984381	1.0511205980499223	100.28024230514032
153.88912963776772	1.0553810958030516	100.68670731763933
153.7907698487732	1.0759985325841148	102.65367624580198
153.59794414973302	1.0393738684245877	99.15956700365074
154.19420590068123	1.0679447451943906	101.88531935848192
153.08429041075485	1.0284109703665925	98.11367172230824
152.92567621238263	1.0611856214082178	101.24047748942776
154.1677809108335	1.0598940722797245	101.1172596019707
155.9456373745769	1.0537856844808335	100.53450001215485
153.539558413091	1.0313353527419928	98.39266708567766
153.1305730760854	1.028086610529004	98.08272676397732
152.92632150294284	1.0356417476553879	98.803510832987
153.21805469056935	1.037364924442591	98.96790736947952
155.71491205394182	1.039182208211151	99.14128201077803
155.35602664407492	1.0706301455140053	102.14151507497427
155.80591400956484	1.0460221580671762	99.79383494351454
155.66114380908624	1.0385876378421517	99.08455810984667
155.7193964049124	1.049631877706592	100.13821365777987
154.8904910607918	1.0357085855016515	98.80988737572713
154.36230059797953	1.0341319923299566	98.65947538154919
153.7228050646477	1.0321148651613856	98.4670350453976
153.00879565054862	1.026521339413837	97.93339492993906
155.17977667777524	1.0748224881471986	102.54147787264253
155.92372866077622	1.048407549861356	100.02140889416951
154.83150086833226	1.0781591491291942	102.85980592404347
156.12342691775564	1.0573607177485798	100.87556953643556
155.8698907880779	1.0786627239278592	102.90784855865893
155.90796197339432	1.0531795701968263	100.47667478508043
155.3543722963937	1.0619327670702097	101.31175755772892
153.74356331826368	1.0742234379981475	102.48432658647117
154.5430266739546	1.0488178558750063	100.06055339057119
153.99828729572548	1.031084418309046	98.36872714407124
154.83638366843456	1.05332632479873	100.49067564003997
156.07782281906807	1.0661906857544585	101.71797651886833
153.8133425346204	1.035322464113333	98.77305016936695
153.4795175133812	1.0338016654076077	98.62796114438694
155.52185892116563	1.0449051625490504	99.68727002468484
155.36969127906372	1.0540721854351738	100.56183311282399
155.55796796729715	1.0612117365327887	101.2429689552259
154.0981771039908	1.0345353855729194	98.6979603776796
152.85481076304103	1.0627231246955453	101.38716018452877
153.1348653195915	1.0405159773973478	99.26852782578639
153.12096317002002	1.038132718617401	99.04115737146145
152.74223953225368	1.0674387710765598	101.83704782120034
153.20037057860299	1.0445465661259385	99.65305878739566
153.5770465622949	1.0379891466842186	99.02746015320271
156.28281677732514	1.0417933930241776	99.39039733231164
156.38363189540095	1.04759785419401	99.94416135676467
156.01030043979287	1.0508715017602224	100.25647772823568
154.58235180142833	1.0465190458640001	99.84123961692347
153.93283494412503	1.033967733091228	98.64380452866025
153.91746664678624	1.0684954998524654	101.93786310147857
153.61343147094743	1.0300815067947455	98.27304620141705
153.50084888882296	1.0285128602990996	98.12339234536445
155.16310397346467	1.0376236926453388	98.99259467759673
153.91819679994438	1.0318678104520012	98.44346524173694
155.42146509429944	1.0433990481680016	99.54358193090088
153.54451003465294	1.0451107529840735	99.70688400492458
154.27937645750686	1.032109844644148	98.46655607211325
153.76629913260726	1.0521658397195774	100.37996167901133
156.45787288269966	1.0431289042074903	99.51780933937562
155.3834614095968	1.0380477648040989	99.03305250794865
155.9793746225778	1.0412576784955858	99.33928846541927
156.2735977135127	1.0428742102380508	99.49351072605147
156.06450265828863	1.072378148582175	102.30828011749306
154.78041306391495	1.040911530449495	99.30626484282084
154.90097138168807	1.0412937663480928	99.34273136112542
153.7751389141658	1.046140843523295	99.80515791284819
155.9143712497183	1.0399771443782546	99.21712144499914
154.35177347767905	1.066873511218064	101.7831202360303
154.83974110737267	1.0365867475971302	98.89366682775305
155.85729643340926	1.039572935776909	99.17855866109028
152.82850461214568	1.0465454683029305	99.84376040148724
156.02532356623544	1.0527127357071098	100.43213729258714
154.93319462069684	1.062125577549444	101.33015228961077
155.60184784256134	1.0706568919564823	102.14406677050508
155.19224332656322	1.0524453613680693	100.40662893174358
155.90242417737062	1.0444524172158525	99.64407668245576
153.06701935990938	1.0306053219524247	98.3230198305445
154.1974539138219	1.0358371509554287	98.82215292820585
155.07800065101907	1.075235586566789	102.58088877343664
156.22319870656628	1.0428239515913977	99.48871589159229
156.22389329761617	1.051361174881829	100.30319409872268
155.86925591145277	1.0663905960893236	101.73704859951897
155.5582320825029	1.0388901519561542	99.11341891678848
153.0177664233405	1.027485571567705	98.02538573880311
153.68409188589138	1.0367487005571494	98.9091176543308
154.04361477475155	1.0586081154938294	100.9945752417529
154.32496093486722	1.038809034257652	99.10568003080705
154.63840832148514	1.0336936317267555	98.61765438823254
153.59474940275658	1.0321159676820209	98.46714022936665
153.58852989090983	1.036750492263707	98.90928858882495
154.84406302095357	1.0350848231822807	98.75037847004744
156.0363865176263	1.040614779354875	99.27795384622537
154.42320657268323	1.0342052266813113	98.66646217118354
154.91264783296697	1.0564638809819582	100.79000846149152
153.18932917242378	1.0703520854706434	102.11498726401192
153.45783519861797	1.0340795995273624	98.65447694183737
154.7462587703177	1.0478414522670128	99.96740138633984
154.1375602668676	1.0581505642619862	100.95092340153458
156.00418617628176	1.077269113376365	102.77489368740808
152.61304520384152	1.0738213329303965	102.44596448634583
153.55795886987968	1.0300914043855465	98.27399046300378
155.18810882676289	1.0370194873500074	98.93495157410291
152.91082345245215	1.0691148965602923	101.99695551395638
154.1932488293494	1.0789303293752066	102.93337896796874
153.66096015935838	1.0308757901823289	98.3488233583994
155.24032580403292	1.038548238797063	99.08079931585537
155.41818108261282	1.041975076511861	99.4077305138719
153.99428355292773	1.030938966919136	98.35485061967353
152.7384070728048	1.0731583963347695	102.3827182303351
152.8762861382019	1.0580639099877431	100.94265630864916
155.4925004852796	1.057935409888789	100.93039699122805
155.90692459119455	1.0425831696052381	99.46574452564285
155.6552279927656	1.042211489458928	99.43028505962045
155.56363052396733	1.0571970249067881	100.85995271961269
155.28887171172835	1.0410782983733062	99.32217503223158
153.3378245158719	1.076392889955876	102.69129919113134
154.93122789364722	1.0424275387465576	99.45089684760514
153.9274574128389	1.0330849257848034	98.5595819087618
155.27903779001107	1.0588294550867996	101.01569174166353
153.70972515888016	1.0674182356342734	101.83508867480728
155.15832368809154	1.0640213042718503	101.51101063775836
153.54049348319413	1.0313242237075717	98.39160534045982
153.85724007483063	1.0404167471294516	99.25906094317837
153.05836506374698	1.0441065826007512	99.61108296216884
153.50686556296537	1.0316405706758272	98.42178584561593
155.7570125451403	1.0547098792961416	100.62267113180391
155.0928035295788	1.0543138753991717	100.58489110274199
154.3040810095602	1.0521218329709183	100.3757632954702
154.66666358170627	1.0554057701337765	100.68906132713015
155.19224332656322	1.038219317845364	99.049419212757
153.49330304584842	1.037974921386889	99.02610301467291
154.8703307651509	1.077648006328008	102.8110412779595
152.91791883170518	1.035820376425394	98.8205525847823
154.5104868044322	1.0505778301172457	100.22846052110408
155.78405755634225	1.0404250014894851	99.2598484353327
154.92449052944983	1.035646994975412	98.80401144397726
155.7760825701074	1.0532981337464824	100.48798612415048
155.84213794965314	1.039488860057964	99.17053757056706
154.3634214133359	1.0616681335340266	101.28651067817985
152.90749386674204	1.03245574401787	98.49955597057819
154.78522248482932	1.0598607081334301	101.11407655648485
155.62144919008924	1.0659676185443139	101.69669519879416
153.46742048594723	1.036987277183025	98.93187862190723
154.26984065551554	1.0723698322353898	102.30748671160582
153.4057607876994	1.0531035737367973	100.46942448150901
154.05430638372513	1.033196927222063	98.57026720147488
153.86058863983155	1.031328130096644	98.39197802237986
153.54032486172915	1.048669169536587	100.0463682418149
155.95592821549928	1.0687706835991715	101.96411650460787
156.27434462064093	1.0463643202756583	99.82647830455028
154.02162011939276	1.0400396249070862	99.22308228582199
155.1602584617151	1.0362506392632465	98.86160102557471
154.27822758076522	1.0325685653183363	98.5103194808442
153.53112883721175	1.0371633839885528	98.94867977028419
155.5896974701557	1.038335018983504	99.06045746868044
153.1895866058261	1.0379946038712125	99.02798078616819
154.5066303279224	1.0546923209597692	100.62099601076721
155.2012796182001	1.0576939987637506	100.90736560343208
155.30668665661696	1.0384594241191243	99.0723261135982
154.405761711291	1.0324969818209466	98.5034901879195
155.9618632545791	1.0670297032697666	101.79802145366405
153.75925401612741	1.0302008075351894	98.28442787082881
153.29166524429843	1.0644406011249679	101.55101288879065
154.60589771329205	1.0372382385362375	98.95582113179248
152.79400411762066	1.0662024273755393	101.71909670679844
155.5818977748141	1.0437658896253255	99.5785797706314
154.8815755445265	1.063688328261245	101.47924366916575
154.27707875184223	1.076943934082502	102.74387055034686
153.2221173503768	1.0754632904598627	102.60261244778346
155.69304952736775	1.061730770255051	101.2924864202338
155.08320422957627	1.0434460860119141	99.54806949055278
155.0529210228511	1.0543435397328595	100.58772117435848
154.72537416169914	1.047416665052421	99.92687533739131
153.81270796273554	1.0656083754215422	101.66242226430423
154.82796781524763	1.0344772595953236	98.69241497487013
153.5311135129787	1.0366161714324342	98.89647395506015
155.75494996687036	1.0629672079880952	101.4104465055893
155.9655691615452	1.0742291013616714	102.48486688933222
152.99245666423226	1.070006709563431	102.08203730591396
153.81585000724112	1.0306595593626986	98.32819425168547
155.47158091581366	1.0413993308096388	99.35280254591838
156.05049959599128	1.0561093867559264	100.75618858682805
154.77892231746853	1.0346706036074755	98.71086060748624
154.91119806616948	1.053850514460973	100.54068499809186
155.80189782802472	1.0440595279302456	99.60659379720657
154.49845893579828	1.0467758875432849	99.8657431285857
153.18566478038247	1.0496182974445647	100.13691805766585
154.7231186288442	1.0585118443791417	100.98539067175611
156.0683413820322	1.0691044473532898	101.99595862643267
154.3248978773123	1.033120626825217	98.56298790136613
153.97365078122263	1.0364521949619285	98.88083007915746
153.28046737204235	1.049413756529969	100.11740420500706
152.67272118224426	1.0631691701334318	101.42971433547332
154.250370153134	1.0455340339782462	99.74726635566297
154.26030814560573	1.0419177026254558	99.40225686294987
153.27152131532745	1.0370139934874794	98.93442744217501
154.490464442967	1.0401853776433356	99.23698755961726
153.97449136653916	1.0426801229785267	99.47499418527632
154.01410535230875	1.0424818627333463	99.45607952842052
153.8097984014661	1.0299750236613268	98.26288737241069
154.4915746493951	1.0377496679012326	99.00461311697363
155.36079371323575	1.0519938497411456	100.36355328901001
154.96544051125372	1.0799164291495669	103.02745601725626
154.98124695350992	1.0412089697073916	99.33464149237776
153.58713260737358	1.0789870279221163	102.93878818935873
154.97029931181848	1.0375119674825333	98.98193574234371
155.45590632738595	1.081102699712939	103.14062999534698
153.29242509468457	1.0547233895555765	100.62396005344836
153.45022429083957	1.0290926879721656	98.1787097462965
156.42316664313955	1.0426118323009865	99.46847903781976
155.54194448654343	1.0422106352717235	99.43020356744914
154.27231083595632	1.0504787359244692	100.21900662049448
155.4695737809043	1.0421858284323224	99.4278369162099
156.08749314890312	1.041118098336249	99.32597207505906
154.80408368842015	1.0343521155719306	98.68047583771292
155.62171395087756	1.0411507316754025	99.3290853992234
153.18790575845438	1.0591969597534685	101.05075285367123
153.5018745426386	1.0331856708675191	98.56919330951307
153.5929525152351	1.0718936999431496	102.26206217923176
153.60912859102825	1.0386890066404715	99.09422901504684
155.23176525787895	1.0744492030400086	102.50586528825653
155.47248582210676	1.0409529595151457	99.31021730721896
155.33073141250523	1.041862963110774	99.39703453945421
155.6937132652987	1.038775748904482	99.10250450243545
155.98998121184988	1.0481113225634502	99.9931478694436
154.22368734207282	1.0623089661988936	101.3476481490173
154.1126596162109	1.0370640832761766	98.9392061670491
154.6930947607753	1.0389024988152957	99.1145968463512
153.46211531292	1.0283234447229384	98.10532149801443
