145.90568314416817	1.0444150433057464	99.64051109277148
146.6858785786903	1.024696939207452	97.75934135787773
145.68238372053023	1.015441746371154	96.87636657655707
148.11619006697725	1.043276282691135	99.53186971463404
147.42796529343192	1.0518232149168518	100.34727418501605
146.89232228832495	1.0075835215070899	96.12666697508546
145.44892135613378	1.0120811424242688	96.55575429028805
146.49836310153157	1.011081573280101	96.46039222035634
146.57759260932266	1.0108772652226337	96.4409005830069
145.83859155237795	1.011159580211666	96.46783432929543
147.3413138444847	1.062161330967503	101.33356327920878
147.0456307691555	1.0146851158878512	96.80418162618902
146.84363609011714	1.0158523613115242	96.91554054554867
146.25765204970818	1.0587470272654385	101.00782786580179
146.50864763048742	1.0093156109231072	96.29191380466393
147.9968675180488	1.0559207334351461	100.73819046106149
146.03033758332597	1.0307473985850304	98.33657439238073
145.82818089006358	1.033788971944816	98.62675014773555
147.41621897863104	1.0282651876011057	98.09976358362837
146.78551057470276	1.018298090961005	97.1488709191688
146.8082983094902	1.0114300683756123	96.49363975892125
145.80034362324278	1.042814692234828	99.48783251957758
147.60893687308575	1.024880476110057	97.77685136110598
148.61951180881974	1.0252719332646234	97.81419761650697
145.48072822754426	1.0046034840289544	95.84236193821314
148.1595356303033	1.0159037306702825	96.92044134546914
148.87758194586942	1.0319896667407298	98.45509071856881
146.39673207575925	1.0160723485247296	96.93652802413598
146.20201404965894	1.0438906372339658	99.59048108856263
145.89912835629832	1.0062150092306663	95.99610655896201
146.43409535978185	1.0319377209697311	98.45013492709053
146.86679661789037	1.0251511632560188	97.80267577424785
146.5438415807959	1.0150048659556796	96.83468679784906
148.00130125946396	1.065184406950719	101.62197432611067
147.33496053420893	1.0316574872625122	98.42339974169492
148.18033435748976	1.0163971197580852	96.96751223092924
147.7658859240088	1.0629661142646853	101.41034216090348
146.05958839796585	1.0222811667264937	97.52886899324703
145.47328022743457	1.0437085169974634	99.57310623977837
149.097298406071	1.0170854237433558	97.03317861645208
146.55643117258342	1.0080662660561184	96.17272233775067
147.91454346089762	1.0171956466540548	97.04369423208456
148.74660915154317	1.0122003623453986	96.56712824928063
147.80904057175277	1.0328341831573191	98.53566026600548
147.85915344260937	1.013371877845478	96.67889454748672
148.01594681961456	1.0462290003325523	99.81356835234443
149.13852388836867	1.0135725614568731	96.69804040117344
148.72377579686153	1.0431949639262734	99.52411164628357
147.99467662759093	1.0420434609906026	99.4142546102609
146.72524654818534	1.0069814772602848	96.06923004248225
148.28843505844802	1.059386263097976	101.06881299376514
146.40071854290872	1.0141663728095363	96.75469188953649
148.58458598562885	1.026762273908181	97.9563808456535
148.6945551687913	1.023178813724875	97.61450736687338
146.0618149117651	1.0384470426261323	99.07114487985618
147.71789722423077	1.0206117554992358	97.36960186187605
147.50574338947428	1.0202968060833164	97.33955468764995
146.4995015643091	1.0074823006863172	96.1170101874131
145.63529686480794	1.0123343606732318	96.57991211519338
146.00400391387464	1.0652775717178586	101.63086254068891
145.82197960024308	1.037417675859695	98.97294002215412
148.78472885132516	1.0185928661410422	97.17699340723964
148.68572279243932	1.0116317654472944	96.51288229993702
147.29903817432776	1.034444902107204	98.68932796777024
145.54857226123872	1.0050099501450267	95.88114009619443
145.50817022724308	1.066640962655898	101.76093436487051
147.86113064814745	1.013695624870146	96.70978104151938
148.70490188534606	1.0510516841557727	100.27366770084056
147.02715268935836	1.0474931350923913	99.93417082199272
148.07975590230456	1.0225153456022402	97.55121040149855
148.86082993536698	1.0125647743679094	96.60189431321666
146.31850650298787	1.0562075048274575	100.76554936237171
148.43167152830955	1.0238309787665962	97.6767259824424
147.9718091542437	1.0102418077452904	96.38027592212515
145.79921353470826	1.0542727844142654	100.58097089232027
146.72173609941717	1.0442289408683552	99.62275632937916
148.44748778783	1.0575423580569896	100.89289859855604
148.49179028091416	1.0419160081681282	99.402095206341
148.44384628634188	1.0575764977040534	100.89615562927746
145.7680457369308	1.0225601474026822	97.55548463550402
145.63069897285246	1.0470039316919992	99.88749926440093
146.1689987442031	1.0066087618907313	96.03367181287567
148.39031141036725	1.0174382081739184	97.06683537119929
146.96704949114297	1.0668899849651954	101.78469188380988
147.665374580851	1.038150909993196	99.04289288646893
146.9718737262157	1.0080750814043715	96.17356334996227
148.34289566173612	1.0467505294660382	99.86332388750584
148.9732953368643	1.0147994835311345	96.81509266246934
147.48253487946644	1.0211523301184156	97.42117439684107
145.43247377273897	1.0266960320534986	97.95006116240246
147.49929792587653	1.0643029161323638	101.5378773033538
146.6060000298062	1.0491414051776902	100.09142102129881
147.8232616445444	1.0106219756880688	96.4165451508789
146.4519626958459	1.0519500867855665	100.35937816410275
147.74045038003018	1.0188505509408905	97.20157735528049
146.4442636366016	1.022122270354365	97.51370977485854
145.94835289599766	1.0458081337884146	99.77341634780512
146.6574234086766	1.0253865985799298	97.8251370516434
148.65842492031766	1.0143850753136074	96.77555680279353
148.96735929017504	1.0126181232388751	96.6069839648866
145.41154492104133	1.0423658347701394	99.44501009234804
148.7113323339629	1.0345362451023423	98.69804237951553
145.52177774773244	1.0066800378288376	96.04047176366826
146.115510393927	1.06060259674437	101.1848550854248
147.83788609054085	1.011344555625599	96.4854815710716
147.59703018932794	1.0315010153674222	98.40847182611351
145.51666231224968	1.0662235804651743	101.72111477870953
148.25495246004976	1.0443682300045705	99.63604495520958
145.48851518260824	1.043826622888027	99.58437391671798
148.9168382613406	1.0122336855491232	96.57030738871535
146.68896282389028	1.024681093120916	97.75782959091171
147.21889588360844	1.046715164522188	99.85994995958075
147.4952812106391	1.0087478128856824	96.23774406916547
148.24238841544198	1.012573950139415	96.60276971095088
146.40880383721958	1.040922358860716	99.30729790763094
146.6390241414506	1.0308891794139992	98.35010073361082
147.51068949735242	1.047882173241537	99.97128629659636
146.96201290449082	1.0276029826832418	98.03658713199928
146.44158230804626	1.0107753398157793	96.43117657558533
147.00850817969726	1.0570365321376403	100.84464119988012
147.8243903378144	1.0465598223972035	99.84512982765435
148.11478060441308	1.0123585564656552	96.58222047061092
146.57439346035235	1.060469835016591	101.17218919508339
145.711458389479	1.0468201339701937	99.86996437819283
148.97550836588658	1.0193724104185309	97.25136440632306
146.49981093509965	1.0398414669768592	99.20417739013759
146.72926778407754	1.0209934203967732	97.40601390486658
147.88648445415595	1.0099596723309487	96.35335930783225
147.40910452319656	1.0622716569782022	101.3440887309086
145.96891210862015	1.0165198002227833	96.9792163367653
145.92726816656426	1.0232050595799247	97.6170113047743
146.12988351576058	1.009402215806293	96.30017618548568
148.8937206925181	1.0134166578634567	96.68316670337602
148.04760480521404	1.0154703465625035	96.87909512561588
148.1392795689308	1.0535429943806343	100.51134660606787
147.47336230703888	1.0610695349509942	101.22940247284038
147.44145410303392	1.0422836376025373	99.43716822158724
145.97444116687237	1.0361598635968516	98.85294073879281
148.16396372997903	1.0158671009975593	96.91694675839412
145.79107300569382	1.0437731723130648	99.57927456216387
148.2426998668693	1.0232588673781442	97.62214473956129
146.78284230944834	1.0226123971018315	97.56046942269283
146.42533774857907	1.0069985925374672	96.07086289426553
148.9008077311274	1.0284572482345589	98.11808677784197
146.40039763536646	1.0388839244449146	99.11282479244423
148.8033692530223	1.0406103294781106	99.27752931385393
147.43050278948652	1.0508190502915662	100.25147369159528
148.2129815519545	1.0375842386723249	98.98883064330697
147.75218665320202	1.0532455488854224	100.48296936145127
148.45650832684612	1.0317396903589604	98.43124217808649
147.3938910737956	1.0336981658283992	98.61808695592488
148.74250199037726	1.037554188626663	98.98596377354356
147.5960742542668	1.0121765304067716	96.5648546066705
148.88945065988128	1.0121708198847308	96.5643098047372
148.6592128173713	1.0177564737990872	97.09719892231657
146.1998776276022	1.0156155402589038	96.89294706523461
147.19840208684155	1.0098386189009154	96.34181042626895
145.59790019359855	1.01129795210864	96.48103544759006
148.36363302832652	1.0125457804285938	96.60008223110124
146.31929473917674	1.0118324091406186	96.53202434531305
146.13261660954348	1.0435138682498617	99.55453613125792
147.36695340530247	1.0635027049535006	101.46153461626294
145.47048457774878	1.0442175787012036	99.62167234255863
146.990249133302	1.0292246962679596	98.19130375683449
146.24233370894322	1.0151494344728802	96.84847909338725
146.5568649437761	1.0119989441426167	96.54791231324332
147.41076570729962	1.0116346725221894	96.51315964411181
148.54678896961212	1.0208432490780304	97.39168708427269
145.43048752264076	1.0302330071938373	98.287499820496
146.55099086471327	1.0430126383304248	99.50671720556566
147.0607514703982	1.0079494806188236	96.16158063624529
149.1521479854174	1.0155459564817337	96.88630855196786
148.71669852513847	1.012592467517048	96.60453632756872
148.54693295568327	1.0506744252350961	100.2376760020313
148.55637187867342	1.012868346407471	96.6308560496157
146.7086930470885	1.0076114779315146	96.12933410673573
148.75469325117257	1.0257846842069411	97.86311568436065
149.07432520604084	1.0128591502919986	96.62997871100244
147.3363146336893	1.0427351688007427	99.48024573148321
146.11042655971863	1.0207592754414765	97.38367573273368
146.6946593925576	1.027007227826065	97.97975022713509
148.04803071493086	1.025448221823256	97.83101610470719
145.867235258276	1.0144789715338836	96.78451480032332
147.27592222880784	1.032748233078816	98.52746035562942
145.74628192845975	1.0103983292277186	96.39520856849606
146.72088965726152	1.0305997941104856	98.32249245687292
146.98395585144928	1.0094533025546146	96.30505002347324
145.81593733332937	1.0051881704054884	95.8981428748822
145.827487755659	1.0077387892218876	96.14148000804379
145.954281613719	1.043760824899791	99.5780965797352
146.18842401424143	1.0191388406226414	97.2290811062237
145.72309916804863	1.0186044784508748	97.17810125846611
145.97918970857836	1.0086269604443658	96.2262143625639
147.2724984107016	1.0285441335046996	98.12637590846943
147.04460117784953	1.0079154299210165	96.15833209156534
146.13276368736243	1.053963438216036	100.5514582828517
146.09705254532642	1.0083123625719297	96.19620072670223
146.56669429262107	1.0166101969469619	96.98784047125666
148.29423083920432	1.0142941511991	96.76688235359036
146.84884408559557	1.0328784077764488	98.53987943508123
147.5967115415155	1.0653006339499964	101.6330627508562
147.82232536898942	1.0141094595315814	96.74926218212303
147.60545625061897	1.04207187392355	99.4169652942736
146.06615820706057	1.0060310946461541	95.97856052368067
145.638854551476	1.0361198688889806	98.84912511668087
145.90808359452694	1.019595558012123	97.27265339523333
146.7116671619151	1.0621900012155618	101.33629851190005
146.3307506331003	1.014577123061339	96.79387876766837
147.51848511072023	1.0297452789172992	98.2409689944033
147.27671821737596	1.0406428741810458	99.28063418184163
147.91359194928265	1.0232756713382498	97.62374789070705
146.0116883129534	1.0055332508486035	95.93106464476715
148.26319678870934	1.0686762609173017	101.95510828097058
146.87570737164555	1.054970133663441	100.64750022473785
147.97201521841097	1.0201688475960138	97.3273470417
147.18081801923287	1.033778173420116	98.62571993419444
149.002619568584	1.0299467799061117	98.26019282849079
145.58047188574292	1.0173850200487473	97.06176105518853
146.77683317329613	1.0073781198821083	96.10707100792314
147.0860333747903	1.0100859076368343	96.365402556804
145.92686585126202	1.0058753072004634	95.96369790674505
148.64302510491368	1.0513234517314092	100.29959519040366
149.18109222089817	1.0129810729208575	96.64161051689337
147.12119532251486	1.0504675452311207	100.21793899281919
146.34718907209725	1.0186205027937616	97.17963003165396
147.81029703220568	1.0169859275489896	97.02368636361452
147.46670664638478	1.0132721736552461	96.66938245118315
146.19501586920552	1.0596640948667644	101.09531902660844
145.77438416570024	1.008072051163397	96.17327425535244
147.39662902857617	1.0306979732527517	98.33185905875858
147.522949580816	1.0152265171507686	96.85583302559114
146.06042026719823	1.0295212933547984	98.21960006059865
145.59534952084658	1.04612572013437	99.80371509352881
145.6416864105758	1.007665741066987	96.1345109821423
148.09041476319712	1.011138511883713	96.46582434391793
148.35516998293264	1.0145937717472244	96.79546710516053
146.43891352368652	1.0066144688979433	96.03421627948313
147.9366024512207	1.0503143255254177	100.20332134643083
146.68978367364576	1.0575020629386431	100.88905431633096
146.40322418328452	1.017169969691976	97.04124456837927
148.6948706522107	1.0173649084564529	97.05984234543043
146.88231994872527	1.0072580691782544	96.09561778962099
146.99902640266637	1.0296682862934037	98.23362365363623
145.91924703172222	1.0181574239629996	97.13545084094895
146.51779590370657	1.0661962270276726	101.71850517392619
146.07839547326458	1.0061784491304697	95.99261860932691
148.4399311137575	1.0378368185543418	99.01292756597887
148.72710445379784	1.0530046459886893	100.45998646024923
146.03028868748567	1.0646358041918917	101.5696358811344
145.78139163622384	1.0056452322058347	95.94174802178178
148.186216154134	1.0561665113750425	100.7616384568593
146.01524393373134	1.0145855900333556	96.79468654368092
148.4538711137869	1.055512005653728	100.69919653302554
148.25205766250195	1.036024514720646	98.84002802627741
145.95329343104967	1.012806176216828	96.62492481604134
145.9461085154743	1.0383846465174087	99.06519209297969
147.11421309674856	1.0613236185590698	101.25364285575255
147.71149075169876	1.0534538363176345	100.50284064378566
148.72117098304818	1.0281889077937192	98.09248624781944
145.87875223197477	1.038863626614679	99.11088831499522
147.75593743258398	1.0661694142343432	101.71594714831339
148.52009631713022	1.065400260252996	101.64256741647048
147.77290401091642	1.0233796884700108	97.63367145532582
146.5511271726711	1.0090301928379433	96.26468401315228
148.87616801648375	1.0422568993244257	99.4346173049628
145.87065590549454	1.0078120410618814	96.14846846614984
148.0012110325087	1.0196115081725794	97.27417509118176
148.7632928994171	1.0270282471592775	97.98175553825882
146.35313034053263	1.0317409293058202	98.4313603775505
146.46169070464168	1.010954736533571	96.44829159203753
148.5584930406809	1.0251462168657952	97.80220387291598
148.67538176762838	1.027807183538719	98.05606854193852
146.94628108764127	1.0088460550971852	96.24711668805656
148.19187862676736	1.0112846605281716	96.47976738861331
148.95656307564977	1.013252219491961	96.66747876065239
146.5051820142888	1.0503715214333214	100.20877801763875
145.93654696030822	1.0437114660880895	99.5733875923873
146.5530974970753	1.0134241565109885	96.68388209815835
146.5489586951912	1.06575103889581	101.6760328126982
146.38172794156247	1.0275555281274356	98.0320598167097
146.71673240912511	1.037201856631798	98.95235018259835
148.7609748674412	1.018367560686527	97.15549855154622
146.81508616868567	1.0226188901289903	97.56108887809879
147.79652963898957	1.0229732538976566	97.5948963067154
147.1203397718457	1.0134566236355496	96.68697956492284
147.8356663846901	1.036381663669062	98.87410116988494
146.79507549614863	1.0226443401296894	97.56351688896785
146.74118462199405	1.007166558271444	96.08688735856906
145.84051345133406	1.0198471243065752	97.29665361843347
147.05146984511083	1.014748524584451	96.81023101716384
146.8229985711853	1.0077477748421693	96.14233726474751
146.8081111616704	1.0368532805991912	98.91909492237758
148.26011954724711	1.0107627729811626	96.42997765966386
147.47270176744786	1.0465336490872703	99.84263281078789
145.84578091460187	1.05797756553191	100.93441877342369
147.3943980870269	1.0190205428952603	97.21779512744267
148.4200226741846	1.0512407649419104	100.29170660815939
146.48203239652753	1.0452258487662809	99.71786450797005
146.07708590012487	1.005786581985564	95.95523323954588
146.32093284455226	1.0469249594897103	99.87996506557008
146.56995477942152	1.0646981055464955	101.57557962816702
145.41156898465752	1.0299429591265428	98.25982831398913
148.57934487772877	1.0272296235867706	98.00096748880095
148.00547772741427	1.0106719809541327	96.42131581202543
146.10086097186786	1.0160430039954491	96.93372846287535
145.46806264498278	1.0267323561719714	97.9535265986319
145.65503763266406	1.0234673064879225	97.64203049241708
146.99246833302712	1.0078773401307874	96.15469820464449
146.45725284141216	1.012613952074714	96.60658602258239
147.60653992518263	1.0558567679783124	100.73208795339268
148.56404533206543	1.053458273036521	100.50326392085378
148.89967053377754	1.0273763071907671	98.01496157033475
146.8678088126032	1.0443022587488449	99.62975108795818
147.62352596493292	1.0089364566142132	96.25574127980097
148.8369973957315	1.029278759621671	98.19646157242677
145.79740303111808	1.0054075581513804	95.91907316238454
147.19830122244036	1.0359882497910746	98.83656823685712
146.9505640933788	1.0594146858489346	101.07152461444728
147.8595514427862	1.025672563682945	97.8524190303948
147.9024071479979	1.026891590116087	97.96871802245971
148.72390735828637	1.0187028592716505	97.18748710112192
146.6381050346781	1.0300449204388706	98.26955574690687
146.33630736396023	1.0403402591978506	99.25176375165856
148.55808712937187	1.0654451005766419	101.64684532571192
146.37337704908074	1.0263343166914027	97.91555236843178
147.51432639514988	1.0093359523750542	96.29385444376271
146.9224455054379	1.0469936126809671	99.88651479798615
146.20135100938887	1.0241543349185935	97.70757518598128
146.71795215286022	1.0309104701287009	98.35213193539025
146.6509994169231	1.01813659371763	97.13346356940579
145.69652447018754	1.0418489530203057	99.39569793234226
147.2399690675387	1.0221646812743366	97.51775591127623
145.99379299136513	1.008893888329097	96.25168013024889
147.26854436010387	1.0558401392261942	100.73050151764524
145.40313558465752	1.057814577620741	100.91886920922033
147.12420248830094	1.0081983067444176	96.18531943863647
146.33070135307577	1.0062913761284806	96.00339220347429
145.86522683355957	1.008123267239149	96.17816043158746
147.78327995873795	1.0171951483995727	97.04364669702504
147.4497300392672	1.0093395886883936	96.29420135960036
146.25205756309802	1.0380818986534976	99.03630898555443
147.76589872949512	1.0191202834814033	97.22731069603168
148.4816501132944	1.0419891407772885	99.40907228944698
149.00801784238325	1.0167255377585724	96.99884435088518
148.61155079101718	1.0447373382576006	99.67125905444745
147.21304295564101	1.0336324609624794	98.61181850310673
147.97581473881272	1.0168789158439004	97.0134771071926
147.8973301399536	1.050358097061597	100.2074972899546
147.15231053681734	1.0269651117619396	97.9757322209013
145.66890206033005	1.0477001781825164	99.9539233901413
149.0678800511566	1.0238125056803635	97.67496359136474
148.36307310265153	1.0340727200321005	98.65382061614737
148.72823600653257	1.0149560758743148	96.83003206918099
147.13088455504644	1.0115613311475136	96.50616264411285
146.81494890200005	1.0083933328085983	96.20392554435654
146.39767003047484	1.007329306972353	96.10241410135413
146.09052643931417	1.0421788587691183	99.42717198821192
147.76425966413763	1.0164903788112598	96.97640944069458
148.6507044704517	1.0284636274804129	98.11869537815019
147.29739468067012	1.0082192440973003	96.18731692857645
148.3370268415344	1.0296156062391961	98.22859780920852
147.1648420516082	1.0371240131823045	98.94492367036793
145.66864773403148	1.0259654400100415	97.88036036186637
147.58473240918465	1.0479640921394886	99.97910161954903
147.57782708490566	1.0104369531448907	96.39889341282313
148.9692009452756	1.0164219272315789	96.96987894266294
147.2299861963118	1.0107973522210125	96.43327662893276
145.5842300410629	1.01234390716345	96.58082288066977
146.24314496012954	1.0313553835950908	98.3945780926601
146.26098453913792	1.0062400581353352	95.99849630399636
148.8487729777467	1.0624224470575083	101.35847458322476
145.49826912890072	1.0046677487481028	95.84849299645693
146.43194591440422	1.0094825482837644	96.30784015888774
147.2822147986556	1.0420342259538649	99.41337355843537
147.7632480905937	1.0255076568421508	97.83668639421273
146.63963275150178	1.0233432172755637	97.6301919875815
148.67611749523516	1.0348188155653717	98.7250004988345
147.8249803506347	1.0461438132393908	99.8054412331924
147.73263257802043	1.0100636751137053	96.36328150351044
148.50195952274478	1.0135692044341844	96.69772013055056
145.75837008500312	1.0192478732475478	97.23948316481248
145.52206732057198	1.0461108794670444	99.80229924674761
148.0094097243587	1.0423848798028656	99.4468270489371
145.48168041964877	1.0112562868643706	96.47706045100186
145.99022713243446	1.0476248905080547	99.94674070696335
147.92600215451444	1.0169582237492545	97.0210433331617
145.9652753222923	1.0448399691595445	99.68105036834048
146.63583220462402	1.0409552656083476	99.31043731583215
148.4422279621943	1.0535652277755168	100.5134677425295
147.52882672513047	1.043452819344284	99.5487118718388
148.69740776856446	1.014864467843638	96.82129237220387
148.42842302808705	1.012135480305089	96.56093829663813
146.68448577656153	1.007143846382028	96.08472057220976
145.9553552234796	1.0644613050888092	101.5529881126751
146.72889427655662	1.0094034782210086	96.30029662385766
149.1780393940449	1.0143420295819199	96.77145010332268
146.95628805932674	1.0320301586145502	98.45895377189078
147.9062764382252	1.0103596326726942	96.39151679428726
147.6200311909062	1.0184302525758508	97.16147955683108
147.1286193125689	1.0099757048253182	96.35488885869738
149.10477333094164	1.013573080279737	96.69808989852187
148.30535723945405	1.0155439324646995	96.88611545431664
149.10839167349022	1.0214115979956877	97.44590937549434
148.2265080175025	1.0331939834786044	98.5699863590027
145.400657638039	1.0358293781930181	98.82141138199377
148.55286307779025	1.0166752896442677	96.99405052124543
145.89844613718773	1.0085059613249623	96.21467066240713
148.4585973488327	1.0240490998326355	97.69753542466516
147.05763640376654	1.0090716198906402	96.26863628550824
149.0548605423256	1.0133697545028977	96.67869197386304
145.6970698457364	1.0207255404933482	97.38045731157561
146.6537825981156	1.0068588214865053	96.05752829223823
146.35198392414367	1.0183414472241015	97.153007244322
148.64597850713037	1.0629974964078444	101.41333611699747
145.51133041983275	1.0050055986307793	95.8807249479194
148.1892610787744	1.0126336914281668	96.6084692195732
146.0619984213847	1.0485102860239623	100.03121025026392
148.59689257177357	1.0238048239925106	97.67423073395464
146.1064824570115	1.0590658191485574	101.03824162359835
146.37102136756158	1.0062414791159489	95.99863187005843
148.6767612696256	1.0263848420348647	97.92037264661329
145.54701478298688	1.037905792682622	99.01950791680595
148.5960274306434	1.0117490180421234	96.52406856975438
147.88097291261116	1.0107563818933862	96.42936792959865
147.18477528018033	1.0104581974903846	96.40092019083289
146.81079370305193	1.032121565609398	98.46767428941155
147.47821509861592	1.0633718114462816	101.44904696009442
147.3533906953547	1.0510149931643753	100.27016726376934
147.0328633429688	1.0153359351591495	96.86627185098696
147.9198801080017	1.0548985629368905	100.64067215019175
148.6645184541521	1.057353106710659	100.87484341925328
146.737834575215	1.0072766227771572	96.09738786186297
147.24261984143217	1.0366371980663387	98.89847996269306
146.63901172093955	1.0489305502461506	100.0713047913769
147.00061907200583	1.0126233015251307	96.60747798983614
146.4843454857433	1.0335881106212252	98.60758733974113
146.1102060712619	1.056664826918044	100.80917934178662
148.15655797843553	1.0206729977779079	97.37544456970232
147.80936109321982	1.0110397843120593	96.45640542012742
145.73593229691576	1.035336521445576	98.77439128349424
148.1452063479469	1.0101916869034107	96.37549423467884
146.85329081356178	1.0225707713030545	97.55649818932984
148.21757193179852	1.0132944403752544	96.67150676696758
147.64311057344548	1.0623533921927117	101.3518865298777
147.41493802100223	1.021761073791283	97.47925047596092
148.7310650493653	1.0149169402695484	96.82629840823284
145.92248941826122	1.02782750209891	98.05800699709107
147.4581602185766	1.0365233732597852	98.88762071476025
148.36567748353744	1.0558485189991818	100.73130097459355
145.7616719196853	1.0618338892654986	101.3023243012278
147.8162081120991	1.0392935507828003	99.15190444562003
145.7924458413067	1.0258388054387304	97.86827902170533
145.98735758754776	1.0072809292723903	96.0977987151811
146.05665253234446	1.0287363082232792	98.14470998676629
147.43385255368756	1.0155403499581857	96.88577367182096
146.11638022562119	1.0108870430648662	96.44183342019998
147.94499228386746	1.0349446741638553	98.73700780872407
148.25197977883784	1.0186250761389046	97.18006634330071
148.18891122310438	1.059481425574532	101.07789179616431
147.3415163585033	1.0556146578800065	100.70898988132781
147.48560985826091	1.0593274638604844	101.06320335982403
148.20181929070677	1.0105450587365896	96.40920702950064
147.8424029085265	1.0102466836187671	96.38074109593546
147.5406729404067	1.0323066623980954	98.48533311072559
148.02305259132856	1.0487637505218348	100.05539156809706
148.12327701707042	1.0185403383832594	97.17198209237435
145.8364264888633	1.0386632071728334	99.09176766392224
149.027801065536	1.012543146578576	96.5998309534472
148.35071793334563	1.0283221814000054	98.10520097299566
147.03561230009805	1.011641520144201	96.51381292899256
146.01603818928007	1.0210574742195133	97.41212484292343
147.68982455909327	1.010233944510105	96.37952574452311
148.09152605197548	1.011258576677168	96.47727890641275
148.37626627079908	1.0684210224830053	101.93075772397043
147.69717299504018	1.04398768304971	99.59973956749985
145.44951147735938	1.022103255749398	97.51189572117435
145.54635076063533	1.0125637944358	96.6018008245822
147.18596002035434	1.0176311301087162	97.08524073629573
148.31367832999507	1.0108805944128822	96.44121819832661
146.58902743970185	1.0488547660488132	100.06407473834018
147.0020863946467	1.0078826446675808	96.1552042742962
147.04246675019488	1.017297690090235	97.05342949987856
148.1192031417808	1.0130970222772864	96.65267245362963
149.10583750969516	1.0200233883052818	97.31346976353878
145.97605243187684	1.0088524927612197	96.2477308616447
145.9353641258313	1.0546101001685306	100.61315188623648
148.1364329952153	1.0332873240545233	98.57889134629664
147.50606124257368	1.015559641777221	96.88761417260741
146.13134195867582	1.0088843233361	96.25076759954864
145.59808152735852	1.0584752668009216	100.98190105466207
147.31559098547604	1.0193146319523898	97.2458521572097
146.44322568052638	1.0424801833240067	99.45591930743748
146.425794724956	1.039456568221382	99.16745682683231
147.97599506504778	1.0602276909597945	101.14908788327068
148.92029135412528	1.0331503602498797	98.56582456448098
146.9710717321526	1.0122238062535995	96.56936487255614
147.10408806221514	1.0293079612066904	98.19924749635109
145.61690853267902	1.0348962369631791	98.73238674599409
146.3473000001661	1.025858553147505	97.87016301582037
146.9672123772012	1.055404553458249	100.68894525242195
147.8983840421338	1.0385686536419965	99.08274695687804
147.83115041108752	1.0627339732496928	101.38819517103799
148.6281306384484	1.068509215045152	101.93917157440588
146.77395361715895	1.0119074083934878	96.53917951215536
147.58505095207232	1.0141405970758337	96.75223280270471
147.34689604598998	1.062186806782763	101.33599375286887
148.87035433471394	1.0174631068331015	97.06921078233724
148.8474658490495	1.0120520380016063	96.55297763596106
146.25489773872917	1.01291254923986	96.63507314016722
147.8877050729395	1.0120666870148665	96.55437519833592
147.39783328642088	1.0415808023459483	99.37011550664464
148.39934338349747	1.044424278262876	99.64139213700214
146.1165517440508	1.0066679810976735	96.03932151323573
146.97484376086356	1.0262686176877127	97.90928447488896
146.1380956381657	1.0066760230233758	96.04008873848042
146.6930174983248	1.0550886433691553	100.65880642692493
146.42753622581057	1.0066956090102226	96.04195730381005
148.15615666180344	1.0201985349435738	97.33017930891296
148.6250081988682	1.0403774052974932	99.25530760750132
146.3806300092402	1.043244151538324	99.5288043006412
146.7374236234975	1.052609491257839	100.42228744433116
148.63551802476894	1.0409648514636314	99.3113518368608
148.61258680108278	1.0148451421937483	96.8194486438465
147.17645796126473	1.0678474560821993	101.87603766829119
148.28914973348267	1.023166994008357	97.6133797283906
146.25659456758814	1.0595014763239343	101.07980470131733
148.7642148869338	1.028757603033359	98.14674157925778
148.0190288231345	1.0125131269456145	96.59696698515197
147.2000916065195	1.0624044895527054	101.35676138025245
146.16118477790906	1.016866378879845	97.01228104101754
149.0088402581656	1.0134571231670226	96.68702722181135
148.04406865995293	1.0444381593737169	99.64271643904813
146.46465781052797	1.0574882415811278	100.88773571494193
148.3144195220656	1.0194822558508096	97.26184400931577
149.01723798295197	1.0139953523794039	96.73837599752123
148.4594721636516	1.0323994476352116	98.49418511693459
147.4083563809159	1.0256800511512563	97.85313335864402
147.91197186587328	1.0459752179631623	99.7893567085593
145.94083961146873	1.019441245709741	97.25793151165286
145.4865863816185	1.0124302947894093	96.58906453446235
145.82252673311308	1.0102846505948286	96.38436326599482
148.3312760830862	1.03609965169707	98.84719633238412
148.54795396479435	1.0301791121762676	98.28235806470607
145.55596206889078	1.0060531138004734	95.98066122091237
146.97206169607207	1.0152063862583292	96.8539124745379
146.687831075543	1.0076576828737072	96.13374220491909
148.54496956022183	1.0286039943076826	98.13208681912883
148.38502102591207	1.0259407414194708	97.87800403790922
148.4792984306732	1.035463906529893	98.78654422497884
145.93975420871203	1.0586937445700817	101.00274452749507
148.47391628274357	1.0119968634413679	96.54771380773806
146.80023932296206	1.0404552504996096	99.26273428693754
148.03848123116566	1.0199512963531798	97.30659196242019
146.32896427286235	1.0115066760587113	96.50094837511415
148.37351783003575	1.0212632727978697	97.431758680698
146.38898249201247	1.0062663786637225	96.00100736597076
147.56335818221478	1.0133366108187898	96.67552996116974
146.31823555055593	1.067435068270583	101.83669456175394
146.91424928358265	1.0098504153097785	96.34293584112744
146.36082331628972	1.006356414135206	96.00959703580803
147.10860310849125	1.0541093100672132	100.56537492058925
147.09113708160862	1.0503790303748826	100.20949439450418
145.62527899307364	1.023564604471714	97.65131302898662
147.68665560667375	1.051858642929529	100.35065412990745
145.75787240622586	1.0087227516453359	96.23535314726833
147.14043785231794	1.047090006911407	99.89571111361661
146.5421071227019	1.023389127921019	97.63457200892177
148.97117520282762	1.0354690792844667	98.78703772218837
147.15217202118416	1.0387249411894213	99.0976572851069
146.63204445876883	1.0525348902556648	100.4151702718696
146.99957818590076	1.039961268167241	99.21560680406235
145.8224780987686	1.0556388119506421	100.71129425635432
147.94443890626002	1.0198485365977272	97.29678835549332
146.52689685085315	1.00653570922623	96.02670235674395
147.87494844060274	1.0380834670286563	99.03645861352408
147.76159634150548	1.0097472672074386	96.33309518467456
145.88490169824715	1.0269589226164972	97.97514175677588
147.75561738502475	1.0107298552974207	96.42683720812302
146.4537053960779	1.0080564881443848	96.17178949392694
145.89538848105676	1.0650173173542279	101.60603344810498
147.16644185713818	1.0108369223204041	96.43705174204766
148.64701553873027	1.0558576016110277	100.73216748460048
148.1092338113729	1.0267709258904434	97.9572062722309
146.4424843006852	1.0132063810629888	96.66310562899388
146.59274884636775	1.0384715439330723	99.07348238232859
145.67676276915637	1.012900790864466	96.63395135382243
148.65402615535788	1.0232708618252475	97.62328904789668
147.38341014628688	1.0633059705105987	101.44276552578887
147.05476022351385	1.0529267612660775	100.45255601043229
148.98497166207343	1.0395659188304494	99.17788922211959
147.25755609725525	1.0384364432461017	99.0701336653488
147.54353645957735	1.008750060854423	96.23795853252052
146.30430872131413	1.058179933578783	100.95372532760301
145.96088234494343	1.0243459438074616	97.72585528232717
148.936979553792	1.040694337957958	99.28554398955377
146.923046215388	1.0502951922952408	100.20149597552499
148.9482463344184	1.020315015351958	97.34129190969182
148.26424856541686	1.0437739590970152	99.57934962385075
147.2697317939529	1.0124321620795895	96.5892426798741
146.30048004098208	1.051020919005758	100.27073260785147
148.8149751261735	1.067749331111639	101.86667623455826
146.67942486676912	1.0282292255619334	98.09633269091381
147.29881060928784	1.0144426846584513	96.78105291719821
148.27531358999113	1.0108124259848805	96.43471471386415
146.91907920567905	1.0445614842703506	99.65448202573687
145.5325537065196	1.0452140664597975	99.71674043852335
146.51744924417463	1.0116651066205293	96.51606315372005
146.98519687262186	1.0115834353762572	96.5082714577147
147.44203792671922	1.0181070373945322	97.13064380234253
145.64787122497452	1.0278546265662833	98.0605947573972
148.02487117353616	1.0115521957519833	96.50529109837487
148.08292092866174	1.0169437225062716	97.01965986854046
146.918353426189	1.0076164853508	96.12981183043384
146.7917954633974	1.0201399171348744	97.32458698385464
146.89628645621764	1.0374676430139902	98.9777070473169
147.46829424160597	1.0105600390858505	96.41063620238191
146.5568773373118	1.056044128204428	100.74996271382273
147.26992128162016	1.0207567429579314	97.38343412576297
146.64022895046048	1.026864372730192	97.96612139743159
148.4255531166148	1.0120141969925884	96.54936748355759
145.84844533066376	1.0053550262108157	95.91406144846859
147.56673289615296	1.04445498715758	99.64432186305598
147.90139168901348	1.0392307750509489	99.14591544149185
145.56965862233392	1.0070464170530584	96.07542550489319
148.5914661312187	1.0117192309629486	96.52122678782872
148.7337758829498	1.0277435701273085	98.0499996205208
148.8993135144199	1.0145334148854745	96.7897088689198
146.41945929887302	1.047662569198537	99.95033537366318
148.38608946325044	1.0256322686351977	97.84857475490513
145.8292753379562	1.0382776385185304	99.05498319014205
145.9811674223276	1.0278258156799587	98.05784610736882
146.99713284515065	1.0263114720534834	97.91337291744377
146.07504207583833	1.0178071027462199	97.10202908461721
148.1817334631904	1.0263518466919748	97.91722478614317
145.47176187585086	1.047365582161041	99.92200186736824
147.58390421072883	1.0442219088440823	99.62208545193724
145.6533669676807	1.0278903795208014	98.06400570277194
148.52875611785026	1.0199118967502359	97.30283311520772
146.06424954379185	1.0386098540169644	99.08667760345894
146.492337242722	1.0397649679645633	99.19687914148435
147.12704630904992	1.009562628311397	96.31548004777365
146.87213281703768	1.007815512148795	96.1487996188619
148.202298897631	1.0531537064911507	100.4742073054431
147.41521703765883	1.0162027772825581	96.9489713417371
146.69266922693583	1.0296331480463081	98.23027135330129
148.8946064928892	1.0533496000644376	100.49289617428619
148.82868297175182	1.0170344054204399	97.02831130646547
148.27702819882597	1.0521669414789403	100.38006679035257
146.97708710859303	1.062557808924668	101.3713885351184
147.90724061192904	1.0234364072163908	97.63908260380944
147.5887717395531	1.0377043894235476	99.00029340644576
146.78284230944834	1.0139116692311974	96.73039235949284
145.6211177315469	1.0049916841461637	95.87939746190933
148.57752377646827	1.022915930750026	97.58942749643353
148.3591538715813	1.0306267624781051	98.32506532476692
146.87354510022243	1.063509339035325	101.46216752873184
146.8422249355488	1.0123340553527307	96.5798829866482
145.58698544461706	1.0162561321801036	96.95406156836185
146.31535372093043	1.0061220417798065	95.98723716898336
148.34389775286894	1.0426131093718993	99.46860087443946
148.49116296911282	1.0392588567841305	99.14859452799536
148.37713904322266	1.0609782512954593	101.22069372228168
145.83088058390732	1.013489909959756	96.69015518593443
146.6978687562629	1.055411326790864	100.68959144985837
146.44818094051104	1.0175256327706674	97.07517595529752
146.02007081559125	1.0233488055261248	97.63072512442741
145.78989459247742	1.0187620363017895	97.19313277768104
146.014400818789	1.0062426126502764	95.99874001283219
145.6423762534176	1.0236744774756648	97.66179526240441
146.367925902772	1.0650334922527005	101.6075765847737
148.77223721081987	1.0573677476764334	100.87624021387244
148.94779612220447	1.0350951473168	98.75136342525916
147.14757611472598	1.0095270946984012	96.31209002827656
148.85037064648787	1.021716715725827	97.47501857568196
145.44593475551187	1.0320159753769123	98.4576006459891
146.23658169343864	1.0269420823908226	97.97353514577973
147.69776093431256	1.044686651169367	99.66642334530121
145.9273778896443	1.0618760904000835	101.30635042345352
146.302351245173	1.0368941848485118	98.92299731763154
145.43707262621402	1.0518772513529369	100.35242943258132
147.16246136680317	1.0136000775565435	96.70066552444412
148.8441124313507	1.040405660686189	99.25800326129223
147.02163113338986	1.007851344233936	96.15221811354928
146.53889858466965	1.0553021603429709	100.6791766241318
147.42171111677243	1.0084585078911128	96.2101434541558
147.5577810387256	1.0247417795299192	97.7636192670067
148.36582073006147	1.0444561691375456	99.64443462769741
146.48611441381618	1.0585240844663557	100.98655841493793
145.75931690606535	1.044533223705456	99.65178587812018
145.5608773019685	1.004789545265611	95.86011277092459
145.8013157686548	1.0235447204946717	97.64941603444623
147.1560002805165	1.0542042232493787	100.57442993951207
146.56111616462923	1.0532425798310647	100.48268610423897
147.10773527137482	1.007800599656341	96.14737691973542
148.3259294978221	1.0255249335790935	97.83833464976976
147.11360929040293	1.0662671263529289	101.72526919465717
146.01944756401465	1.0094057270099424	96.30051116546173
146.8086476545873	1.0328497618110375	98.53714651903161
147.1077981574393	1.009431418980612	96.30296226103422
148.5100525793622	1.040754806524293	99.29131288276658
148.72000019589578	1.012719018149865	96.61660965973093
146.02691502406077	1.02369947289016	97.66417990430634
149.02484148286734	1.0138706804396451	96.72648189864158
148.92385065017325	1.012570337260953	96.60242503087491
148.41330644132674	1.047233864422522	99.9094355769168
146.95893114988738	1.0107329689177162	96.4271342573848
146.63829133829546	1.0071647064299163	96.08671068700784
147.53245270872733	1.023529227170453	97.64793792212532
149.1640718557572	1.0163791543890497	96.96579827768419
147.74057834501912	1.0320197555356418	98.45796128513372
148.1089105982969	1.0437563421578262	99.57766891191929
145.72540348350222	1.0623750499684639	101.35395275044671
146.4031254357142	1.04228910067065	99.43768941563015
147.53582456093852	1.0112925600679437	96.48052102978819
146.1180954443251	1.008368838973407	96.20158875471269
146.7957988879905	1.0480042685315705	99.9829345749115
148.87203227439613	1.0496523212281657	100.14016403464505
148.30535723945405	1.0460701741819127	99.79841583330897
147.76532248710478	1.0538735091745643	100.54287876677544
145.83257102815804	1.012046907966297	96.55248821430497
145.75728976597102	1.0067146299353158	96.04377196045436
148.5109156001813	1.0389331738582195	99.11752334283773
146.82512047746147	1.011666431548153	96.51618955602193
147.64673520333446	1.0098528036483578	96.34316369621077
146.3899449341556	1.0095351456404984	96.31285811371394
148.83349981558624	1.0519018725455291	100.35477837252559
147.21469530462278	1.0191589141707813	97.23099618644869
146.18631289602453	1.0168589919691324	97.0115763062825
148.91486711028338	1.0320770114313518	98.46342367936882
146.27142657902445	1.0124226892401325	96.58833894091413
146.89442311986403	1.009451721755359	96.3048992102053
147.07776334117298	1.0160510324017247	96.93449439832378
145.46624328091906	1.0081356790465188	96.17934455741737
147.12307005411185	1.0390478568955248	99.12846446870911
148.4283186635714	1.0109420219646303	96.44707858179254
145.72757451563007	1.0276932175652058	98.04519582622953
146.61339690638806	1.0251701833316493	97.8044903498507
148.77667728985335	1.0575738564486308	100.89590364512429
146.61442712327232	1.0110963856177968	96.46180536440089
147.81977317966073	1.0536003987215492	100.51682316244685
147.50901105140326	1.0131481106653928	96.65754644805784
148.40166365781386	1.0651757733748877	101.62115065556523
145.6979667020731	1.041596970091481	99.37165796090015
145.44343003896387	1.029751094257475	98.24152379631947
146.8767073082333	1.0478809492271097	99.97116952173381
145.62086371535312	1.0385647249921268	99.08237215120722
147.92751996616212	1.0281026884572446	98.08426064937801
145.85443180829523	1.0552537858149948	100.67456154057638
147.58610853446046	1.0627395805573987	101.38873012599605
147.1710527075854	1.0496628462654505	100.14116815661846
145.56113093018564	1.035065088362204	98.74849570555514
148.20655083138635	1.0113817584032752	96.4890308341787
145.75622161477662	1.0075668372279551	96.12507524188432
146.19612076019087	1.006776226073663	96.0496484276171
146.05084262378728	1.0129313741416046	96.63686909556169
147.41028382934437	1.0141408316602702	96.75225518280475
145.3897613279895	1.0407929659101909	99.29495340933519
148.2190503160685	1.036815404440809	98.91548141661316
148.13464753327648	1.011697357535892	96.51913999344058
146.9527809299485	1.009796037272992	96.33774800377068
146.0205474265252	1.0666566267079778	101.76242876517145
146.34572238685143	1.0487702729154667	100.05601382515779
148.3329673854899	1.0106899572987027	96.42303081237134
145.51724138477522	1.0049777402011162	95.87806716528054
147.40333534676776	1.036730955702645	98.90742473887212
145.9140305278224	1.0421498943422602	99.42440868992918
147.8120279422684	1.0269097719506142	97.97045262719995
146.15687980219082	1.0507467799849404	100.24457887488887
148.98457399226734	1.0241403178847108	97.70623791644556
146.14773179740678	1.0076342768687814	96.13150919773636
146.65956084011367	1.0124867982794652	96.59445514680922
146.5639423133535	1.0148297241522404	96.81797771373517
145.83775227187584	1.0084284123055902	96.2072722397451
148.50125359335578	1.0516474582905706	100.330506444851
149.06215351628262	1.01565323894491	96.89654363957091
146.00313661346098	1.0230362395448112	97.60090533742996
147.0685905365537	1.0080263948708492	96.16891850008713
147.93644805550358	1.0125501824688572	96.6005021997186
146.2397402787713	1.0161087139372225	96.93999739994602
146.90855678396028	1.0230252579104455	97.59985765464539
147.54750757855376	1.041189680810897	99.33280127041097
146.50041730917022	1.0512481311416448	100.29240936700134
146.0679813134211	1.0582031202214335	100.9559374069282
146.3437627861703	1.0169266852036098	97.01803445577403
148.1360577820167	1.0113341742315063	96.48449115311479
146.439926651239	1.0273052406098846	98.00818159288599
146.59592473653382	1.0579745592035936	100.93413196015737
148.8499349113397	1.0293849045070007	98.20658813149153
146.70698832576392	1.028135798958727	98.08741949634349
148.95967574773556	1.0242139411384725	97.71326180860427
149.13263910304008	1.0130244859153843	96.64575225440514
147.92309533843158	1.0172086353832517	97.04493339808846
146.84449779473172	1.0204691273652182	97.35599468505417
147.08472613431803	1.0217444523860746	97.47766474113197
148.9231493472102	1.0493838009478247	100.11454634736315
149.04225757612835	1.012590302695693	96.60432979673828
146.23420985312242	1.0068539948941677	96.05706782000505
145.9855749137207	1.010793069039729	96.43286799983946
146.0949709279782	1.0513615585924432	100.30323070593353
146.5062216658863	1.0603280975410851	101.15866698991128
148.9860586496343	1.0150380085561252	96.83784870715755
148.16213804316547	1.0477319851191218	99.95695787287876
146.225878852541	1.0552947432110342	100.67846900619604
147.51260963248168	1.0663982509247802	101.73777889512525
146.03591211516533	1.0064940182040416	96.02272490086045
147.04900853127631	1.057800687668155	100.91754406364377
145.67901589835475	1.0552048052710947	100.66988864117772
147.475864844193	1.0629241608235775	101.4063396694219
148.28939662457486	1.0297055576880219	98.23717946301748
147.1235859365036	1.0487860268391371	100.0575167994938
146.1376788613487	1.0310044915979117	98.36110188206605
145.42505894881145	1.0285374406874113	98.12573739245079
147.63925661050675	1.0138234321506505	96.72197426186072
146.7459922741445	1.064410599225552	101.54815061233197
146.41485350141576	1.0435652990516333	99.55944279303695
147.78625238453333	1.047420742426055	99.92726433178144
145.9932556491083	1.0062018767365573	95.99485367732905
148.89927384583	1.0243416989480385	97.72545030926102
147.7162219692437	1.0094077173267806	96.30070104800724
146.47516817565182	1.009330972506136	96.29337934845708
145.6067260755965	1.0068111731138765	96.05298248620842
147.31619810569592	1.034963596804705	98.73881308873952
147.55556569819353	1.0088060002503616	96.24329532849762
146.57638979675784	1.030254846848414	98.28958339288234
146.4445478438041	1.0183371292650107	97.15259529731544
148.6693914205628	1.046997983922796	99.88693182833511
145.64269092260844	1.0068099997077462	96.0528705395381
146.39978051308103	1.0113716884501616	96.48807012868012
148.26179446832293	1.0141900189410993	96.75694780556282
147.82598082922834	1.0254562508958693	97.83178210372637
148.32925963599183	1.0106809177160732	96.42216840748829
147.8774274721622	1.027929721281857	98.0677590316846
147.2535278885921	1.0110005782876847	96.4526650409251
145.55495977496457	1.0080122427862135	96.16756834628079
147.67890050894547	1.0422467527467858	99.43364928924113
148.32327601854854	1.0118857142053583	96.53710981772994
146.18209100795633	1.0187210810766523	97.18922551917234
147.08546773623831	1.0454581256738387	99.74002446241772
146.51907114284438	1.010464080009569	96.40148140183977
147.11408730294832	1.0078681791493702	96.15382421793166
146.526958769545	1.0289949176127855	98.16938214359604
146.07947253873465	1.0215982828340433	97.46371970178775
145.5087853593502	1.0048931728719637	95.86999917358267
145.49322908744395	1.0047009387631323	95.85165942926723
146.8095709394471	1.0237157147999372	97.66572943406626
145.8180039991299	1.0053496262674912	95.91354627673091
148.7855986898328	1.0438955971710306	99.59095428230616
147.91225473231503	1.049157330163699	100.09294031552503
148.22329128627123	1.0228041357810531	97.57876190145053
147.0743829616386	1.0107273209751653	96.42659542573351
145.70683941684797	1.0229230052373113	97.59010242498168
146.50648158324015	1.020168884708346	97.32735058233433
147.30556230422619	1.0649562745924586	101.6002097748247
148.04493330549232	1.0165645436165667	96.98348499859009
148.4198792072823	1.012840002484429	96.62815194936707
148.98409679455978	1.0271433939889496	97.9927409113945
145.97950711261402	1.0330254030478638	98.55390325067627
147.91593219876202	1.054254128130624	100.57919102362817
145.80453617371373	1.0073944864053743	96.10863242620553
145.9156149057224	1.0080957322174777	96.17553350309782
148.86722327902115	1.0217767250747545	97.48074365809609
148.56743737712182	1.0190337074056939	97.21905106353462
148.84341274339803	1.0143455265746244	96.77178372752944
147.16656782901754	1.0133581882257	96.67758851429606
146.3724643593795	1.0063212631433427	96.00624351958177
148.06272125423303	1.0169898252861664	97.02405822011626
146.79038625985953	1.008182993549871	96.18385851125817
147.4673924790592	1.011137167988549	96.46569613205247
147.91392626130238	1.0188089210424345	97.19760573079512
147.52601524570667	1.0119864284721394	96.54671827854321
145.4657011025679	1.0214767588477007	97.45212592765857
145.59385062463588	1.0451642079107568	99.71198377464667
146.58302434259147	1.020867556664273	97.39400610517552
146.45627633386792	1.006563868404873	96.02938883179038
147.32204215061074	1.0134941735383043	96.69056194486457
146.00236705333694	1.0504928781265779	100.22035583147638
149.07855175834968	1.0155856292790872	96.89009346279437
148.06392206626512	1.0397968589605844	99.19992164375692
148.93829007128187	1.0166358826721884	96.99029097099408
147.66626849027108	1.0181078366139342	97.13072005041096
145.76713512781225	1.0282547436945368	98.09876720178286
145.90723062560522	1.0103671029054233	96.39222947820718
146.37536284138665	1.009457409466881	96.30544183594269
145.75637940799785	1.0064906037113464	96.02239914741651
148.17477734237926	1.0115741630881003	96.50738685198554
148.70684798989686	1.0129379908035732	96.63750034612104
147.41236355851532	1.0431331431477224	99.51821374773216
145.92133139193302	1.010913051354393	96.44431469359577
147.13946856484117	1.0305799149634933	98.32059592313462
148.32360118912433	1.0119901040890933	96.54706894407049
147.481264302657	1.045401160649619	99.73458981824628
148.83485921045633	1.0577635353644232	100.91399961591121
145.9180159710281	1.0630239902675016	101.41586371532534
148.82926359689307	1.0498574905925844	100.15973784341226
146.65851696310762	1.044418097088605	99.64080243335178
146.80997020480922	1.01407422202764	96.74590041236982
145.95774655223812	1.0136152820292832	96.70211607941687
146.6208697193889	1.05318315853746	100.47701712416966
145.92997475989338	1.007238588599196	96.09375928052901
147.45940459640778	1.0201730075667257	97.3277439161136
148.30582524884747	1.064914540841466	101.5962282424776
146.68871408507314	1.0623150714879774	101.34823061297988
147.11399924754232	1.064786809184042	101.58404223681822
145.39157717112278	1.0650725884818653	101.61130648916442
146.8011000299095	1.013497295077496	96.69085974961416
145.85910482196576	1.0487200186766397	100.05121941121918
147.34625044187536	1.0653407229871696	101.63688737228306
147.78225504106595	1.0277444235202713	98.05008103691893
148.62789447780068	1.0602856629491764	101.15461859511565
146.83590661255462	1.0072268320677409	96.09263767010185
147.69539645391416	1.0555322946695591	100.70113216955238
146.3689988043293	1.0224497719534946	97.54495446721542
146.1030776250624	1.0177600089920484	97.09753619094913
145.55302771422936	1.0288621628420143	98.15671691697523
147.6096381377301	1.0194064358307338	97.25461053867606
147.0343570433035	1.0186222377680527	97.17979555370978
147.523636470878	1.0087257856713847	96.23564260298626
145.73075244513913	1.0204451626274178	97.35370837298126
147.50976125633795	1.041137923574588	99.32786346574066
146.670175231151	1.0466373108490612	99.85252247198324
147.67964145153292	1.0116207116990452	96.511827737259
147.71917609701796	1.051222541793526	100.289968061946
148.76858807521833	1.0177743818162166	97.0989074040077
147.55855771299778	1.020193327352877	97.32968248822664
146.78922651259484	1.0387335304085301	99.0984767238802
146.65451570234643	1.0131165127405914	96.6545319057101
147.63163921835167	1.0484156012085994	100.02217701825913
145.9221359118186	1.0330736362569441	98.55850485196038
146.39296814781014	1.0208370634951296	97.39109696002508
145.75196143908528	1.0639543500420134	101.50462299165585
148.08565987189675	1.0671917186313797	101.81347823355198
147.00420596285335	1.0076995219724978	96.13773378778059
147.80043883945496	1.0144523317975236	96.78197328489485
146.36053973353984	1.0158656214952055	96.91680560917223
145.86002975588406	1.021378745590641	97.44277515174826
146.02405497510912	1.0238440061496181	97.67796883614395
147.5994774975995	1.0373921047799473	98.9705004599594
146.1601299529117	1.0058101842376541	95.95748496933115
148.70761068215072	1.0142133156834885	96.75917038875264
147.79777284698122	1.0180466747666257	97.12488501599215
148.82556887560858	1.0320810075452829	98.46380492132529
148.7152385235802	1.0138653708406142	96.72597534603632
147.52202102777952	1.050194656775961	100.19190456779084
146.6810039965858	1.012367147580724	96.5830400902648
147.3854630061396	1.0167779772009224	97.00384724017776
146.43237826434344	1.0064578325820512	96.01927267763517
146.37410474977582	1.0158457218041033	96.91490711546062
146.12362141887002	1.0228087709074083	97.57920410722109
148.28215953177644	1.0675617908287327	101.8487842961387
147.25307332216255	1.031949403501451	98.45124947770799
145.61142999380615	1.0145745948180622	96.79363756523271
148.15123766434516	1.045545052094219	99.74831751890869
146.66583713868647	1.0076158659369903	96.12975273638978
146.31949180076646	1.0304480469104162	98.30801529219713
147.56268327695918	1.0103041823210954	96.38622665469286
148.86747428147999	1.0189294685835744	97.20910634895178
145.51598673840567	1.0312914401891653	98.38847768871793
147.65276003695143	1.0138204780247408	96.72169242886974
148.89038922864822	1.0460137431444088	99.7930321331656
147.83378038370722	1.0099821788959649	96.3555065055919
147.92848471030837	1.0414657333875232	99.35913756267315
148.6748562574131	1.034473448458835	98.69205138034897
148.90785654481294	1.0311999426809113	98.37974853593086
145.91115443799933	1.0135052325821434	96.69161701275867
146.57679899673835	1.0551340390490767	100.66313731891825
146.81378839466325	1.0483130968659664	100.01239777852618
146.58653430221523	1.0273119832189062	98.00882485919406
146.26209133413855	1.0414264662809851	99.35539135603847
147.62323259506323	1.028645099182982	98.13600835473817
146.81658365610272	1.05145334055307	100.31198699638011
146.7554100803945	1.0069921706823295	96.07025022889636
149.0487908867276	1.0139166745933077	96.73086988692994
148.26797548232892	1.043032975833555	99.50865746793478
146.65449085112212	1.0431039572566099	99.5154293210564
148.20446369054326	1.0272795794850604	98.00573344010509
148.52723853603206	1.0166568965227738	96.99229575905777
148.80665279368387	1.0177446354964255	97.09606951065668
146.74168279572106	1.022530967987934	97.55270082669396
148.9412289884083	1.0417011853100737	99.38160042363162
147.34880760709072	1.0184964038932727	97.16779060253998
146.59892719066337	1.0227637016493833	97.57490435691304
148.5626309856219	1.0150343858409743	96.83750308863021
146.46936856733353	1.0307346507657182	98.3353582099447
147.13854965340144	1.0455903544682768	99.75263950922638
146.1956051404376	1.021534125447415	97.45759888340719
145.97112119604992	1.024146928670328	97.70686860638232
147.7384925721575	1.040735717310801	99.2894917111922
145.90054156262292	1.017181233558818	97.04231917703817
148.24485414746223	1.052754550714291	100.43612657703264
149.01077699232206	1.01475705457183	96.81104480504204
147.03514785014187	1.0158023943236876	96.91077353626656
147.06914335371448	1.0274922664965465	98.02602445627063
148.23180069372404	1.024092785769558	97.70170320174807
145.89172204779862	1.0130983440138865	96.65279855149772
148.42600967779387	1.0596132269184768	101.0904660628388
146.4488359234715	1.0139938470008003	96.73823237962296
146.5747282423324	1.0165661031790758	96.983633785805
145.92969433829234	1.0603656659603375	101.16225113638566
148.4453211142958	1.0515158724800495	100.31795274074945
148.90404762640833	1.0202545993498693	97.33552803127499
146.70125256784087	1.0086865120042243	96.23189577044738
147.28345322221082	1.040985513216286	99.31332303366398
146.8391405616597	1.0130154800128202	96.64489306270725
147.14152046314754	1.026643469889124	97.94504656503909
147.7372258117711	1.013317009138697	96.6736598986546
146.26940928443568	1.0061030555531332	95.98542582267848
147.42810485114333	1.0211903699134126	97.42480351405808
147.4416571710851	1.0285657240099237	98.12843571121651
145.60566202838652	1.0401723655736768	99.23574616685919
146.96510744300383	1.0408877846216895	99.30399941545647
148.2063045164565	1.0177340795497916	97.09506243983323
146.89666163585179	1.0479269388692478	99.97555707960842
146.6427007924979	1.0580081493398235	100.93733656580058
146.58617460938595	1.0071130784176652	96.08178521072293
147.23219456334456	1.0173816392657427	97.06143851775609
145.79869103174244	1.0408519234310285	99.30057814401006
146.146959344436	1.0425359936327487	99.46124378808618
148.1181815127674	1.014385034013405	96.77555286262312
147.97701263723874	1.011082714027705	96.46050105129956
147.62700831870274	1.0165453398733466	96.98165290051607
146.92443539418488	1.0152950902299125	96.86237511505729
147.86080966583825	1.053397897440707	100.49750389732387
146.67440193339314	1.0669687800214682	101.79220918234836
147.43117525542937	1.0281778136924098	98.09142783533136
146.67721170962253	1.0068627552076026	96.05790358172027
147.36025373723353	1.0083343770142574	96.19830097439497
147.78949414511382	1.015470190780845	96.87908026355105
147.8437375313222	1.0103411935069342	96.3897576393304
148.02193053353608	1.0102557488411827	96.38160594693551
146.0299097468233	1.0271228921066051	97.99078496672647
145.94877983093198	1.0116061027470769	96.5104339968586
148.48215966527528	1.033380344581723	98.58776579992664
146.03763598207175	1.0130300132741503	96.64627958198047
148.25930159130286	1.0177566018698307	97.09721114067213
148.4615483038367	1.0172353873835365	97.04748562385178
147.22110358678776	1.046621391778817	99.85100374213977
147.05139449634842	1.0112552568908362	96.47696218825656
146.81345147990993	1.018372844760972	97.15600266902493
147.87489706351715	1.0133136863410446	96.67334289320887
148.45868874637785	1.012146909768251	96.5620287037117
148.63610855825536	1.0353435446606927	98.77506132051467
146.61112556363977	1.0447997014147594	99.67720869764007
148.13935720594702	1.0327756246315276	98.53007359672482
145.6779619991876	1.0121652428578032	96.56377773866156
148.0709211506449	1.011414200225516	96.49212588702152
148.16827583039233	1.0284784629418853	98.12011072827644
148.37511997564	1.0620767411578373	101.32549314279858
147.37593465273466	1.0097333335063694	96.3317658653538
148.3935042677789	1.0344060539800182	98.68562173309601
146.2482955769408	1.0161062110637482	96.9397586178701
147.5966987956611	1.02706533631916	97.98529396186768
148.01949308098273	1.0141981673017608	96.75772518504053
145.4501738688414	1.0276857477812038	98.04448318511957
146.78249320466898	1.048339235894413	100.01489152482998
145.9266951733047	1.0098304735180357	96.34103333088107
145.4949773541236	1.0564227725486726	100.78608658643903
145.97219527307988	1.0142183934752669	96.75965482621001
148.53694696032161	1.0204373315589688	97.352961264188
145.3892562738613	1.034565338180631	98.70081795155322
146.16537983375653	1.0145493470131286	96.79122884448164
148.40150723002472	1.0552483881773556	100.67404658880837
146.14787893306627	1.0185774119656936	97.17551902984522
146.41507575229542	1.0128849487432516	96.63243996516069
146.48174790866028	1.0176542622775653	97.0874476186473
148.1533864059215	1.050565707344193	100.2273039700657
146.07653515836037	1.0058923392760413	95.9653228208311
145.88084659426468	1.0359122852672136	98.82932098009752
146.37617692280028	1.007331042502035	96.102579676396
147.5100664288604	1.0137413852539168	96.71414672741784
145.9084979004868	1.0053417812136596	95.91279783368775
145.68968974182724	1.0185323050925454	97.17121569093497
148.5760433826685	1.020421230504785	97.35142517249889
148.10741092796414	1.0517540343949887	100.34067414358587
147.5980498810914	1.0236324269818662	97.65778351178795
146.66312763802512	1.049867194365502	100.16066361415756
147.16844486086524	1.0293622917452485	98.20443080222606
145.57582000524212	1.022926086744042	97.59039641050738
148.42320518119195	1.0426968953541391	99.47659432316111
146.40411292294618	1.0410471059797304	99.3191991788503
145.76175689706207	1.0435211050264905	99.55522654272468
148.68941582036325	1.0221817889928047	97.51938804193416
146.65585769278513	1.0656162824021462	101.66317661535808
149.01335062965376	1.015905805694157	96.92063930933486
147.17276617562806	1.0634845269555193	101.45980037754137
147.83056029725546	1.0171304237035057	97.03747175552282
147.9400507953126	1.0109946531010685	96.45209975930976
147.6973519320694	1.0107712537581723	96.4307867527166
146.63432947961752	1.0142166404935382	96.75948758618748
147.96246023877478	1.0283559109654563	98.1084188806292
147.0162358595237	1.0258849441554467	97.87268080176803
145.56521336200987	1.006420933664666	96.01575240376455
147.7731601712669	1.0184963197989925	97.16778257967866
148.69594857544698	1.036707751984419	98.9052110304828
146.93332235610558	1.0184512307897653	97.16348094504322
147.855802712359	1.0187900260756184	97.19580309097036
147.59492716536113	1.0467899112794663	99.86708103754201
146.51774638072214	1.048685124948166	100.0478904387371
146.63949612390087	1.0291026479711967	98.17965996182656
147.6626291396605	1.0539363874811252	100.54887755685657
145.4847420539894	1.0579148172222654	100.92843238546111
147.51900657334176	1.0137029348799507	96.71047843966362
145.94675498130863	1.0646662940636273	101.57254471170167
145.60199854116	1.0511915883077307	100.2870150011255
147.16724808458292	1.008720744148956	96.23516162574002
147.03267506567494	1.023703089306141	97.66452492187284
148.12719613666533	1.038940352331033	99.11820819193541
145.74883032455153	1.0068925600567853	96.06074705896108
148.87702693865984	1.013380175814112	96.67968620004
146.5280114027902	1.0132606128545443	96.6682795140913
146.32515775647894	1.0366605343736808	98.90070632050501
145.9754298897145	1.0263006641638903	97.91234181046214
147.92650379702803	1.0287116192610855	98.14235458138688
146.71353388127673	1.061452729917171	101.26596048923697
146.07637605664934	1.0402997016805282	99.24789443573809
148.01543102905924	1.021380483518346	97.44294095556916
148.38039584734912	1.0218810316605886	97.49069483755244
145.3929962324164	1.0526463754430404	100.42580631270468
148.47565363360874	1.0150326642470897	96.83733884310767
148.25597802799587	1.0124700775552868	96.59285993663521
148.0090229514057	1.0162090607159997	96.94957080123699
145.48368130334836	1.0329769458261224	98.5492802778731
148.66650170873575	1.0534701047215826	100.50439270117361
146.35616296295234	1.0061877384242492	95.9935048374465
146.1607677506108	1.0100431796894032	96.36132617496014
148.0344041206699	1.0162285588532274	96.95143098543404
146.6240976376025	1.0511475687418232	100.28281539477818
148.85632624309258	1.0420390078943411	99.4138297707392
148.8406273333649	1.0542703892476406	100.58074238581973
147.19690175730364	1.0535647944384174	100.51342640079442
146.01528059132022	1.0073043018724683	96.10002853543529
146.05994316353193	1.0186902032790075	97.18627967924168
147.9919059874862	1.0449206568875056	99.68874823376714
146.01001447420714	1.035084977131367	98.75039315727905
147.45527799585383	1.0216703673698684	97.47059679536999
147.4283966553503	1.0084766020357967	96.21186969300656
147.94615054369683	1.0119073337462048	96.53917239056756
146.44556112156255	1.0278551145568613	98.06064131324769
145.41527495649973	1.0659829402592902	101.69815693904852
145.35306549370893	1.0379422265915361	99.02298382739204
147.8011822763265	1.0232539472449143	97.62167534323
148.3217282476054	1.0491219791469644	100.08956771629097
146.17897398164254	1.0176642984298028	97.08840509943501
147.25508103287117	1.0093733827825366	96.29742542347603
146.52998052468803	1.011641586011632	96.51381921295459
147.74203717789808	1.0092632907915082	96.2869222979958
145.59076839702618	1.0056463709919259	95.94185666559046
147.22914074222206	1.0612589890900803	101.24747699921585
148.95355663360974	1.016918761278947	97.01727848820315
148.04524303435622	1.037209367838374	98.95306677555337
146.64851460729915	1.053063148878607	100.46556782169091
147.2564448232918	1.0257801431340021	97.86268245158462
145.82747559551652	1.0152472090910314	96.85780710238801
149.03806203968273	1.0259388275578203	97.87782144943134
147.7884049835905	1.0133163852868379	96.67360038120655
147.3795708465384	1.0096738145500157	96.32608756794819
147.58995686479136	1.0133904379340384	96.68066523886264
148.68894267037493	1.0287622665454321	98.14718649311594
146.1090056562679	1.0237225620995103	97.66638268818535
146.86825868571404	1.04410022669682	99.61047658875417
145.4787757030389	1.0189707881483405	97.21304836661787
146.3688014868338	1.0450137477027504	99.69762939309982
148.58310529309963	1.011501176669277	96.50042371590183
145.34678265555502	1.0551108413447472	100.66092418427377
147.19785994392447	1.008403572873364	96.20490247904685
147.768050115631	1.013855977964812	96.72507923586292
145.5320226830743	1.0111054269184898	96.46266793319263
146.73550590822768	1.026519488770426	97.93321837268196
148.08019511367954	1.0177127731634574	97.09302974293033
146.0139731588243	1.0077055819367493	96.13831192761025
146.31108063883858	1.0579744619770304	100.93412268443456
148.16867728375567	1.0154057055882701	96.87292817144241
148.97024768519577	1.0137044937161743	96.71062715758859
148.41929230331274	1.033351195248707	98.58498486100937
148.22449752631695	1.013838045653139	96.72336843639519
147.67930930298294	1.009734835117843	96.33190912385592
146.3158340107657	1.0070700872754172	96.0776837192579
146.34913652285556	1.0131187016899903	96.65474073843254
148.3089584711992	1.033721298187571	98.62029385643385
147.46501752079004	1.0664211069560914	101.73995943307897
146.27389914005602	1.0201574899775259	97.32626348883642
148.55231322293284	1.0278801637634272	98.06303108708396
146.50528102749846	1.0105681508791915	96.41141009322115
145.68885366027422	1.0356392680522013	98.80327427097042
148.7425151535805	1.0148704487604538	96.8218629706572
146.89394792143923	1.0118458869144589	96.53331016772863
146.26200524893486	1.0060103836159882	95.97658462564644
148.08907092533235	1.0360430344434224	98.8417948666294
145.61706576474108	1.0060342440083825	95.97886098283631
145.97468529361964	1.0532178205899625	100.48032399402855
147.396388181756	1.0610297603148373	101.22560784626867
147.0927714219326	1.0307812384373394	98.3398028217307
147.0546220719918	1.0100811249236166	96.36494627077818
145.57722155278375	1.039084428914859	99.13195355546779
145.54364649455226	1.0315370230557235	98.41190707389993
148.02106644405237	1.0099486301551945	96.35230584920697
147.64545888391854	1.0130827029086005	96.65130634039376
146.46839174820823	1.0139852803311042	96.73741509213524
148.33346178148025	1.0107950925208047	96.43306104635852
147.91359194928265	1.0110083248228745	96.45340408497704
148.59372049223316	1.0147433683860259	96.80973909946344
148.21273519241603	1.0325892753690313	98.51229528543381
145.85606243151807	1.008168762886244	96.18250086076655
147.72480367420016	1.0367495313641988	98.90919691596106
146.9488984215677	1.0535325740312698	100.51035247165447
146.4493920499423	1.0140929494073438	96.747687063852
145.4314746162593	1.0483638519915472	100.01723997865136
147.76004709509087	1.0261992810087963	97.90266953558012
147.7670896595611	1.0262503087964503	97.90753774853279
147.31256818195524	1.0592802174320648	101.05869590054795
146.89372282955821	1.0397739542011286	99.19773645698349
148.57422245315075	1.0289456712655731	98.16468388571748
146.34908721907792	1.0163776073128061	96.96565068169868
145.64511153936618	1.005353127131051	95.91388027022957
148.1841042957781	1.0427125026417838	99.47808330795472
145.93630307395532	1.0617409656178474	101.29345909021431
146.38172794156247	1.0284363857663703	98.11609643213957
145.68154779516433	1.0634533664555783	101.45682756691409
148.73172299927094	1.0117259363725206	96.52186650519121
147.16224723864607	1.019886858216885	97.30044435963005
146.31000936467822	1.033632939885329	98.61186419386712
146.20525574488636	1.027289669006751	98.00669601250804
148.14034062280416	1.0115585418699347	96.505896538176
148.5718252587084	1.0256893627184587	97.85402171171886
147.70200460511955	1.0098323534804126	96.3412126852606
148.08277881941913	1.0679142794067362	101.88241282561245
147.85688107426873	1.0312487816809288	98.3844079315937
148.43512909679728	1.0239543811218148	97.68849895892608
146.46617854215188	1.011880039863726	96.53656846752247
148.57601718157215	1.0352711100131893	98.76815082516674
145.97229291792493	1.0186840043238148	97.18568827923495
148.4218486676297	1.0115262923703583	96.50281983352599
146.59531683065057	1.0367734332181031	98.91147722871065
147.09537394329902	1.0435022268726593	99.55342550691205
147.60962538734307	1.0249730546901936	97.78568365158303
147.3942966838195	1.0116725669049662	96.51677488854135
146.79647240328438	1.0078506262976077	96.15214962014416
148.26689762286097	1.0216618415802936	97.46978340797563
148.47611084547952	1.0155084521133142	96.88273051614627
148.71819804993487	1.0161408025651866	96.94305875693348
147.32878546100568	1.0227145543560667	97.57021554909063
147.80616882649042	1.0093535588479092	96.29553415717267
146.2063732109171	1.020799016997319	97.38746720333835
148.28326383988608	1.0105537578082122	96.4100369485525
147.90541513159508	1.010146833067585	96.37121503633256
147.825185574749	1.05118450426499	100.28633916095659
147.80634830387135	1.0421452329923817	99.42396398235122
147.91132899587961	1.0662137088811459	101.72017299825147
148.93545729796975	1.0122910699846708	96.57578204605906
148.10910452579085	1.0238610828075716	97.67959800353016
146.2816992108325	1.0151145046669068	96.84514667899714
148.43746477864818	1.0130911361538832	96.65211089876885
147.0959397329891	1.0146683309744888	96.80258029216307
148.46350703902706	1.0117398358827152	96.52319256259398
149.00064350803828	1.0155759248569751	96.88916763011386
148.90562139943364	1.013345523094474	96.67638022056602
148.63064978470013	1.0142226418243274	96.76006013219866
146.5902802723627	1.0106725957623246	96.42137446667891
145.59837166311772	1.021093262692032	97.41553917682816
146.34843395004074	1.0441832118231305	99.61839363327748
147.44583300780616	1.049974039177241	100.17085694842397
146.14187135167288	1.014412051865679	96.77813045151025
145.5211865431355	1.0635743378864524	101.46836862549725
146.05158868938284	1.0214949557790747	97.45386197268591
148.17644824162625	1.0183244953214006	97.15138997898295
147.03939087899397	1.0076178558053592	96.1299425761499
145.4156359463644	1.0267610354729089	97.95626269499657
148.3453553907179	1.0107022644072643	96.42420494960251
146.70785934160816	1.0250105509706404	97.78926091578633
148.7854800742076	1.0513818986297159	100.30517121006788
146.33293133789115	1.0172638508524796	97.05020112915894
145.74514127175507	1.0054970920071418	95.92761497648934
146.0748340279477	1.0130608633372877	96.64922277595107
146.76340959592957	1.0430737804843664	99.51255036117476
147.63638554642426	1.0123743226277235	96.58372461252894
147.3989234908101	1.0503327771988973	100.20508169466385
147.98229417230866	1.0100547669557296	96.36243163695664
148.0097836088531	1.0182785921822333	97.1470106737664
146.13099879066087	1.034466147801694	98.69135487447853
148.3942732031711	1.0578609143714022	100.92328988235009
146.08456452858772	1.0056756529109185	95.94465025363087
146.6324294254147	1.0081339782277905	96.17918229391069
147.24553591288387	1.0171540524875378	97.0397260165396
146.79273080471484	1.036009761758236	98.83862054682365
147.5002004765048	1.026319800761151	97.91416750259846
148.54502191600673	1.0168674073292017	97.01237915835142
147.67658835444573	1.0344353741879362	98.68841897402147
146.43794984204922	1.0105907255802675	96.41356379137727
148.6569148340238	1.0224806308500818	97.54789850392515
148.50839197779163	1.048218500828165	100.0033730161826
146.446586783882	1.061996771000745	101.31786373591103
145.48391032663773	1.0342308542141656	98.66890711918387
149.08873483647133	1.013029298252789	96.64621136667246
145.84063509370526	1.0124025084280543	96.58641362736891
146.8298515130472	1.009178051186473	96.2787901690443
145.6544807364151	1.0213543474406623	97.4404474907775
147.70312951689283	1.01492977906683	96.82752327025598
146.91910423280973	1.0073365098269202	96.10310127654851
148.4276011659002	1.0637931064916522	101.48923984501182
147.13573012233982	1.0117393647554596	96.52314761555797
146.86823369262143	1.0114562262541216	96.49613530358087
148.7673630001094	1.0623348272688269	101.35011537719645
147.70394765649277	1.0205049666510058	97.3594138667061
145.44600700931008	1.0142322020961114	96.76097221248021
146.15510153421383	1.006801446371912	96.05205452414313
145.79104870815414	1.036021452644964	98.83973589453544
147.76502796676556	1.0588868633897515	101.0211686760334
145.4294763791569	1.0306775082076338	98.32990662847892
146.08676800205495	1.01367817713673	96.70811647235587
148.2105309989229	1.0150554311528672	96.83951087820253
147.5004928568462	1.0678880884905764	101.87991412905606
145.75160947956581	1.0270737727574923	97.98609882486983
146.19290438828062	1.0220625170822895	97.50800912298912
148.14313574533261	1.0564090277899436	100.78477529281741
145.77116625217715	1.0057577232557158	95.95248002509345
147.14509582159135	1.0244634709627518	97.73706774608425
146.1142485603652	1.010066424092665	96.36354376483104
147.18764897096898	1.0083093197834396	96.1959104350196
146.66516595982165	1.01897454746005	97.21340701689057
146.88480778056294	1.0098192131083799	96.33995905204871
147.10062983333677	1.0096749910541434	96.32619981017731
146.50982353653555	1.0354150365875392	98.78188187731884
147.05771176519656	1.0231430250242652	97.61109301120801
145.3952091075993	1.0578939682563606	100.92644332791943
146.55277529864813	1.042877298542282	99.49380536008034
145.41513056147753	1.043693558365682	99.57167913881356
148.76251581465092	1.012714674136549	96.61619522706856
145.92378157268982	1.0407273120527436	99.28868982288728
147.5191337604779	1.0090073433156572	96.2625040961802
148.47395547016222	1.0386451883278625	99.09004860890315
146.7335509355878	1.0118823331915812	96.53678725828104
148.48924189641406	1.0651157775268554	101.61542686117937
146.87570737164555	1.0208767017776992	97.39487857803162
149.05519261131616	1.0133142647550166	96.67339807573823
145.7502987617025	1.0072932519354412	96.09897433635996
148.91118969288328	1.0192593016878428	97.24057347430131
147.47254933693026	1.0303580224530753	98.299426673144
146.146309515072	1.066419061669155	101.73976430621157
146.08924093905034	1.0576083312993847	100.89919265534202
147.844456194849	1.033987809879267	98.64571991798189
147.5607605022681	1.0125338732228315	96.59894624586676
145.96187072137158	1.0054567446562392	95.92376571111258
146.35372205279847	1.0432608946061113	99.53040164246646
147.57727930162525	1.0189861635204414	97.21451522593227
148.3858158359708	1.017552464412744	97.07773577914064
148.1192548706111	1.0481363359952567	99.99553423025425
147.1687598084313	1.02531882863031	97.81867158328375
147.34735177337623	1.0161517647629563	96.94410458540509
146.867183997816	1.0360652441845988	98.84391374645236
146.64263868393013	1.0592726640867483	101.05797528742329
148.10539422938288	1.042919571723396	99.4978383557737
146.17312103734818	1.0173122227420541	97.05481596100248
147.06253521495046	1.037873573520925	99.01643410648595
147.0272154390258	1.038327121486017	99.05970402234605
146.951603610496	1.0080005890186168	96.16645653985196
146.97983194689945	1.0230590486578999	97.60308139923634
146.54990041872193	1.0592494666610068	101.05576217935698
147.82600648289076	1.0408001497895583	99.29563877423529
146.42930251026704	1.0404127007987265	99.2586749103803
147.8397081478312	1.0323837361327748	98.49268618971895
146.26377618354067	1.0095343528377032	96.31278247781017
148.53790224704792	1.034357400200758	98.68098000808146
147.55168281139774	1.00916743125254	96.27777699362937
147.85107884083067	1.0261801744326127	97.90084670754985
147.5579465580834	1.009730400236851	96.33148602212879
147.14527208059025	1.0079426773509246	96.1609315828877
148.91380882055338	1.0464150104563623	99.83131430872803
145.99265725402202	1.0670336179437174	101.79839492598785
148.30657927700398	1.0645124139398143	101.55786405932882
148.64715993797873	1.059977763880843	101.12524404643372
146.3521934815547	1.0075420085055016	96.12270650293239
147.78586800535132	1.017412454879659	97.06437842516162
146.82487083519018	1.0096213611483384	96.32108334689147
147.96952964843308	1.0354716493382865	98.78728291348257
147.4928408906165	1.0086713437425945	96.23044867012949
148.01761029481386	1.015840290254987	96.91438892843006
147.4131878740981	1.0523253040144762	100.39517507903518
149.07856505021564	1.0193668682387413	97.25083566477502
147.1404630289543	1.008571063475981	96.22088161431013
147.8616442257958	1.0517769478142132	100.34286015652876
148.85320966123044	1.0332711563249921	98.57734889356772
145.48089696877145	1.0442535658689687	99.62510563262073
147.32812752258678	1.0217949315794022	97.48248061644414
148.31337925689124	1.0563265245059477	100.77690421758071
145.45736454297455	1.0126627468930602	96.61124120317353
146.4782600133832	1.0094603957751835	96.3057267392361
146.28459080846798	1.0074750918974404	96.11632244606675
148.06810585583858	1.0102063839084954	96.37689637562615
146.13840209459008	1.0202486105986959	97.33495668539909
147.29202223295206	1.0188096943936529	97.19767951095669
147.71473860206697	1.0135367581920063	96.6946246560317
146.56600008077143	1.0127885850113139	96.62324655918418
146.41310023443955	1.008217401142779	96.18714110486383
146.32725190946053	1.0601808222620226	101.14461646069765
145.53872134495117	1.0047173101037594	95.8532213071412
146.69594061734645	1.0292935165406871	98.19786942935335
148.37726930961526	1.0157273674928546	96.90361573839895
149.11469808038197	1.0145363100647382	96.78998507821359
149.01880366227968	1.0324912892624223	98.50294709976271
148.91115001065774	1.018864061667671	97.20286632151118
145.66704914943125	1.0077275029446715	96.14040326136403
147.5315620828544	1.0123713527403957	96.58344127584863
147.2201195656244	1.0334286565306559	98.5923749132427
146.4694180271982	1.0168280047965437	97.00862003163493
146.56957044887486	1.0104689784075116	96.40194872455564
147.29757166876686	1.0302417387028704	98.28833283417981
146.8860205023517	1.0083466623766804	96.19947303697546
145.4504749595552	1.037937316272302	99.02251536734711
145.61249419752428	1.0174142159696227	97.0645464387355
148.11228508721936	1.0514404857785264	100.31076061007543
145.6648572570079	1.0476755837180909	99.951577000149
146.88246996404374	1.0083476036761816	96.19956283993646
147.20627035917823	1.045970413014826	99.78889830123256
146.88039480558135	1.0358766229694347	98.82591868366353
149.14508888086758	1.0136389306463958	96.7043722325725
147.19340962964395	1.0111217964474355	96.46422963822644
146.4314271009667	1.008317743738687	96.19671410709579
147.3478961218343	1.00835394496205	96.20016781874155
146.74335172583125	1.0070663977097087	96.07733172297515
147.48201393762898	1.0198970543193435	97.30141710017666
147.47507722518336	1.0282031337768185	98.09384345177384
147.2109366332834	1.0219837928561373	97.50049858186904
148.83777615030795	1.0435690342953283	99.55979914714464
146.73243029648376	1.011082020041605	96.46043484282225
145.4047114470629	1.0285902868516879	98.1307790843065
148.84304310263784	1.0500000076321645	100.17333442147212
146.85517708532277	1.018469326744456	97.1652073565744
148.7058354759858	1.0149805206598184	96.83236417932889
148.44256728205875	1.0614234286838626	101.26316505854952
149.11827754903612	1.0172205320631729	97.04606837912424
147.84621441428658	1.0123605293966695	96.58240869449362
146.2537665612784	1.0426273722332877	99.46996159669973
148.8814143815379	1.0176073211111265	97.08296928233338
146.17109664166256	1.0109545547482626	96.44827424914196
148.60064176397083	1.0377434481564383	99.00401973357289
148.44053141194743	1.0126856732706337	96.61342845238407
145.52183807523159	1.0447765123884938	99.67499639091042
148.6255854355796	1.0115000005446606	96.50031150987931
145.52002829049093	1.0123576623579862	96.58213516990054
146.20130189575076	1.025505751026556	97.83650457335412
148.66194433158043	1.013196815881254	96.66219308028747
146.89103433692415	1.0364220351722695	98.87795273946827
145.56470605449834	1.0065738557830441	96.0303416593773
146.8141253124457	1.0113528830623957	96.48627603498117
148.18042503859795	1.0502035654220097	100.19275448090835
146.30385319904465	1.0102476677297154	96.38083498324443
146.2435874680205	1.0474931377347667	99.93417107408372
147.79107028409646	1.0222276791702822	97.52376611056435
146.59093771601746	1.06230758817734	101.34751668138595
148.2018970643627	1.0140776506287117	96.7462275117977
147.02293615442437	1.0360132232542913	98.83895078453739
147.13654826771622	1.0388851083451425	99.11293774028478
147.28167142188028	1.0093203411135228	96.29236507984768
146.15326203325776	1.019459105494906	97.25963539186144
148.1986047952225	1.0176437093482396	97.08644083568467
146.9663854245833	1.012579328470916	96.603282820852
147.1810826635882	1.0207289697415498	97.38078447274171
148.81633379478473	1.0255016732091031	97.83611553662227
148.92615314117896	1.013266308577592	96.66882290415366
145.60017297063445	1.0417237725210011	99.38375531526727
146.44217539668634	1.0063874007429456	96.01255325656722
145.50604749221938	1.0077131461421553	96.13903357682192
147.43776099950875	1.0453707323867232	99.73168686535793
148.43215426275808	1.026207560910136	97.90345946445615
145.91270213779032	1.0177161462291189	97.09335154410373
147.1388895220972	1.0099753173615549	96.35485189342418
146.10370222995053	1.0384852070127093	99.0747858835055
147.88539235667866	1.0204527850849892	97.35443557963445
146.09608519150387	1.0463708100386906	99.82709744854819
148.4417842411545	1.0324027717002977	98.49450224329753
145.39217846206267	1.0321924706211687	98.47443885265405
146.8155853245085	1.0312184353300942	98.38151279337605
146.90088892014853	1.0313506748730776	98.3941288656301
147.0620453047398	1.0246476800278146	97.75464187574507
146.5584637433956	1.0093441237594	96.294634019773
146.15950443083878	1.011443690083952	96.49493931314504
145.82500716530276	1.017203843048061	97.04447619409586
148.004536690566	1.0121722347134854	96.56444478389241
146.68386400652832	1.0086426925941228	96.22771525959945
147.66778818685182	1.0130742370153512	96.65049866729902
145.5397352959076	1.0116665650567815	96.51620229316899
148.13907253771507	1.0504323398734083	100.21458028991833
148.63180445411592	1.0523959750289231	100.40191731819009
147.84640692527762	1.0460300187154135	99.7945848743135
148.15167775747756	1.0137529075183098	96.71524598802353
145.33053358770127	1.0634189084778078	101.45354016643256
148.59990762476417	1.0131444022442557	96.65719265290733
147.07449605485883	1.0314931001028131	98.40771668473928
148.54663189457276	1.0222621381108106	97.52705360289605
146.97186119492568	1.0578619542517338	100.9233890902353
146.67880318028	1.0105452485211346	96.40922513554877
145.85707247873043	1.0062388058626548	95.99837683320675
145.39220251389045	1.0431994185599671	99.52453663248117
146.91591340896883	1.0136712479125598	96.70745540237012
148.99677128876874	1.0213272829785105	97.43786545516
145.5811485688247	1.0503370261692815	100.20548705992874
146.27339477383475	1.0133479479305836	96.6766115576296
145.89296445481233	1.031466645699938	98.40519285071368
146.30996011141627	1.0070332064526977	96.07416517167584
146.86148616860706	1.0673079637518326	101.82456838711516
145.8988603402169	1.049014101063442	100.07927580461585
145.8788374654438	1.006200899263154	95.99476042326296
148.401481158794	1.0178142083965445	97.10270698621822
146.91028320862964	1.0073332341452936	96.10278876612122
146.94376411205226	1.0501036812712543	100.1832252157995
145.6818748942667	1.037725894932851	99.00234510031214
148.11969456870048	1.0581702860283597	100.95280492066216
145.72313555092032	1.014461798520783	96.78287644035014
148.80124632588098	1.0401961759850609	99.23801775570199
148.03321720119578	1.0152409787546308	96.85721270851442
148.0274250833743	1.0127506121658447	96.61962382916468
148.20959749939288	1.0562533522364073	100.76992335074856
147.76299200051798	1.0390052857703627	99.12440304820763
146.82462119458268	1.0176654463423904	97.08851461394043
147.2506111847768	1.0086711988987282	96.23043485156478
145.79440191191964	1.0051631767398115	95.89575839982307
147.83933603005136	1.0225670336522896	97.55614160558002
146.37688000710992	1.009704776597863	96.32904144561567
146.7365145644505	1.022430769193771	97.54314154360505
146.41984211142915	1.0066424621163355	96.0368869213947
146.1804465609557	1.0112906483610695	96.48033864688283
147.96600120778947	1.0217649028086282	97.4796157763726
146.6885897162808	1.010188309389546	96.37517200913274
146.49853634366272	1.0405193647865825	99.26885099347416
147.84491820040245	1.061052994533401	101.22782446448706
145.62260557373793	1.0428984153456882	99.49581997016999
147.48611814415224	1.0612371698025764	101.24539536991294
148.01563734438912	1.0442339508667455	99.62323429913208
146.02671945840993	1.0107123455789326	96.42516672538684
146.4962223890736	1.0451288301621489	99.70860862510702
146.46232119524606	1.0085857786938048	96.22228549281056
146.89195965674105	1.0096744033471436	96.3261437410636
147.69268707692558	1.0365040841927553	98.88578047652385
146.62715199900808	1.0157522523090536	96.90598982887228
148.6171246246705	1.0114726853724918	96.49770555573019
145.99812863967387	1.0055840330935912	95.93590943216988
147.67625623386778	1.03817134853709	99.0448427884477
147.98707398856817	1.0600690054109507	101.13394877809294
146.3120164891304	1.0085481347178447	96.21869413798635
147.32969647211308	1.0155937691452424	96.89087003186921
146.51767209636688	1.008310893754562	96.19606059686193
145.62560562241563	1.0535649580682667	100.51344201160154
147.9378505076519	1.041478687533992	99.360373429375
146.63655254031167	1.034130501066474	98.65933311027825
148.81597763378704	1.013142120535334	96.6569749706319
148.56286670606292	1.0659480236153964	101.6948257803626
147.51037160393523	1.0436174437568198	99.56441756346835
147.8552507062611	1.0142420581488687	96.76191251120568
146.3770897014334	1.037916923227694	99.02056980614466
148.52098574497575	1.0227050306213625	97.5693069545625
147.30844542801577	1.0457471594346406	99.76759920086481
146.6170958880894	1.022988653299784	97.59636545857062
146.5235286264986	1.0081874920215914	96.18428767974271
146.54526637367485	1.0555607636891182	100.70384820440592
148.45106439630072	1.0171877098524997	97.04293703601728
146.38055599246937	1.007245243230189	96.09439415345385
147.40350016777256	1.009705464065326	96.32910703219432
146.78433850958348	1.0512757696052888	100.2950461641836
146.827804236965	1.019974587034115	97.30881396732806
148.6776546905139	1.0469251198565255	99.87998036507341
145.96592210829436	1.0069223735645232	96.06359136225555
147.623589741305	1.0089435739849095	96.25642029956266
146.0066181483855	1.0171244888387212	97.0369055505795
148.28783734131616	1.0440148731604182	99.60233359038854
146.59881552487437	1.037466184663435	98.97756791604377
147.95411781067335	1.0106623034762514	96.42039254991009
146.2063240908469	1.0063657567173092	96.01048834780289
147.43947424860278	1.0184056140332833	97.1591289616441
148.7701820548128	1.0580128617913693	100.93778614863983
146.9936594834951	1.0082452333327554	96.18979638415328
146.08878796346593	1.0562173227815037	100.76648602635919
148.75757712271476	1.017855416593352	97.10663837902747
146.00456583721063	1.0414465719438566	99.3573095001108
146.3015633585551	1.0403908548713805	99.25659073955185
146.1623990890628	1.0227121740464318	97.5699884599941
148.49378991206126	1.0198265672718692	97.29469241205504
149.04933538535096	1.0162133022931514	96.94997546116404
147.1354154558562	1.0189249044983923	97.20867092073469
147.3356818707099	1.0290979842071357	98.17921502392792
147.76607800677994	1.0264749068474732	97.92896511568706
148.8610280584519	1.012079314499204	96.5555799004333
146.80207302677462	1.012029097768767	96.55078906491417
146.87047064056557	1.0241874115121248	97.71073079802058
146.99949040165703	1.0536681270581616	100.5232846607935
148.7393166416608	1.0133849806863329	96.68014460010507
145.66713392121733	1.0312999539450962	98.38928992806444
146.23360769942275	1.038554657281589	99.08141165965746
148.60061554444806	1.0631115385035783	101.42421609500799
147.50083608893104	1.0111150768044115	96.46358856294742
146.9345491734726	1.0631982819585253	101.43249169601572
147.11521946252807	1.0081294919383688	96.17875428765612
146.56937208624973	1.0315629512488387	98.41438070584374
146.08477262902557	1.0248408574081596	97.77307161115775
148.9616097195711	1.0396371848745438	99.18468822899204
148.38194619174354	1.018698560471074	97.18707698189847
145.61382449278807	1.0271578958731273	97.99412443718776
147.28802816847042	1.0608237728300112	101.20595598621712
147.78940444821714	1.0617210411077291	101.2915582286898
148.77783681048453	1.0453797056094138	99.7325429392921
149.07198620582963	1.0232533377801234	97.62161719835395
148.05257406780416	1.0489400780441762	100.0722137735588
