161.57809484483874	1.0757521291062364	102.63016857169463
161.002671108514	1.0898241198301633	103.97268116456843
161.3515652991987	1.0990995006785258	104.85758194633588
161.8156608043091	1.0784798608313018	102.89040283866687
162.24569839161236	1.0808959092440344	103.1209015280649
160.46189649494065	1.0742945145459057	102.49110751479151
161.166170274407	1.0974512301399977	104.70033170379028
162.70174381869356	1.0980430842947728	104.75679646926085
160.00697001844716	1.089131617538559	103.90661424729197
161.36212018581682	1.0911612187093784	104.10024464286234
162.35010506708167	1.1097633237066475	105.87494452028136
159.95804427859255	1.0872251513612372	103.72473132104824
161.86567191538063	1.0794895930990271	102.98673450285335
160.9078916739365	1.0835100800005821	103.37030171809066
161.91821520123864	1.0821778776514237	103.24320538431037
161.4230838223285	1.0745552090376884	102.51597859699852
162.8231426237559	1.0865817446851918	103.66334828137202
161.5169180022581	1.0893847769663878	103.93076646047436
161.1379030224288	1.07614093453911	102.66726184442703
160.88685395194312	1.0705604135516176	102.13486242436726
161.0344426631269	1.0736080090639275	102.42561271219293
161.84549366332323	1.0943015070600537	104.39983812176283
162.65577010855873	1.1123039038318474	106.11732393043023
162.46241035414968	1.0952147665996572	104.48696598139075
161.80509266268714	1.0994103911004642	104.88724187964912
161.6113440933397	1.0759474864724459	102.6488062846801
160.99677601024254	1.072734034931319	102.34223280512134
160.11572788970201	1.0984266148759838	104.79338650439728
162.91396763243074	1.0944112108401436	104.41030421068697
162.40316584663316	1.0916328994049815	104.14524447878364
161.15421989137133	1.0740061471944475	102.4635963539116
162.06897183788743	1.1148529199521153	106.36050816129242
162.33461305916424	1.081197428674187	103.14966743900939
160.95355014562836	1.0708529397103281	102.162770348663
159.70213380546582	1.0818056172757016	103.20769056255986
161.14722226159094	1.0753547185047818	102.59225433855863
159.92828996753627	1.090174602458204	104.00611832004694
160.57658970061627	1.0953597088959233	104.5007939366385
160.09248640626927	1.0660494138026422	101.70449872613422
160.1479437693965	1.0658585998914336	101.68629447318106
160.9340738854402	1.0817651783800928	103.20383256352748
163.1927704463684	1.0899163739720374	103.98148250260515
159.61399143262443	1.0884610099831784	103.84263615736586
162.43670189979667	1.1132597075225805	106.20851063715132
160.03937762658646	1.064713465595732	101.57704502563152
160.47480802564655	1.0690213267851145	101.98802866032544
162.1001682431734	1.0846141288966908	103.4756314880751
162.35546728664409	1.086816480335623	103.6857428076962
162.30861245651238	1.080948479067905	103.12591685616852
160.79771193353105	1.0710701820749828	102.18349595998384
160.88503924109654	1.0877739585053339	103.77708926502812
161.17110061415	1.083625872200799	103.38134866162534
161.03885651481028	1.08878082689425	103.87314770608353
159.72723267877163	1.0851582934793027	103.52754651694944
160.4298981723384	1.0672872750151328	101.82259461594838
161.08258610069956	1.0729045251420806	102.35849811252523
162.95740041688939	1.0886998356526842	103.86542088449532
162.85828568343794	1.0871531338031089	103.71786061735094
160.13447251894806	1.0734637047359328	102.41184562114375
160.6349638669093	1.0782232088447685	102.8659174242954
160.1254697652163	1.0748579944849255	102.54486528999237
162.84846267418254	1.0961944535814963	104.5804312299115
162.502393227528	1.1095903026796303	105.85843776497151
162.45916930613143	1.0839814007894157	103.41526721776344
162.61860043311992	1.0997182153754805	104.91660929281115
162.4080691433488	1.1094292141526305	105.84306940804835
163.04058530468149	1.0868328897355455	103.68730831654777
161.14660929545028	1.0735797244286762	102.42291426818775
161.4297741557535	1.095443534100745	104.50879112731899
160.62026184939856	1.1065138242650288	105.56493195656556
162.1602221658864	1.086360041284845	103.64219707308263
161.75345315167567	1.0766888293328831	102.71953274728939
160.0043931686876	1.0649922785993664	101.60364467139449
162.97722055547388	1.0891071929013447	103.90428405935482
160.7874559228643	1.0768185060132553	102.73190431431335
161.30648345924988	1.0971848427915356	104.67491750498155
161.22303999330074	1.0956171103023362	104.52535084804587
159.98119588411953	1.0845341027650484	103.46799674103775
161.24221049637302	1.0810977132831712	103.14015427411549
163.22201482878907	1.088449255671956	103.84151475875593
162.11584178641303	1.0838572252579053	103.40342047780673
161.8571593124743	1.111252028155391	106.01697165124779
161.61208025660866	1.0786394506468684	102.905628213761
160.21593653019477	1.0666519217294328	101.76197989528019
161.1851790326893	1.097773976669929	104.73112274744855
162.59458643198562	1.0832425289765666	103.3447765009395
160.4676974971953	1.0947345034683498	104.44114735385449
161.799974825479	1.0770610706585946	102.75504575160838
160.10641211193672	1.0698339791791986	102.06555827884856
161.93659949763372	1.0797683753536957	103.01333121506734
161.2881436583968	1.0871563023014301	103.7181629021506
160.52879025240424	1.090783992346713	104.06425605019072
160.27889099417777	1.066849829844044	101.7808609577617
159.85958255875858	1.1010193696881607	105.04074354533556
160.33649691110355	1.0664773091808428	101.74532130375931
161.88490530724687	1.101340959810907	105.07142426407685
159.74685573796174	1.09199660578544	104.17994322222751
159.47645649503562	1.0996363326502037	104.90879742084651
161.18225666151355	1.0773618936565472	102.78374522070985
162.7529266474592	1.0870167793715662	103.70485197166381
162.02421182845205	1.0916659504091755	104.14839764951888
160.35194952954683	1.0697714313044748	102.05959101301379
160.6148696805131	1.0697241372887456	102.05507901375725
161.5959994014297	1.0770648842957709	102.7554095847031
160.96242646552273	1.1072434871329235	105.63454411080295
160.0910421995585	1.0885976891087268	103.85567577989202
162.24749038133527	1.0870864521660677	103.71149897746662
161.27328856313108	1.1090206023519193	105.80408654494008
163.2120326077281	1.0917848341079746	104.15973953183367
162.8645669302398	1.092148912149163	104.19447373289117
162.42891728030165	1.1018204594055683	105.11717004779287
160.29407741160944	1.0953604731117086	104.50086684525077
161.40536138577355	1.0827830163514516	103.30093753757573
160.88178569204814	1.0708097354749069	102.1586485274327
161.93034460623142	1.0780906479812413	102.85327069704132
161.45179147566412	1.0772585774949608	102.77388853087126
160.4597725982307	1.1011533510819684	105.05352579568851
161.45576414397928	1.0975207084758503	104.7069601576206
162.96413675340438	1.0973692254755114	104.6925081984379
160.72563699031642	1.0946793670951465	104.43588716879589
159.97048432913786	1.085637551557102	103.57326925919004
161.63463363300266	1.079586092011088	102.99594080544279
160.87500917612005	1.081266719985976	103.15627805015023
160.73062432781214	1.1074278189833466	105.65212995457699
162.42606677273997	1.107101154117169	105.62096508920031
159.76343612869746	1.0839549152394587	103.41274041220736
160.579609166662	1.0790637600775426	102.94610868060686
163.00463254784137	1.0866032632819518	103.66540122382332
161.12345746330058	1.0845950752741012	103.47381371198581
161.95515624699493	1.104002289386682	105.32532355518357
161.8686346803274	1.084813495198232	103.49465166621937
160.18562942990093	1.093857962648507	104.3575225766717
161.9431429448918	1.0790779042382792	102.94745807844807
162.3238124662331	1.0907371549031772	104.05978760937104
160.34754200874428	1.0818150531383681	103.20859077381661
161.03286652729574	1.084523924124231	103.46702566638714
159.82323361646755	1.0943553762324931	104.40497741184527
161.22399488727604	1.073009157938042	102.36848041346344
162.3848297527023	1.086473247490145	103.65299730449183
162.73367845453333	1.092201927859927	104.19953160002008
162.39440195784468	1.0964944922723328	104.60905587362396
161.73130284649116	1.092872465557527	104.26350302529212
161.12409081709475	1.075099874592942	102.56794142025345
160.36548269323413	1.06741610958928	101.83488584336484
162.46612807460545	1.0894530513790683	103.93728005621166
161.11600653768573	1.103745127568904	105.30078950129266
163.1118437394624	1.0887911873668048	103.87413612805919
162.7520743132674	1.0918240083132191	104.16347687538997
161.10543657161483	1.0747833455980695	102.53774354918015
161.95617056761853	1.0821059691739112	103.23634508725014
162.37194683509946	1.0820292092599308	103.22902194774784
161.681885226367	1.1027146534686532	105.20247900042907
159.88649826747104	1.0797764401303922	103.01410062036942
160.0909419111582	1.0911609656668975	104.10022050180626
162.10452437788362	1.082151075399662	103.24064836439659
162.64042598164465	1.1131398168753759	106.19707268876166
162.80675250857718	1.0924428735841099	104.22251858709679
162.00220377208504	1.0799062733564229	103.02648712234624
163.0642745135828	1.0984204743407924	104.79280067784413
160.81747064828517	1.0699709737447052	102.07862799534823
161.41202413820605	1.0867753319160154	103.68181711782162
160.63129765389445	1.089464387726656	103.93836157976382
161.42537800167435	1.1023991928105104	105.17238305207167
161.0330976859897	1.0966458522023759	104.62349609150968
162.05240691888616	1.1097695513502397	105.87553865725249
162.19400763331527	1.109479669631571	105.84788302093268
162.9651159516883	1.0929356807608903	104.26953395639784
161.7068934468846	1.1130058122818072	106.18428822507785
160.043519678669	1.101008341504142	105.03969142156629
160.60427477130227	1.0694109799064901	102.0252028052323
162.66654175602102	1.1184017737739993	106.69908008331953
162.03714126218216	1.08384575881642	103.40232654288371
161.93173195430214	1.1103657460645588	105.93241752588459
161.04632027750066	1.0964899508319377	104.60862260579144
160.64606956241246	1.0805581678133078	103.08867992326279
160.76036719270832	1.0701017580567367	102.09110523394916
160.94005488649398	1.1013547032114137	105.07273542811973
161.36188509522276	1.0753710410322264	102.59381155949998
161.30695229936669	1.103572296269929	105.28430084664039
162.3539125311922	1.0831601934521171	103.33692143049619
160.68200416816163	1.08752524485967	103.7533611935794
160.7837202241908	1.0963490401076619	104.59517927531158
161.06146675049763	1.0949247910730042	104.45930139549141
162.37835331093518	1.109013211039029	105.80338139022332
159.88540588189224	1.0980050724309218	104.75317001676385
160.71802386502912	1.1001086392084207	104.95385696604824
159.80706128387746	1.0777558932183533	102.8213340298335
161.71078900096163	1.0770949636328042	102.75827924895634
161.04541606541866	1.0780965329563532	102.85383214235146
161.9771970597278	1.0910265073144403	104.08739274808383
161.64109475961666	1.0765437299370493	102.70568980424407
159.8010864023472	1.0896319526445495	103.95434780494043
159.96228980948305	1.0688593197374723	101.97257267361672
162.3705259857359	1.1098188785983043	105.8802446333292
163.06610350428895	1.0889082533153065	103.88530459122433
161.87414447246212	1.0778292697335292	102.82833438234776
162.70365047404624	1.1152120571058088	106.39477098599588
160.5143700175707	1.0685503845886957	101.943099279571
161.0484232569918	1.0715946733612383	102.23353409392416
161.41453130069883	1.0804591265478345	103.07923107208595
160.80080638050694	1.0853474720785958	103.54559475595386
162.6792927697053	1.0838719375041663	103.40482407281063
159.99546654739743	1.0755775275130577	102.61351102535473
162.3812189084984	1.0933464599606566	104.30872359625734
160.42745139175057	1.0771653795804181	102.76499715392555
160.9133843546977	1.0999951864722448	104.94303321481074
162.14390949724415	1.113118876732184	106.19507493261732
161.13902278710458	1.1098023773237065	105.87867035934191
162.57256565897026	1.08338440191295	103.35831162950939
160.224332800148	1.101862159302025	105.12114835030975
160.22443373766697	1.0703381723131111	102.11365990460979
160.07887072784393	1.0871574424923773	103.71827167998701
160.65629469210504	1.0692933058552403	102.01397632713429
160.0422989882548	1.0855308311639638	103.56308779485315
159.96755307331406	1.0860490304588046	103.61252565283579
160.09439211062042	1.0727006642300536	102.33904913427047
161.50074478794457	1.1055394582538463	105.47197434553924
161.63664978925013	1.0947848586240567	104.44595139558383
160.24220645148353	1.0838995105939637	103.40745463312038
161.62494605603194	1.0861434882301946	103.62153722412471
161.9762698942312	1.0828820082257837	103.31038167668089
162.32248533422978	1.1104212900406902	105.93771659755664
160.0917642903493	1.0909355352279173	104.07871372219809
161.1613892445215	1.0866475667518447	103.66962791551222
162.55469503765326	1.098463273910149	104.79688389264709
161.44925798624564	1.0758311833313263	102.63771059576109
162.86507694497126	1.1087050028924512	105.77397735449557
162.9669346077067	1.0915286046798371	104.13529443087474
162.55485451829253	1.093819364331931	104.35384017472276
162.9558856797703	1.0871940927637165	103.72176823223539
160.76843189580796	1.0916254906075902	104.14453765598996
161.81960076032237	1.0853602680357122	103.54681553088923
161.65484822465078	1.0889165922556139	103.88610015260534
161.9257869016146	1.1068039412196071	105.59261003513801
161.11176520803932	1.098741887356387	104.82346450000084
161.33570107750825	1.0771833002960414	102.7667068470933
161.0862943316344	1.0718040861308067	102.25351273701521
160.38946204673752	1.0827468183402287	103.29748413237834
163.19664478975798	1.0879705710110126	103.79584672230398
160.54629677144376	1.0721792864655675	102.28930804019221
162.8009075168458	1.08663258083168	103.66819821114902
162.31349037144585	1.1026525886032454	105.19655781521656
162.0617852370212	1.095823554741802	104.54504630302087
161.0306181251943	1.0779015560852812	102.83523072981015
159.85815436997143	1.0817472436618105	103.2021215344616
161.96426505725069	1.1064815481725763	105.56185271487075
160.27261722054277	1.0709376983826047	102.1708565951024
161.2991113737093	1.0775934740240916	102.80583872302874
160.57901345395075	1.1019879854278516	105.13315256220477
160.15492412010968	1.0750936653512306	102.56734903888017
160.15709715969356	1.0775555560432453	102.80222122726848
162.19255586021873	1.090627955884741	104.04936967631123
159.9417677685987	1.074813838064566	102.54065262729584
160.31215376846725	1.0889989960514834	103.89396173635889
161.26509970970014	1.081610161363758	103.1890434479985
161.74601595191805	1.0797802870872424	103.0144676322668
162.6906754589066	1.085136792568065	103.52549526175315
160.73720703092553	1.0698188074420394	102.06411084695412
160.19695661401187	1.1011149554912494	105.04986273442998
161.42199043115662	1.1060477335538064	105.52046542290209
161.03389625508495	1.0722638977490029	102.29738022526823
162.43353333753174	1.100540545225056	104.99506217131353
162.87597623407007	1.0950552069519741	104.47174348440852
161.76183168703577	1.0811363235870153	103.14383781968786
160.4315703081332	1.0717170413140962	102.24520838513844
161.53631802613407	1.088920326430741	103.88645640476828
162.25360686473238	1.0857343976346359	103.58250868246783
161.5708340172876	1.076043151071935	102.6579329912013
160.9216575748097	1.1011518328270482	105.05338094934875
161.53994154319963	1.0770328490936438	102.75235332471013
162.35046550297662	1.0984205721347038	104.79281000769379
161.6676127090763	1.1036310912657155	105.28991007590935
162.34956442660064	1.0879794319277873	103.79669208189722
160.4186657937128	1.0670898831781248	101.80376280798939
160.215351340836	1.0729452143998732	102.36237999690483
160.62094111800815	1.072153799470807	102.28687649997224
159.95373983197177	1.0802042049516463	103.05491074244729
160.67038337381385	1.0714891748816477	102.22346920401924
161.73938818795233	1.0776495532113435	102.81118885554098
161.59483120043774	1.0883355430218595	103.83066621090522
159.80603237560072	1.082331324267709	103.25784467868871
161.07988964526476	1.103829712935285	105.30885921379938
162.12636496316964	1.0946043070386906	104.42872620109837
162.4265870700768	1.0845349121736867	103.46807396119168
161.17827616388996	1.0844946152965023	103.46422951116786
162.88226377760537	1.0975679192350771	104.71146421394246
162.15386920707502	1.0950216087639222	104.46853811059593
163.11553543395954	1.092387137201908	104.21720115927474
161.53398898468794	1.075523166257613	102.60832478899125
162.50143914424427	1.1165083079657567	106.51843743356143
161.3689604371568	1.0746950685441032	102.52932163795687
162.4000257202909	1.083515477335197	103.37081664094914
161.40097079836173	1.075411816518209	102.59770167032269
162.2505595704017	1.08098016406917	103.12893970588738
161.88088574227305	1.077739042960979	102.81972646178133
163.15680879214617	1.0888893446333587	103.88350064293247
159.9066878473159	1.080291660028723	103.06325423446555
160.4531164359734	1.0943703359262111	104.40640461412218
160.9406196198076	1.0735957186332237	102.4244401660823
161.67113096301372	1.1118206185242445	106.07121697768015
162.54339828907243	1.1041643032467348	105.34078019181786
162.61839465818758	1.084271875299216	103.4429794082393
161.58589899224648	1.0760051832314903	102.65431073867703
162.6570302854705	1.0840970884915087	103.42630419184533
160.48204370348458	1.0685892965941388	101.94681160843379
162.32172059010057	1.1125838574548033	106.14403239489788
162.44675443277634	1.1059393048531627	105.51012098060542
161.91634475904453	1.1062385967706811	105.53867437977236
160.6819628745768	1.0901991439438672	104.0084596556971
160.7444960695482	1.0916152665679653	104.14356225014897
160.26308879700883	1.0849573125437038	103.50837229758969
162.65148617071995	1.088117948910676	103.80990704184876
161.344197387145	1.094293836723562	104.3991063473086
163.00098759708112	1.0932465713339683	104.29919390413026
162.82552496028273	1.087766898988415	103.7764157647005
162.6134110530255	1.0884717786226328	103.84366351975966
160.45805730512726	1.0676319458670713	101.85547730953468
159.57115260237708	1.0998810965610484	104.93214867505328
160.6674534351237	1.0720429661567688	102.27630264992318
160.67197232200382	1.072636946516759	102.33297026212183
160.61639251335228	1.0914255777717914	104.12546533674231
160.30775480242195	1.0820255220263795	103.22867017396027
160.56297689615462	1.0710819974540462	102.1846231846597
160.9329239000233	1.09142322516843	104.12524089091224
161.54080438654336	1.075261371280817	102.58334871702
161.1384734605799	1.1029103068953063	105.22114495852084
162.42776344948615	1.0863421845862418	103.64049348734181
160.05839384158799	1.085330599217575	103.54398503144203
162.28089824425058	1.1117878036483069	106.06808633433023
160.86675537458873	1.0729769697061615	102.36540955394614
161.21130922709668	1.0974082877127218	104.69623485988828
161.26229289708903	1.0743357823226667	102.49504459171744
160.61168033582365	1.070444849985261	102.12383729322875
159.5511631808213	1.0978739016775498	104.74065591043208
160.4822890258725	1.0706942904502177	102.14763470554563
160.87901225377328	1.0728364210404033	102.35200076499837
161.62570441319448	1.0860098903831978	103.60879156535526
159.90507753164783	1.0916012388822742	104.1422239643969
161.3929846345022	1.094633712493895	104.4315315748856
159.76620079264288	1.0779441532675564	102.83929463624298
161.05708990443384	1.1095412301397716	105.8537560888663
162.0588803338529	1.0898998449093118	103.97990557754224
161.63541405523046	1.0850847203772949	103.52052740942727
160.51879331679186	1.0758271545628486	102.63732623845719
162.22736295532593	1.081291777323672	103.15866859972215
162.8638946605906	1.0968735348845469	104.64521774226901
162.21604397769664	1.084702952545877	103.48410554621773
160.22978413410368	1.072389700095239	102.30938216851479
160.2223343391056	1.0697737901848563	102.05981605769148
160.01308382012573	1.089535401393955	103.94513650908871
162.05107704476177	1.0900111629453588	103.99052567160989
161.7535185945793	1.080863671720126	103.11782596593166
162.10407982735313	1.0846718884482085	103.48114193267334
161.11653413043	1.1082270748018261	105.72838149725405
161.36150040769232	1.0789360083889494	102.93392076391035
160.57137345519087	1.0756229749814945	102.61784685813687
161.50817286507686	1.1093991286927798	105.84019915965888
160.11719389980834	1.0727792889058805	102.34655017797344
161.13148145829385	1.0883378471418041	103.83088603126338
160.29215317721224	1.0684951593885743	101.9378306201424
162.80769990213253	1.0867654004261567	103.68086962215713
162.67537017632858	1.1122076192995547	106.10813808035132
161.91698288889373	1.0966430723113392	104.62323088107877
161.29308368700072	1.0850438572909833	103.51662894125505
160.8958673876318	1.1026230289753653	105.19373773286658
162.756705052991	1.0844245299693123	103.45754314843681
161.55558662491833	1.0751989101973096	102.5773897313428
161.32699516264526	1.0737718022942282	102.44123910639826
163.1230623343321	1.088645479950848	103.86023517796374
160.95214788402475	1.0710353239631556	102.18017038544292
160.87544697345393	1.0758792769457797	102.64229887927458
161.7773985766719	1.102546333458882	105.18642073708996
161.23794167424697	1.0841184767005771	103.42834469489688
160.74095475623287	1.0722059389719796	102.2918507739242
162.96341404684443	1.0986270381608605	104.81250752210761
160.62730265348583	1.0944035536660608	104.40957369196836
160.32986053687532	1.0666241297345673	101.75932845073196
162.90797088297032	1.0857270625308941	103.58180889028232
163.2567136113177	1.0897215292922535	103.96289370153242
162.11001545777594	1.0799250463523624	103.02827812576211
161.47185648138952	1.1098900514397365	105.88703474837178
161.62644113194696	1.0774974100244177	102.79667391246184
160.43693430434888	1.0756772483191268	102.62302470686191
162.20155870044837	1.091311947677356	104.11462466496376
160.1629936862053	1.0883264260084227	103.82979641887731
161.95202543096494	1.078213096541463	102.86495267845403
161.31398626228182	1.0737198164344905	102.43627949032701
162.2712059343006	1.0850626091236961	103.51841792563191
159.9982419778029	1.0904932919677002	104.03652231107488
162.6556326400826	1.0934288911691856	104.31658779526563
161.76717931060318	1.0811565356745712	103.14576611701297
160.91167164459458	1.0705140495876553	102.13043915500215
163.0309641509083	1.087949693632113	103.79385495407239
160.71107527509253	1.0699423140304187	102.07589376761226
162.84843951315804	1.096150740006702	104.5762608160879
162.14685006031863	1.0811434325747322	103.14451603968669
161.75120641615624	1.1009089815435342	105.0302121658618
162.7185201878299	1.0843428072106225	103.44974653779245
160.59411711383623	1.08459299164894	103.47361492753004
160.19201784229847	1.1048211846176879	105.40344876016971
162.73754484172392	1.0851993847386114	103.53146675355003
163.17645574811124	1.0930676908176613	104.2821281349386
161.5885803780221	1.0827457281095236	103.29738012090766
161.17289954570802	1.0733563209369539	102.40160086578342
161.18056273356035	1.0921270651668968	104.19238946141998
162.8100570521303	1.100481974920614	104.98947437831221
160.05292740126905	1.0761233915427761	102.66558818687871
160.3584508327071	1.0694508480574316	102.02900635341135
159.9602566307374	1.0867402801582309	103.67847306884153
161.0192959632558	1.085615526435698	103.5711679926795
162.28918115776614	1.1088008838031413	105.78312469779213
162.14847648203983	1.079672599014042	103.00419384817965
161.62453438908358	1.0758295360369416	102.63755343864673
162.02567258081524	1.0794340655096715	102.98143699453172
162.5879431289855	1.116399712246282	106.50807705713801
160.91286217130542	1.081109470875425	103.14127598574623
160.73449502636285	1.0823218223098623	103.25693816174193
160.76299978440164	1.1018229837509304	105.11741087835507
162.61370820167298	1.0918801621101424	104.16883412590172
161.19441490739206	1.074443017378204	102.50527515648123
161.3692169937015	1.0893012272044489	103.9227955479194
163.01634358154033	1.099034891461274	104.85141802187928
161.72474557991055	1.0855506443355594	103.56497803432913
160.40798956181328	1.1034021667527538	105.26806995054983
160.71636922039124	1.0731864856432922	102.38539803955018
160.22736114088957	1.0659068495271302	101.6908976416165
162.01303865643266	1.0821264216698498	103.23829632029826
161.3134959336098	1.0779640567175781	102.84119348856741
160.55632781774153	1.0787637201694367	102.91748392076303
160.24234788687156	1.0676161024063757	101.85396579308217
161.5397474088116	1.1116348291421445	106.05349208075654
162.39801542065848	1.08191029122778	103.2176767899223
162.1716183934673	1.0800411255195554	103.03935244685741
161.2513671989673	1.1060238200913672	105.51818400266144
161.25510760285343	1.0880468245564725	103.80312155264174
161.0652341434659	1.109300239973705	105.83076486189279
161.21080027592816	1.094877298691879	104.45477047154633
160.3463641224947	1.0684856466037678	101.93692307026927
162.55524183429765	1.0862597490345065	103.63262887397784
163.1089520674658	1.0883961665372666	103.83644988675144
163.22187286105273	1.090300721118223	104.0181504406327
160.81460223845758	1.069931791157678	102.07488985214324
160.56193013696458	1.079522656006796	102.98988880922745
162.1711945328256	1.0837031347806232	103.38871975704508
160.10645225716908	1.0888587173856448	103.8805787062607
160.89851794955965	1.0884350903505342	103.84016334211816
163.00414183720474	1.0865118041020516	103.65667572768288
160.50002141690462	1.06994067936194	102.0757378150494
160.7637668251408	1.0712777924428578	102.20330264823083
162.8584247274649	1.0852262881332173	103.53403342281226
161.94188695405293	1.1064211519466574	105.55609072316332
161.45952282936045	1.0746267965608458	102.52280827399424
161.57336202776327	1.0772373051218496	102.77185907893781
162.21899608224737	1.0852533547475975	103.53661566375916
161.1734921712006	1.0842288257041086	103.43887234018591
162.61901199006758	1.1057008533466035	105.487371949809
160.5322534562155	1.070858593165948	102.16330970627855
162.2720807238912	1.088783773962906	103.87342886579009
161.6704576664361	1.0823708232230551	103.26161300443577
160.089758544636	1.0651420621895655	101.6179345014543
163.22201482878907	1.0890559576933228	103.89939605784052
162.43366912170458	1.1011599384555717	105.05415425204481
160.44164681299847	1.0808418881781088	103.11574774686163
160.19600908453208	1.0684180779768815	101.9304768087376
161.54550756712956	1.0833942707047508	103.35925314358008
163.13113385140912	1.0885617474959057	103.8522468359162
163.09259848118722	1.0894324224184564	103.93531198787345
161.8409784584693	1.0879359582065447	103.79254455086395
162.6999522077703	1.0972612505057555	104.68220704350848
160.87657278232683	1.0772460823773438	102.77269645697928
160.76358024495525	1.098289690020976	104.7803234385005
162.73091726324793	1.1103370454143902	105.92967939273547
162.69274164407562	1.1062691070617199	105.54158515840597
160.33795842009974	1.1051085481646419	105.43086415491285
162.20734697158989	1.1036970814443097	105.2962057484625
162.48186883868277	1.102057545220745	105.1397887872954
160.50708187046732	1.0986378871135485	104.8135425466389
160.6282910334347	1.1011720058530463	105.05530552007724
160.86769313396928	1.0930457812758112	104.28003789508448
159.7220686275101	1.0838864315195769	103.40620684789852
161.46659114897986	1.0775132613395062	102.79818617824836
161.67677890703743	1.0798224231675206	103.01848754810514
160.15929055160382	1.0903151594112455	104.01952789962785
160.5337085883308	1.099466396909002	104.89258501159904
162.40795614926623	1.085070984697938	103.5192169820066
160.58347145456437	1.0723089655154792	102.30167983327779
162.9009075640862	1.1015823471263548	105.09445338036225
161.3549832549863	1.0742028369994159	102.48236118578511
161.62488105539546	1.1081660253364463	105.72255718442803
161.7971103184718	1.0871211060368682	103.71480506676514
160.0775477359043	1.0897171232178346	103.96247334804382
159.9906952676358	1.075833874124959	102.63796730601676
161.88011707118454	1.0791580904130131	102.95510809410447
160.29369255029604	1.084429947070683	103.45805995710658
161.3290219255372	1.0811015056576114	103.14051607867769
161.9525104525986	1.095361162934895	104.5009326565729
160.59037610736928	1.0911831439750743	104.10233638282126
161.72441886527236	1.0764679684020841	102.69846191326963
161.28567411559712	1.108686558384746	105.77221768990019
161.52187391627803	1.1017909103759667	105.1143509765523
161.86580358388946	1.0855150709370212	103.56158421916496
162.95756355021706	1.090265147462546	104.01475660093666
160.12307906645808	1.0686703936941961	101.95454852925819
161.50158433931819	1.1109297497166573	105.98622526497593
160.88735459102068	1.0760644144481235	102.65996158479975
160.72226451550188	1.0763633142732698	102.68847757710954
162.35787854658994	1.102337215124759	105.1664701840752
159.98073698977606	1.0859753816713855	103.60549932468506
160.7241058577802	1.0805462215298003	103.08754020988736
160.724705882265	1.0693725936687413	102.02154063627684
161.58922915702334	1.1090681616418714	105.80862385219967
161.29902616367207	1.1065313532299907	105.56660427547645
160.20469976231064	1.0779757693458198	102.84231091048865
161.66346548159152	1.0776150187730518	102.80789416048296
162.32016870780438	1.0947303012222755	104.4407464462371
161.14796207388966	1.0749493183379595	102.55357787552012
160.19050620968096	1.0776734385025504	102.81346758815661
162.97458435251588	1.0900163368599374	103.99101927948757
160.3532496248689	1.0976314473921072	104.71752500182158
161.0560379232035	1.091915909931964	104.1722445816009
161.12343635186005	1.0787671156607266	102.91780786141258
160.61503430554464	1.069891054194349	102.07100341650398
160.6944993772579	1.099529258114692	104.8985821702028
161.25980537928595	1.0902541499784861	104.01370740604095
162.17112760835235	1.085504918369574	103.56061563199665
160.8205889533017	1.0943099897401862	104.40064739637951
162.06001119627777	1.0967791776049847	104.6362157582195
162.09372482214118	1.0929829659776749	104.2740451162071
159.8706146207714	1.097648294381881	104.7191322581343
161.6011706322631	1.099027016237888	104.85066670056483
162.52587501683269	1.0884514012290285	103.84171945171268
161.77329273626637	1.082152760691433	103.24080914658227
160.50745030942232	1.1054154242774912	105.46014111039378
160.952838537765	1.0761217118159203	102.66542793560362
162.68314738442288	1.0871084709248602	103.71359963696379
162.9606400624184	1.0871526158769338	103.71781120554944
161.81642684226713	1.1036743371267952	105.29403586835963
160.97428172960355	1.0709944583054367	102.17627167195026
162.71858916438853	1.09420492785345	104.39062415881905
162.09494667792382	1.0933285309273562	104.30701310955676
159.87166654075082	1.0929724644795424	104.27304323994358
162.37842099701277	1.1093071927198774	105.83142817595223
161.26863006480167	1.0775824921775636	102.80479102000322
162.76384935482506	1.0857305470813114	103.58214132745539
160.07241692811095	1.0697687970709278	102.05933969876983
160.1957066906665	1.0924129925619102	104.21966784270829
161.66016571729207	1.0760188764748246	102.65561711756644
160.31247815355806	1.0760366156340797	102.65730948968024
160.481287311442	1.0852729057326627	103.53848088980772
161.5014982297928	1.0773420845294777	102.78185536709451
162.0032869766924	1.0792111752547073	102.96017255654361
161.96344883235915	1.0863899013355922	103.64504581672796
161.98143611794816	1.0956511677089167	104.52860003276409
160.1851659942507	1.0773359099235458	102.78126629008456
162.27246205550617	1.0808345699152886	103.11504956135352
161.2411485128204	1.090917239683494	104.07696826917272
160.97801153415568	1.0910994554510691	104.09435223192462
162.16526150719628	1.080902434702908	103.12152407755943
160.7920227261958	1.072583021375448	102.32782563243136
162.8686938355598	1.0958826001136768	104.5506794189636
162.54071179896397	1.082728848007485	103.29576970557977
161.18623797079877	1.1026823811526487	105.19940011901937
161.79899078541126	1.081937243551734	103.2202481271997
162.42172400296758	1.090877439697881	104.07317122418245
162.69382074693377	1.0979793460507756	104.75071563841803
160.77452922950164	1.1001103060743653	104.95401599035158
163.03833755375797	1.0982573595542633	104.77723900932862
160.29721733934923	1.0851806598441245	103.52968033916544
161.87961196162766	1.0806319826629436	103.0957220942762
160.1946987431213	1.0655723341149397	101.65898380922513
161.82435169325933	1.10662807192127	105.57583154570112
161.8142163604152	1.0924690608824217	104.225016938499
160.35609387151376	1.0666318961064105	101.76006938726361
162.08755013007618	1.0979545396851855	104.74834903238185
160.23325758827048	1.067449811539992	101.83810111646463
162.6819771456131	1.116453982636374	106.51325462465833
161.84722551035935	1.0873086006066952	103.73269264401178
160.24481305975112	1.0920611264272158	104.18609869630248
160.90574096252908	1.073111842159489	102.37827681420633
161.45245710877234	1.0780557395081634	102.84994031787717
161.14986457685163	1.0993919334983495	104.88548096580548
160.47793499390252	1.076011306012215	102.65489487139766
162.97106225700674	1.0866974215565264	103.67438422216516
160.5907255126859	1.0713421762802633	102.20944507073452
162.47553913322906	1.1097868730167066	105.87719119922879
160.39520174177088	1.0673901297666446	101.8324072858009
160.72929976855008	1.0695946150985627	102.04272218558785
160.32730397570313	1.088631784784753	103.85892861563687
163.1973063497255	1.0916621491302778	104.1480349954432
160.3240580085891	1.0681561012369276	101.90548339598398
160.9905471618829	1.1044577431545084	105.36877529067534
160.79127535961334	1.0764374274458497	102.69554820907898
160.63315127369077	1.099268642909053	104.87371865214563
160.05579059551832	1.0695074946655139	102.0344106196723
160.46955661931153	1.0675555139691275	101.84818546380367
163.00645530774773	1.0968227906343329	104.64037657968834
161.24726633287545	1.0927326052206914	104.25015990510897
161.64302485076036	1.0810114136639928	103.13192101644924
160.47924314955765	1.071113557683414	102.1876341307434
161.83839256761394	1.0848743325188719	103.50045573976362
160.35483422777583	1.0667163953123562	101.76813087979123
162.79167035154427	1.093646266049992	104.33732604904809
161.20689875834876	1.0769543282746719	102.74486218928085
160.57700048580045	1.0861036737390553	103.61773879526115
161.89833207009045	1.0781832665271875	102.86210680038347
161.51090798387784	1.0750827188371896	102.56630470668608
161.1938640216463	1.1062390229205747	105.5387150358252
161.57783548200206	1.0917544306327878	104.15683894377143
160.63898099013946	1.0730711089456533	102.37439073628065
162.0503013288589	1.0916359248574337	104.14553311655322
161.011632514615	1.085223548467033	103.53377204995998
162.68645200200234	1.0888403148291037	103.87882304393956
161.081574886522	1.0870373969377007	103.7068189529327
160.2435198174816	1.0726946393094614	102.33847433771717
161.51620704153035	1.0827672865593525	103.29943686546824
160.05813350231116	1.0677979625520568	101.8713158283763
160.99203603438076	1.0773749709564753	102.7849928366427
159.9135082100044	1.082735154348004	103.29637135048755
162.9128518035155	1.0944400052118677	104.41305128517003
160.19236049441872	1.0844547289769797	103.4604242296485
159.71850183153302	1.0886500536069548	103.86067151927743
160.28642205311667	1.066133788504641	101.71254834059002
162.91182902244145	1.0887918264368106	103.87419709736676
161.0156843231055	1.0715078197981305	102.2252479882483
163.1267564118789	1.0885294629323663	103.84916678605282
161.13961438675787	1.072776801977818	102.34631291714044
160.989477759391	1.082613077544603	103.28472483585585
162.81232206017748	1.0857240447897816	103.58152098819902
160.30597115883964	1.0753545381058827	102.59223712793089
160.51377622217646	1.0831719649444063	103.33804446823441
160.6076686508318	1.0921499178672822	104.19456968159284
160.0964584931359	1.1021736112367373	105.1508618537244
160.7010082277319	1.0872614695081404	103.72819618757096
162.6419369089198	1.0843949115321927	103.45471745549867
162.84230291047862	1.0915854002581518	104.14071290936886
159.54060880404194	1.0949824657822036	104.46480374586311
161.9343748069595	1.0827064663280828	103.29363442230417
162.9390459405605	1.0871323905305466	103.71588164328972
161.49269557168367	1.0806229368313247	103.09485909321972
160.5568202671067	1.068558982228581	101.94391952171313
162.4371545967429	1.0820263691348277	103.22875099079575
160.31570200938694	1.076121896627287	102.66544556719478
161.2986214211075	1.0815508812579033	103.18338793768882
161.62533606451274	1.103905162192318	105.31605731246763
161.3784125197277	1.082741602723131	103.29698654594792
160.33213330362994	1.0935758824099995	104.33061122632854
160.28358745947045	1.0805888884879336	103.09161077315855
162.04230226421797	1.079909238379964	103.02676999500585
163.11887509385514	1.090280745166082	104.01624467137589
161.94627227184665	1.0791379200497568	102.95318377741
161.72836159864988	1.0804342821882598	103.07686084130303
160.1095235979043	1.0809316576648835	103.12431204091322
161.45795483123229	1.081953367574435	103.22178641015827
160.1212912451941	1.08815967572469	103.81388791238606
160.82169087106809	1.0799423796161802	103.0299317741625
161.5334714584226	1.0750399411918825	102.56222358350705
160.12139168050052	1.0996411991997195	104.90926170512134
161.1402905225441	1.1010854782412478	105.04705051119115
160.84082821834895	1.0854994391305348	103.56009289519604
161.31818654230594	1.0938880681912069	104.36039474102874
162.17534432496478	1.082147060514592	103.24026533161388
159.7598623494183	1.0901973102386777	104.00828471440012
159.92351410015954	1.0754773160171207	102.60395053047625
162.8339698023485	1.1016361078634564	105.0995823253692
160.69501587557596	1.0914985288991879	104.13242510591182
159.74594813972737	1.0825243985731967	103.27626458043274
160.68229322563232	1.0843743824100227	103.4527589120648
161.58265588408216	1.109328362996463	105.83344788755298
161.66919801439676	1.0806657114679994	103.09893992936564
159.76807702074092	1.0943897007156467	104.40825207651649
161.0581840246151	1.1004991113142628	104.99110924467342
162.99797407601832	1.0873333908422163	103.73505771118816
162.32885194765066	1.0957337486741308	104.53647851903561
159.69609009041102	1.0830292438169937	103.32442841954739
162.4796679372178	1.0865466973576072	103.6600046550471
162.6303792675441	1.0894464901685283	103.93665409589465
162.1637896987516	1.105397167055117	105.45839931341361
160.41888997301663	1.0867555700678033	103.67993177475937
162.20100008341015	1.1078952222527894	105.69672171046199
161.4509755697451	1.0784583035605886	102.88834620659769
161.94541275658324	1.1057715914952666	105.49412059378126
162.06817318912394	1.102913529808023	105.2214524346266
162.34668128143497	1.097032384326407	104.66037248336089
162.0374513248167	1.0792030563995985	102.95939799198928
162.9763340005355	1.0877761865192717	103.77730182463162
160.18790646053526	1.092491991292342	104.22720457240821
161.59801147095885	1.0759351518072082	102.64762951845452
162.39706681714364	1.0971883614393065	104.67525319515042
161.57159022464603	1.0763894468471074	102.69097070762314
161.08342881896212	1.1094520163566564	105.84524481070817
161.4124098342788	1.0742505953895498	102.48691748783419
160.54490225488018	1.0688741619031195	101.97398866334254
161.09447177047488	1.0731279407101968	102.37981266705589
162.7411358103528	1.0844513734665437	103.46010410329934
160.61758616545958	1.099458701386608	104.89185083432979
163.21664452877508	1.0899368420179127	103.98343521916658
161.8714223011777	1.1077910955125037	105.68678768884196
160.43748506075286	1.0723806562581024	102.30851935773828
160.96904442868149	1.094166144083857	104.3869240640635
162.40420514464083	1.0986608281676105	104.81573119603301
160.77869888587412	1.0925660288634027	104.23426799175269
162.69554285468308	1.095635744498495	104.52712860952198
160.35775997111134	1.0688816768664062	101.9747056146997
161.80778336563984	1.0910671742936084	104.09127250701194
162.17686168662811	1.080657539705834	103.09816031731016
163.17447353249528	1.0884762774080023	103.84409271816732
161.07645641361432	1.071697213976788	102.24331679420852
159.59678287353887	1.090413737147114	104.0289325286087
162.28379347079772	1.0868119212734768	103.68530785869267
160.34429283181686	1.088499528676381	103.84631096299218
160.97495220434922	1.0733482741741878	102.40083317906748
161.16572597012666	1.0793154297722694	102.9701187685215
160.54742475954944	1.100273919043906	104.96962518710808
161.08707399201685	1.0787343786477532	102.91468464643668
160.22576615927196	1.0715920397091359	102.23328283515187
162.36822579800534	1.1158901338880645	106.45946166388025
159.69880659601452	1.099594920781255	104.90484659706834
161.53325582661003	1.091291861437858	104.1127083739429
159.89774321403928	1.0955837273602436	104.5221660093812
161.59850911231013	1.0955297876603753	104.51701999075813
160.9313767522762	1.0901970086967114	104.00825594633916
160.862254745242	1.0942484548626377	104.39477677369146
160.8974117664967	1.0951759918519064	104.4832667473476
162.9105273869638	1.1006085811557311	105.00155301511036
160.2806115572284	1.0832078374015075	103.34146681453498
161.46016724924877	1.0760567959335148	102.65923475431771
161.42246208247957	1.0873484642349407	103.73649576071128
162.6676880578266	1.084665974846122	103.48057775625892
161.49857073604406	1.0761078593521292	102.66410636657712
160.3288256998648	1.067880086949392	101.87915075662261
160.8537563348374	1.0764719258596258	102.6988394672838
161.07512961982334	1.1000634653108947	104.94954723279957
161.81524496818878	1.1076379704740011	105.67217907400507
162.81965065129907	1.0899352743847097	103.98328566198187
163.1563609218799	1.089866193979281	103.97669517197741
162.5581127891697	1.0848049662734334	103.4938379797147
160.1474007284815	1.0755913943871573	102.61483396917042
161.35773942191693	1.1047928891298646	105.4007492807947
161.6712395614727	1.0841232497228648	103.4288000563772
161.33926565768	1.1015006822792701	105.0866622946689
160.92358013053254	1.0707338971410894	102.1514133096039
163.26676916652926	1.0886861967175314	103.86411968677888
