7	5
579.4453600000000
0.0578500000000
0.0011800000000
0.0000048653900
-0.0000000203242
793.3028700000000
0.0437300000000
0.0010600000000
0.0000061346700
-0.0000000102425
1153.9465900000000
0.0157600000000
0.0010000000000
0.0000068258000
-0.0000000160388
1358.2754000000000
0.0068800000000
0.0010200000000
0.0000070385200
-0.0000000202816
1556.8809300000000
0.0164800000000
0.0010900000000
0.0000079610900
-0.0000000176465
1887.4913200000000
0.0380100000000
0.0011500000000
0.0000067461600
-0.0000000172391
1974.4556800000000
0.0285100000000
0.0007857860000
0.0000050130400
-0.0000000194705
