144.36174929149203	1.1056476742503252	105.9703839722917
145.6823837205302	1.0691160402621838	102.46902330286919
143.4305279205515	1.0874110517492555	104.22250177274162
144.07580457341984	1.0765803848102267	103.18444058839272
145.00866534461062	1.119194638046033	107.26878760350566
143.3901939404069	1.1159016347857216	106.95317094908287
145.09289060449964	1.0874820486196457	104.22930644098385
144.59357984569866	1.0623383092926069	101.81941423658687
145.09478842947448	1.0661239977259083	102.18225211543324
144.35087242524048	1.063059399038022	101.88852681103508
143.8990679366859	1.1322496436199219	108.5200396846566
145.83859155237795	1.0785942779713418	103.37746141820385
143.75592999659264	1.065014745400157	102.07593624499856
145.29920718624984	1.083807409946161	103.87711208444742
142.64125813065812	1.1091529842957955	106.30634909039523
145.3397681974898	1.1086152966851084	106.25481462431834
144.60757572541655	1.0617186120090174	101.76001958436812
142.48565021325797	1.1220254999198684	107.54011049119343
144.63370559779244	1.0817148223310176	103.67654881439599
144.53055775081035	1.0708746266091558	102.63757434745345
146.03033758332597	1.071992454027669	102.74471209441694
143.48623338781456	1.063569630385415	101.93742974192092
145.8281808900636	1.0700954163467133	102.56289123399041
144.52588503621274	1.0696291185556117	102.51819909822305
145.4807282275443	1.0800413433869613	103.51615485671735
143.63045986260357	1.0810660220495745	103.61436479633392
145.37379511876804	1.073147966054415	102.8554617084311
145.89912835629832	1.0755598135349929	103.08662431976904
143.8817760666883	1.0725504250406444	102.79819061552946
145.37767787325475	1.0812515908355071	103.63215056657207
145.7073970591018	1.0783072358907997	103.34994997834859
145.03918011435275	1.0937375198546857	104.82885972015508
144.0161385928276	1.0610095005565956	101.69205506489023
143.34740380300616	1.1086573366690824	106.25884393071283
145.47328022743457	1.075263012285217	103.0581775160225
144.73141375004923	1.0661573612678241	102.18544983151392
143.94870011683747	1.0601367505819084	101.60840667301699
144.34537648333196	1.1171923553653318	107.07687957580701
145.21787404099263	1.0795321668915387	103.46735302772045
144.6223668291523	1.0723663934976295	102.7805521817585
143.45548080728742	1.1004883682950373	105.47589224057155
145.43394245828858	1.074888030275808	103.02223750688107
144.78478591117383	1.0956510123603123	105.01225768704072
143.84220089321866	1.0782838154776981	103.34770525769574
145.25748907035074	1.0863875696557674	104.12440651784115
144.49456693380122	1.0707590289309912	102.62649493162624
143.09682489532926	1.1055500048320792	105.96102288376872
145.29185326933532	1.0724502521218857	102.78858957994488
144.50775243470622	1.0644414242954978	102.02098650014304
144.56025434871407	1.0645477853745504	102.03118063761505
145.04919392655535	1.1095514187060873	106.34453688604636
143.83591539438942	1.0853718136580066	104.02705176766916
145.220580071818	1.0657269830224996	102.14420039105244
144.09433020855548	1.0598476223595028	101.58069528768232
145.25772877336107	1.0665603368344867	102.22407287258316
143.46328159165597	1.0704157686733953	102.59359528181281
144.98985093958373	1.0708683215614652	102.63697004253761
145.63529686480794	1.0793605681136247	103.45090620762736
144.09952492603068	1.0722850691839008	102.77275768360792
144.466598581798	1.0795910499935386	103.47299665640408
145.07327308868736	1.0962859825280924	105.07311616307943
144.6021984746314	1.0705960186918013	102.61087127678512
144.55656759257428	1.1041357231322788	105.82547158812254
144.49495502783645	1.0614024303108998	101.72971526886612
144.53692621551767	1.061207609149768	101.71104270821967
143.34815895456717	1.0642121742264703	101.99901411381572
144.47617785191778	1.0607053286744035	101.66290182566206
143.6317844766613	1.1076549967702805	106.16277504148118
143.1836229027062	1.0817231785968795	103.67734971754315
144.6902105973038	1.0793261990981	103.44761212230821
145.63069897285246	1.0693369217577537	102.49019360643246
144.75615576330773	1.0810798614681416	103.61569123018229
145.79787691318666	1.081850778501283	103.68957948221356
144.8461639215899	1.1351489059362503	108.79791838693491
144.09111586614966	1.0640411501268923	101.98262237355081
145.43247377273894	1.0685791203362447	102.41756241524718
143.31601963287497	1.1173868336509514	107.09551927367944
144.0083158923064	1.060236569363277	101.6179737664371
144.36151484590633	1.1082853235068515	106.22318846960849
143.8655569528439	1.1034128172003845	105.7561849419668
144.22201069903207	1.114822487435317	106.84974047864608
144.4790344365626	1.0881511264518902	104.293433953248
145.41154492104133	1.082346200607587	103.7370630269775
144.39070188614176	1.0946092644343717	104.91241175032394
145.31077466854126	1.0953461158384465	104.98303499499659
144.51516453070712	1.1163531963873032	106.99645070032841
145.52177774773244	1.0706682657572424	102.61779576950008
144.402574953195	1.1065406748723865	106.05597327981816
144.99207724754064	1.075991316330894	103.12798154235604
143.42290507542842	1.0588400137314762	101.48412141908699
143.37064800739398	1.1014454085505396	105.56761940259112
144.09122067773495	1.0772224487236168	103.24597896180164
145.14764145513197	1.077171522221907	103.2410979304693
144.75408447468286	1.083768361306805	103.87336948234864
144.97953057949042	1.1232052075840584	107.65317912694489
143.91473183156424	1.0576836729842067	101.3732923766671
144.1029379533081	1.0715258141967556	102.69998717597292
144.64003119613233	1.1053982719813906	105.94648010597147
144.5683593167824	1.0933355095699295	104.79032919616579
143.87242613819944	1.0572263339019061	101.32945888496297
143.36102146886492	1.1295307699236736	108.25945026157574
143.53840310607208	1.0587378711657713	101.47433160343436
143.63732526972134	1.0907053732051852	104.53824476912582
142.84000723763162	1.1171306276734145	107.07096330847654
143.5885313977946	1.0550953188182872	101.12521254870133
144.8356550025597	1.0698737982055948	102.5416503269126
144.55210388342584	1.0826478044201224	103.7659701305388
144.48313745247253	1.0611935323567836	101.70969352330987
145.37517747993192	1.073720774100302	102.91036227936227
144.55237475422737	1.0819283568683986	103.69701495152502
144.51032886797083	1.0657960160226196	102.15081683288996
144.17528334754596	1.0892401364105941	104.39780970165424
145.96891210862015	1.0712735248772753	102.67580660138294
143.14099333261802	1.0855709655547017	104.0461394060309
145.05874514467644	1.0650685481158526	102.08109294597463
143.86114412531066	1.0581292415588373	101.41599772850678
144.16858565246267	1.0587470495795908	101.47521130504217
144.21192984111255	1.0592100379667808	101.5195862522409
144.30578991092568	1.0900279003657847	104.47331264056982
144.93847776374147	1.0638763729371223	101.96682936599838
145.27202967463106	1.0981878132808423	105.25539641366275
143.0069210425905	1.098792096965974	105.31331375535571
144.65627455374505	1.0761923592309948	103.14725042322537
144.10063150820054	1.0631984873176226	101.90185767468957
144.0951221862297	1.0664490598735832	102.21340757427083
143.213415832508	1.1158534437127248	106.94855209388295
144.15079651826272	1.0686958718955413	102.4287524243759
145.28628775209583	1.0662209949492538	102.19154877768975
144.09303745395295	1.0608144061606217	101.67335631615346
144.97676941053683	1.066031583997187	102.17339475648882
143.54975985427507	1.085988997813759	104.08620555009902
144.8182133896978	1.082374982577711	103.73982162403922
144.51369376978565	1.061771344599554	101.76507371960233
144.78978464800977	1.0786175008288523	103.37968720421564
143.93074963051197	1.0804083820529544	103.5513335391076
142.9330429438693	1.114398559070803	106.80910922457615
145.4704845777488	1.08411385299177	103.90648300247594
143.16891080236766	1.0921649755272946	104.67813980270934
143.74620384826568	1.1212121890327662	107.46215901623238
143.74409026825467	1.0713264623245544	102.68088037103428
145.03317302836828	1.0865466212546384	104.13965075829522
143.93926557580298	1.0618792205148493	101.77541304598216
143.53847206498412	1.0726353171991294	102.80632707241386
143.72892873689142	1.09386313010914	104.84089878757716
145.43048752264076	1.0740921407849642	102.94595577906809
143.99636964214326	1.0896642981447349	104.43846332294797
144.93870367143575	1.1224200346160438	107.57792452021712
144.71881781265864	1.1138781021133468	106.75922622395386
142.96425050656399	1.105208008838875	105.92824440689867
143.52012146291	1.0827819642879628	103.77882863242853
145.40419417232252	1.1021130397346632	105.63160826141221
145.22147813156656	1.0922995347154862	104.69103657730739
144.60162069827342	1.1153160542835339	106.89704620689899
143.82985072444802	1.1299349294743952	108.29818678115018
142.67608684525473	1.1229173282482918	107.6255874406787
143.57088369513025	1.1054175920060187	105.9483318264389
142.7532525731439	1.1026751006680993	105.68547877940739
144.02197461115836	1.1148664399761672	106.85395309333242
143.5525650265557	1.0940860766095168	104.86226701074666
144.33701093768002	1.1335643652385854	108.64604868190874
144.82115339200155	1.0635210790150984	101.93277635416037
143.97566937592762	1.0631679202701152	101.89892798755984
145.74628192845975	1.0697308485089856	102.52794936720257
143.49780580099983	1.111683749389471	106.54890931547082
143.21102068689902	1.0854238322542613	104.03203747039093
144.5932615454945	1.1283498502505336	108.14626546128396
144.14188732723775	1.096113793601914	105.05661278044873
144.66229663378465	1.063003515578043	101.88317068190862
144.77361798040502	1.0630986936546691	101.89229298873447
144.3007096594388	1.1157313830432263	106.93685323509102
145.72309916804863	1.0701968180490027	102.57261004186864
145.13379137971947	1.0659845665528052	102.16888838728048
145.1167094674022	1.1105226579765581	106.43762494729565
144.67851345652454	1.082003125339247	103.70418110738947
143.21826356077588	1.0866422825940045	104.14881938325598
144.1298676214552	1.059299145740895	101.52812675321395
145.3620890569497	1.082081350302079	103.71167854942328
143.67065450008067	1.05737033943681	101.34326104109579
143.84052235276044	1.10434517304453	105.8455462358979
144.48836968884646	1.0749206443892205	103.02536339426973
144.27544647373688	1.0742031161197532	102.95659216813934
142.71180018060713	1.1081456973643404	106.20980605468638
144.65451533019493	1.073685350043214	102.90696707398273
144.40900567712055	1.1123768723802931	106.61534142688214
143.5038688019272	1.0927991743150574	104.73892434612146
144.006793368229	1.0666880395826415	102.23631249427407
143.15500105439557	1.0880475426617084	104.28350600397944
145.09549267675453	1.0660130220043431	102.1716156892916
143.51967342616086	1.0718736423551678	102.73332463451578
144.29572366272592	1.0599547495672592	101.59096285447073
144.71680755576048	1.0984629013881706	105.2817621294678
144.46234445953507	1.1015404517375282	105.57672878097061
144.8987377554639	1.0665993263848135	102.22780981131622
143.54903559819195	1.0631198887106126	101.89432442087055
143.80130995476722	1.057053300556806	101.31287456931948
144.67370560941134	1.103508308858062	105.76533730385015
145.92686585126202	1.0713455637315392	102.68271113817624
145.34161777988552	1.0721133571355346	102.75630000715111
144.6478923595037	1.0980032154427062	105.23770370354964
145.10511465352232	1.1130508463976199	106.67993821215725
144.2478490251195	1.0846844573288097	103.9611723597645
144.26134140178982	1.0997244050062143	105.40267046753956
145.59534952084658	1.0689570475623065	102.45378470756692
144.57882276301333	1.0646405365515186	102.04007033915931
145.2534502920547	1.0930826410885315	104.76609311202041
145.04121843747245	1.074338390479654	102.96955748809987
144.2443772643863	1.0604308108156886	101.6365907651201
143.4052230444299	1.079126777745575	103.42849865805417
144.33371908182036	1.0603194996280938	101.6259221863635
144.5297338076355	1.1008882295646691	105.5142167930175
144.84182243367914	1.0896587480305544	104.43793137434942
145.1800687181811	1.0766462813419446	103.19075641660024
143.97296353573805	1.0675048482938587	102.31459921686705
143.30119338076543	1.0721940074947585	102.76402991038657
143.3347855975636	1.1200286104555903	107.34871937428699
143.878879334963	1.080304997018623	103.54142463951847
144.89088709061295	1.0635619972562178	101.9366981475344
145.31761595000395	1.096344195489392	105.07869556238063
144.0954599460135	1.1068466425540309	106.08529863676694
145.05620508525084	1.1118009837376945	106.56014559732202
145.78139163622384	1.0703551533564848	102.58778562964494
144.48927511006	1.061788579545744	101.76672559651395
144.3053801899824	1.0645978062162607	102.03597486630662
142.95567836992555	1.114424147377231	106.81156172614652
144.43041739945483	1.1175038636124215	107.1067359661594
143.6916197799842	1.056644991747751	101.27374036564635
143.75103198722977	1.05991767771	101.58740971630581
144.30051067617165	1.086181019196702	104.10460976706187
145.02288917615905	1.0948527152826772	104.93574520498056
142.8273899459227	1.1179492523982282	107.14942408620712
144.2487374687577	1.074398369801858	102.97530618359517
143.1542720846214	1.1205226338384155	107.3960688589271
145.87065590549452	1.072425221514265	102.78619053080615
144.26575018019216	1.0906096184119152	104.52906718711094
145.25265936276503	1.0951337022591017	104.96267629566739
145.1612213471761	1.1029283931481817	105.7097555015466
144.4045580433697	1.0609625381794023	101.68755397357577
143.19350597688197	1.0840134514598119	103.89686005554556
143.56459258623195	1.0851142249822407	104.00236327827645
145.03496075744314	1.0700805700417817	102.56146829549851
144.18226223938186	1.0797982339785568	103.49285412723916
143.9631055441306	1.0577215497504082	101.37692266102574
144.51104653356612	1.0614565189550764	101.73489937454954
145.84051345133406	1.0713985249237887	102.6877871836553
144.0109310445836	1.1127500100719367	106.65110466808356
143.44831223231463	1.0937583789229361	104.83085894967755
144.4580555297876	1.1124532422267612	106.62266106598834
143.84428469223732	1.0712021669565808	102.66896732841059
145.84578091460187	1.07333002774929	102.8729113428507
144.4172450490165	1.094257378107851	104.87868533819064
144.17053417315066	1.0615980982410784	101.74846898777226
143.53646080951773	1.056710065804192	101.2799773640214
143.98672682396648	1.1182810661386187	107.1812266488999
143.261643785173	1.105163107714559	105.92394087558814
143.79343487389096	1.0950486326923785	104.95452283515735
143.1293009527662	1.1283807960688743	108.14923145156122
144.72567708655254	1.0986946041774155	105.30396959583847
143.64672670004302	1.0852583229824841	104.01617429671484
144.7975090301346	1.088974211736973	104.3723222516938
145.46806264498278	1.0995218032429646	105.38325217802017
144.99686363257246	1.1261530679091776	107.93571568703071
143.60593321919873	1.0582474480398836	101.4273271840614
143.95552495271224	1.070663628260411	102.61735129036687
143.43222461943995	1.1295500204117204	108.26129531733578
143.35450962195912	1.0626120647055228	101.84565222079905
145.65503763266406	1.0714413816969726	102.69189477490329
144.9149902885114	1.06902335115132	102.46013955002726
144.88006969472596	1.0785211623031183	103.37045367458309
144.23537776349303	1.0686253162168995	102.42199004199024
145.25760892167517	1.0679848061030657	102.36060059191328
143.74685064809398	1.1074593783645652	106.14402606922856
143.02010172421691	1.0963333604387069	105.07765708103778
143.71741978573033	1.0653395693408885	102.10706887298156
143.38411278536225	1.0923125584270768	104.69228483002853
143.44248650574878	1.1107205660739148	106.45659337417932
144.69920432818728	1.0747310884379249	103.00719547567246
145.25983822220647	1.1102398281559656	106.41051722990518
143.38623135660035	1.1028601179872506	105.70321169452005
144.0210328874623	1.113771584779372	106.74901711028781
144.5012238449914	1.073610711385956	102.89981336005289
143.58578136892265	1.0989778930914484	105.33112131486644
144.37830453337833	1.0712141051274349	102.67011153788961
143.71874713696502	1.0712057087290103	102.66930678825211
145.3520323007859	1.0840548239017107	103.90082538162183
144.31766188317303	1.1311712161561853	108.41667821148576
143.41205204379315	1.0567076762360386	101.27974833676379
143.1685234101137	1.1006979891946864	105.49598327656953
145.25155688153203	1.107848787452166	106.1813488362333
145.26510034694434	1.0664221981068436	102.2108330183776
143.2353547540028	1.1242276702274223	107.75117667303303
145.69652447018754	1.0779315664291977	103.31394408061122
143.12032035986087	1.1062983773639596	106.03275036658685
145.99379299136513	1.0724960852066585	102.79298243465361
145.2283998588597	1.0962142914008115	105.06624495404756
145.40313558465752	1.0947404537956416	104.92498554513273
145.35313757794222	1.0845086623445537	103.94432335585859
143.43892036261775	1.07292891750485	102.83446708288572
143.48684177931014	1.0722207802921913	102.76659593905015
143.20395008567525	1.1111096070870718	106.49388086322793
144.56110246757063	1.0685983891896715	102.41940923123015
145.0109165195363	1.0997799669098212	105.40799577721694
144.86176629290364	1.0649125754481954	102.0661438045205
144.01452278825036	1.0705102513619136	102.60265093942799
143.4133125494395	1.1017937737596974	105.60100833455996
143.72874401470844	1.1104478348166125	106.43045354977534
144.83365079033825	1.075606124627791	103.09106298897652
144.86743922135926	1.1189458963937386	107.24494705373793
145.0192672192513	1.0744123927247076	102.97665020534225
144.42414767794517	1.0939717710516115	104.85131143769794
145.16476052922997	1.1059920763430333	106.00339306086043
143.61754993264947	1.0954007508809325	104.98827147001971
143.58283592977125	1.1222927370318707	107.56572373131509
143.41177702934377	1.0765206349894672	103.17871388937674
144.877968298279	1.0639698932017896	101.97579278046284
144.17313623311156	1.0863886204677606	104.12450723251997
143.64507899400826	1.0648052103665453	102.05585343879854
143.90354273589332	1.0742999390846852	102.96587212866395
144.40236374213998	1.0603985084586403	101.6334947579025
145.66864773403148	1.0731102961805368	102.85185125358907
144.33415251396755	1.0647229288506033	102.04796719796317
143.3488225836482	1.0888778249002535	104.36308409171308
144.17048750092363	1.1296838719465303	108.2741242671626
144.9534141836375	1.0687426044037793	102.43323148398711
145.5842300410629	1.0806217618847664	103.57178484853978
143.55970525901665	1.091224316684182	104.5879827109765
142.7116197937289	1.1032518283471966	105.740755026104
145.49826912890072	1.0676628975931486	102.32974739229613
144.95732758697486	1.125197067967973	107.8440882335423
144.038964178653	1.1056209038251945	105.9678181710005
143.31696859688728	1.0716860131464048	102.71534138382921
143.55609474932572	1.1057043937810902	105.97582023430705
145.14489256776938	1.0701157609320147	102.56484115308882
143.4122697648267	1.0568749399852775	101.2957796676699
144.70971332798086	1.0688238061469952	102.44101423441315
143.35786269829813	1.091460262520531	104.61059685059519
145.75837008500315	1.070645610523734	102.61562438719652
143.27242433294333	1.073496155391903	102.88883378404611
143.47730366376453	1.0598325059577731	101.57924646186477
144.70565835190368	1.1060788237782557	106.0117073360434
144.43621833329925	1.064016039471636	101.98021565227671
144.44812808769353	1.0928890188145213	104.74753545825756
143.4523264852303	1.0823911186197193	103.74136817689438
144.06691148018498	1.071600978212676	102.70719124270548
143.72051315615923	1.092691656071743	104.7286193006776
144.40113169932843	1.0602031719693794	101.61477280582602
143.68547211206442	1.0608549114844983	101.67723853363023
145.02033947502588	1.0697848568575947	102.53312577698762
143.98350917548103	1.0580041745707467	101.40401073024424
145.34457248678424	1.1084276879720079	106.23683333803083
143.48474114373752	1.0890815768522166	104.38261262063551
145.9553552234796	1.072016868658297	102.74705210547329
144.6345080445771	1.0662670326198163	102.19596124084622
144.94150978859355	1.0759739022320511	103.126312494626
143.94238697740823	1.057294653463579	101.33600694756186
144.23274840970603	1.0719107346478873	102.73687973130966
144.37566603428093	1.0614802958700824	101.73717826399285
145.13655145130906	1.0724490325237093	102.78847268801805
144.91572703538478	1.125580586638154	107.88084643571297
143.21844607420306	1.0921785192566615	104.67943789633796
144.02827657032185	1.0584009115346682	101.44203583478874
144.14758945510863	1.0595509407421098	101.55225995005637
143.27256139130301	1.091093286860816	104.5754242070179
143.54149487433682	1.1041135700000713	105.8233483295286
145.51133041983275	1.0848985102773983	103.98168818382004
143.25132258692184	1.092542214099166	104.71429609122818
144.73698559657845	1.1337274736202354	108.66168174317689
142.71817057050586	1.1005663391939071	105.48336533194083
142.7358998095787	1.1169715878553632	107.05572019715066
144.6343546344088	1.1345934731025749	108.74468313665926
144.88014093042406	1.126476020405046	107.96666894708723
143.482479920062	1.057345128562536	101.34084471436775
145.41640606910147	1.0670410511735837	102.2701467569511
145.54701478298685	1.0793124102279845	103.4462905332571
143.70155252496022	1.0636403459736663	101.94420745078273
143.7727539262622	1.0843842893479962	103.93240287295258
145.34621808984681	1.067156839082503	102.28124440537319
143.97677266592083	1.0890301864369734	104.37768712568567
143.2647269270433	1.0722275716391867	102.76724685313931
143.84920518485197	1.0676507599096428	102.32858406060232
143.6522579323699	1.062360421355051	101.82153355886486
143.74082193579645	1.0637108844366896	101.95096818314394
143.47536416495174	1.085819961430871	104.07000432178997
145.2344004620907	1.0665086613881969	102.21912005894026
143.85726446458736	1.0574588046813747	101.35173995906673
142.79404411966954	1.1169603771286374	107.05464570927951
144.2392110771494	1.0710197077799124	102.65147959749854
144.1206482708521	1.0826709119590117	103.76818486388086
143.96532309869397	1.0885357272177232	104.33029586846796
143.87410595889972	1.1150409800645047	106.87068182221273
143.57956857334486	1.0894173540100145	104.41479505557356
145.2505502949398	1.0729412522661266	102.83564930342409
143.52667023310767	1.0580617533941392	101.4095293508371
144.81069838870647	1.1095811516770016	106.34738663141987
143.5792119405715	1.0620175214177374	101.78866844381287
145.0785345072429	1.1066398969951465	106.06548318671918
145.19656748282986	1.0657641552240034	102.14776314667358
144.81593740584694	1.084653234386556	103.95817980865041
145.89808066759923	1.0784590184711613	103.36449752246759
145.1390488234006	1.0681986212497416	102.38109362393426
143.3670077525397	1.1120485286537647	106.5838714463581
144.80862430494344	1.0942094102887798	104.87408788067891
144.57995410731664	1.0685597507578708	102.41570594531966
142.886041693619	1.091591135387506	104.62314031112777
144.07146255039763	1.0639496101452104	101.97384875856157
144.95216530534083	1.069062226395703	102.4638655331503
144.47539026901342	1.1179866062939499	107.15300425624201
144.8042750007174	1.1325315956033097	108.54706326607156
144.233507983594	1.0945318825622452	104.90499511400051
145.29456434273973	1.0989491873395996	105.3283700229165
144.2643468043487	1.059467737215878	101.54428533949282
145.0330061777242	1.0764557346369994	103.17249353959342
144.04732778199337	1.0635641167102334	101.93690128580448
143.16221168781405	1.0803732325308826	103.54796464643306
144.91526359626178	1.0673720282164783	102.30186912668822
145.54635076063533	1.0792813623413622	103.44331476028391
143.93637645678604	1.067461966795123	102.31048925580791
143.48563648388432	1.0550789687311695	101.12364548077345
143.1782320587439	1.1192153379606062	107.270771579004
145.46456857628598	1.0676049805956345	102.32419635953225
144.99398220801413	1.0847901234063964	103.97129988508337
143.27964333785732	1.08197958368699	103.70192476661553
142.99765950902682	1.081613717281114	103.66685843905368
145.28332539198266	1.0991056491738835	105.34336604836133
144.16892401174593	1.0703931724970726	102.59142955982288
143.65101334183234	1.1329212688155372	108.58441134800141
145.9353641258313	1.0741610641183632	102.95256170994014
144.41455709472623	1.0964419239777616	105.08806231245731
144.09859309026018	1.068076081812643	102.36934887784243
143.88077956833018	1.121342605835238	107.47465876543481
143.4554463952373	1.0554960524928443	101.16362071646802
145.26628711832018	1.1119442572747982	106.573877595402
143.93153850063172	1.1313556434433598	108.43435457520631
145.21580273464957	1.0748004381767906	103.01384227521552
144.47615434176075	1.124639206749064	107.79062023560061
144.71600348091025	1.0630170237879524	101.88446537118823
144.3629918754359	1.0667328020036002	102.2406027316137
143.87853174064165	1.057881796093768	101.39228141131434
144.30313265049503	1.0622701598219175	101.81288247629409
144.99604204828404	1.1215260587356488	107.49224173942382
143.5705386374784	1.0555059514110328	101.16456947454508
145.616908532679	1.0820818359882804	103.71172509983391
143.36416902751182	1.0656746675481663	102.1391862341633
143.0854515566837	1.0935460870116385	104.81051191157638
145.1252136740091	1.0932590039677539	104.78299654560503
143.56450058426952	1.0870007510136062	104.18317665361599
144.00814155466446	1.0843098890914906	103.92527200845282
143.19922939819966	1.1157733402476242	106.9408746075083
143.68268115945443	1.0882857679381464	104.30633861567298
144.64953324453617	1.0650281877500358	102.07722462194839
144.59098636091895	1.0791432967458707	103.43008191540183
142.7300456567797	1.1007037691643056	105.49653725557582
143.82291909506603	1.0800671053320803	103.51862400062252
144.08544478955565	1.1060496134846458	106.00890768647882
144.9593498596342	1.089434032370946	104.4163935867812
144.3376904282878	1.0598207801112156	101.5781226025278
143.8620590827976	1.123852618241207	107.71522995699101
144.67191019579096	1.0713678186109137	102.68484414868898
144.28791816197827	1.0678446471675178	102.3471671116437
143.4689495310744	1.1103097731365719	106.41722108016815
144.20423360021454	1.130972771994223	108.39765840569231
144.50207073829256	1.1159428394213902	106.95712019183439
142.652673216756	1.1136340795886153	106.73583797718598
143.31497922669828	1.098028162444664	105.24009473953515
144.5284979240526	1.0949785960875529	104.94781020320566
143.57464500616217	1.0745601526066586	102.99081219545059
145.33448415212715	1.0924062935268488	104.7012688352825
143.54417305687016	1.0990786175670588	105.34077521420926
143.781191539206	1.056933597355953	101.30140166121998
144.27756382077678	1.1345381280298328	108.73937860905427
144.6147464982798	1.0700474232765576	102.55829135629804
144.4365588994766	1.0680073585072098	102.36276211857526
144.698495157427	1.063224332828496	101.90433482792294
144.08027511987802	1.096388847478603	105.08297521543106
143.13945617794013	1.0829003570809073	103.7901759449767
144.4486214658394	1.0632821979395854	101.90988088765204
143.8289480433146	1.0573799995057929	101.34418690676092
144.19857036288215	1.0705045850847061	102.60210785722796
145.94083961146873	1.0760497075940867	103.13357803093488
145.4865863816185	1.0675191815019822	102.31597297778907
144.55600224091472	1.0619725140597522	101.7843547305764
143.24825182608865	1.120807998345107	107.42341951234988
145.19827876832915	1.0991960656624031	105.35203198257254
143.71752366388134	1.1042301938531922	105.83452609870713
145.55596206889078	1.0720886937506822	102.75393615434002
143.5331395739244	1.084521715579167	103.9455744382027
143.41793090294885	1.056910824640326	101.29921901888707
144.7329160620952	1.065152999130971	102.08918712163961
144.7951986691214	1.1273408588115257	108.04955905769214
143.65730581513006	1.0626100570021342	101.84545979322564
142.5733470312154	1.123820443511664	107.71214618218347
143.70989507314528	1.0576091924279922	101.36615381587205
144.03987141446467	1.0579530685629728	101.39911249422094
143.1061305223518	1.1074388519202703	106.14205871992355
143.48346703841653	1.0863193962854236	104.11787246689501
145.16749882818286	1.065427170648634	102.11546498725419
143.65222335991442	1.074884286235868	103.02187866078634
143.23932618154564	1.0941885234317403	104.87208598775045
144.92760002658937	1.0736796671116533	102.90642239555253
143.76776150748174	1.0771878562213697	103.24266345648195
144.6889343817586	1.0727647956574315	102.81873688637359
144.76749646762508	1.0627691669406205	101.86070962521813
145.33618938065814	1.0722632066010722	102.77066227260954
144.22183546032244	1.0756901195202815	103.0991134477404
143.8815443207646	1.0837142598980711	103.86818415325106
144.4746497198166	1.0729341066889213	102.83496443827421
145.8224780987686	1.0725211493328497	102.79538469636705
144.02953242537401	1.1066934348655202	106.07061450369534
143.9353554505177	1.0909320732490173	104.55997274925089
143.26203202043496	1.129524528789889	108.25885208246407
144.47409725533763	1.0925630050914377	104.71628879603414
144.47935184717196	1.1169673166721272	107.05531082720572
144.4858299129668	1.060770226659117	101.66912194850886
143.9518106177909	1.0746925195217853	103.0034988524643
143.49808137314196	1.1005885138691767	105.48549065532143
144.91476451394362	1.112835744035313	106.65932180744
143.72606563425126	1.0591113394889562	101.51012653389105
143.37475797715635	1.096720561476081	105.11476821830205
143.55663515632776	1.0628787849667007	101.87121592354855
143.50628046379705	1.0997089839018865	105.40119243761653
144.938822570732	1.0960500557277515	105.05050384795976
144.11687254228787	1.089709343438284	104.44278067210423
143.7584947481957	1.0612322605557463	101.7134054129201
144.79990246644093	1.0660959300767616	102.17956198219592
144.9983282375945	1.066299507539186	102.19907378723438
145.96088234494343	1.0733956422551238	102.87920014039379
145.09105254543377	1.0691217801490442	102.46957344015858
143.5652711068854	1.0728771183182748	102.82950240940188
143.26484112175197	1.069977995445539	102.55163707204208
143.79781744566733	1.079893252668917	103.50196115774851
143.03481980122112	1.127238684610309	108.03976620994582
144.91860285386775	1.1151838505794438	106.8843751927855
145.33934784989782	1.1005313825182266	105.48001492255588
145.31276691992545	1.0678694806917963	102.34954727140386
143.22992316807	1.071596947644084	102.70680493438026
143.94388394059257	1.0889187141292953	104.36700310443548
145.5325537065196	1.0852638796966347	104.016706877885
144.87283992627854	1.07394079333092	102.93144993946672
144.17573845676952	1.098846171243598	105.31849648408232
142.697270152038	1.1084285512147336	106.23691607520402
144.58147440068925	1.0807489390578413	103.58397409668557
144.31512094621255	1.0662770185107031	102.19691833478875
143.66739186627103	1.060382740609646	101.63198349436779
145.64787122497452	1.0740294823011252	102.9399503003372
145.05219855852903	1.071171565026254	102.66603429795022
143.6099279028227	1.0677642011216868	102.33945679074824
144.19790483750148	1.0885166024304167	104.32846286044789
143.57280456752352	1.0550788950002066	101.12363841405715
144.0982436572434	1.0625870592808935	101.84325558531464
144.1236084961451	1.0925197803521745	104.71214593721619
143.65394049279985	1.114151498394064	106.785429787276
144.04110435641053	1.0591272768564155	101.51165404485906
144.79243825704395	1.0650289283798982	102.07729560733797
145.3603947291127	1.1052752863950563	105.93469259887455
145.56965862233392	1.071414964437413	102.68936282263292
143.221297947518	1.086278306954154	104.1139342754501
143.5064182771912	1.092399160509792	104.7005851739553
144.2376332982266	1.0604996885431133	101.64319232490477
144.87333848936615	1.1125731699347787	106.63415549189229
143.50966850630238	1.0546422284941603	101.08178627762052
143.73930911884548	1.068802732370752	102.43899442628417
143.11270710619164	1.081657806096999	103.67108411496928
144.84210710710113	1.0651566994789023	102.08954178009026
145.32025676035957	1.104227018121688	105.83422172191989
144.77853243749058	1.1003162802444624	105.45939852632497
145.82927533795618	1.0819298644709465	103.69715944712212
145.9811674223276	1.072309661597561	102.77511473421188
143.29184531455684	1.0985448331763545	105.28961485077821
143.75643831329492	1.0585347916636043	101.45486752520878
143.41199474896956	1.0684196326925282	102.40227638223946
143.18709938766884	1.0738463495733708	102.92239801317558
145.47176187585086	1.0683064285634032	102.39142637521644
144.06423461304155	1.131116926585206	108.41147484804877
143.42122020990232	1.0634508719387492	101.92604738342986
142.6824520250772	1.1266801487629832	107.98623355249819
144.96219310922598	1.0834501556958562	103.84287118568535
143.9624205642138	1.0778944408256506	103.31038579115364
145.6533669676807	1.089047840761885	104.3793791977926
145.2237533069851	1.0687483248657055	102.43377975950104
143.51183929283872	1.0560463327140124	101.21636211654294
144.23549462754946	1.0591971551851307	101.51835150689669
144.92720776971487	1.082552888519322	103.756872951856
144.24008764706406	1.0679852903228342	102.36064700177421
144.51823565025703	1.1266809449753878	107.98630986517557
144.22167190486445	1.074239261425463	102.96005650132075
144.52022435276768	1.0993437816937597	105.36618976983723
143.7867636054566	1.059727313778494	101.5691643571503
143.868927693735	1.1086950709623296	106.26246055980496
143.94613528870158	1.0965031992423695	105.0939352170631
143.9771559208609	1.0590163297066966	101.50102035717522
144.65618009685443	1.0776204851477869	103.28412861262315
143.12354131995554	1.1112081859485095	106.5033291169903
145.6211177315469	1.0686864966755327	102.42785385995319
145.58698544461706	1.0686402854902775	102.42342476634646
144.99889980527712	1.0646122303149894	102.03735733860437
144.73545947324465	1.0624994124710196	101.83485510990769
144.8044409056422	1.0688250967528936	102.44113793204829
144.7816235223866	1.1036774897889634	105.78155238630902
142.77624604038445	1.0961322567188645	105.05838237092328
143.7731006440595	1.056996029275932	101.3073854250232
143.31519645226683	1.064294746908657	102.0069282613699
143.69841440102812	1.130278709777378	108.33113627451742
144.43755712699803	1.1206098419231867	107.40442728489217
144.83764745417577	1.067130651058225	102.27873442407187
145.18916073821268	1.0740318776394933	102.9401798806389
143.96432460402764	1.0587442361287644	101.47494165090977
144.06034764358597	1.1269295287570569	108.01013528389281
144.1234103642274	1.0945142157979908	104.90330184964951
144.63258455894322	1.0766046811292531	103.1867692599183
144.73147289513952	1.0898812330980512	104.45925537165871
145.43707262621402	1.0714713024524385	102.69476251841625
143.10825813059813	1.0876065577465595	104.24123997125248
145.0910406102614	1.1051037272033586	105.91824957290743
144.58510447785426	1.0614855028111982	101.73767732129855
145.21403083558857	1.1065232343113525	106.05430169582942
144.13945046095105	1.0586587599794828	101.46674922164789
144.95462741686043	1.0694362631836851	102.4997149479009
143.36749997007226	1.0878572065808767	104.26526331416127
145.75931690606535	1.076936666552501	103.21858827748974
143.86434077280907	1.0755134847655434	103.08218395634961
144.55951225918434	1.0806808523918114	103.57744835588169
143.46869709661723	1.0600755756758742	101.6025433872408
145.3580636448021	1.0730423216137435	102.8453362568942
143.19846547108457	1.1305609088094406	108.35818353421932
144.76730703519402	1.0660159878407829	102.1718999487656
144.12886516535755	1.0602624923037272	101.620458340879
143.1720214610779	1.1179719291592656	107.1515975318086
143.9479689506628	1.0583782604052185	101.43986484583712
144.11823596014767	1.0728539776859247	102.82728450422955
145.26294267163448	1.1042503385388138	105.8364568584962
144.92182353918892	1.0639188450132209	101.97090008609942
145.3158275010752	1.0663726294208566	102.20608212638066
144.32480544990153	1.071954424085311	102.74106712894739
145.1090190194093	1.0649891263052929	102.07348079252215
143.39154542617598	1.0737203840100618	102.91032489131044
143.69158517521365	1.0602685505004388	101.62103898645596
144.90801562743195	1.1228274925632815	107.61697717336055
145.10728767859166	1.0674918744975597	102.31335574825819
144.54738159891122	1.06164411654493	101.75287959473364
143.2938221799849	1.1239267415576595	107.7223342782759
144.90057890445337	1.119588853579424	107.30657104249279
144.0636061562007	1.1335997038576744	108.64943569851549
144.83661563659598	1.1166699280180106	107.02680772391187
144.83369822616413	1.0656738486040884	102.13910774277731
145.2248190917963	1.0731657475374903	102.85716596796418
142.61056249809582	1.1200190282741957	107.34780097372835
145.13342099502498	1.084619803118819	103.95497560141399
144.57382636800457	1.0614543065232844	101.7346873248596
144.589159232159	1.1132059463084218	106.69480370456004
144.63036617314197	1.0740828793662955	102.94506812189184
144.89608902425732	1.0991518460402343	105.34779376957805
145.2568898191509	1.0865443826575445	104.1394362008018
144.0903356104484	1.0598441534500942	101.58036281136951
143.75996204139142	1.0893843739857207	104.41163409759461
144.37352018004833	1.0799029717096473	103.50289267553853
145.85741322347198	1.0703133517640757	102.5837791718
144.15346731681493	1.0641652403122293	101.99451575052217
144.909524523208	1.0671839481938008	102.28384266791221
144.53824476490385	1.1318869884460825	108.48528113641711
143.80808764015916	1.0972983932931926	105.17015029068982
143.8432080497947	1.0610898455835116	101.69975570366589
145.44343003896387	1.0738774917797678	102.92538282619198
145.56113093018564	1.0780318079521318	103.32355169153709
144.6979632874919	1.0711062801211122	102.65977709086101
144.7884105260612	1.0959498942872257	105.04090391250207
144.15578836904191	1.064044369306884	101.98293091464194
145.2724133405492	1.0841509435795604	103.91003793586152
143.52066141092928	1.1046727266975136	105.87694049212128
144.17035915257082	1.1185368943437834	107.20574640665242
145.51724138477522	1.0751785046834317	103.05007791682982
145.9140305278224	1.0707125954105638	102.62204452838887
144.72761681591632	1.0626279248994883	101.84717233510267
143.81326995451457	1.0723317500974971	102.77723179815018
143.8566854415971	1.0624557070329053	101.83066617868981
144.83515690502287	1.0823650301184815	103.7388677343413
144.564848536884	1.0838829900016251	103.884356026333
143.72457643616295	1.0589546050635243	101.49510438205056
144.26252248716983	1.0658656141855491	102.15748744254363
145.13805702534765	1.0681035993845946	102.37198628913865
144.3501692786657	1.0836327123899459	103.8603682631178
143.28904586394864	1.0675804043130008	102.32184085500042
143.98043115233372	1.0758790798567628	103.1172242798606
143.53843758551406	1.0932762856431164	104.78465290125655
144.20176970466963	1.0601700625159025	101.61159944275587
145.04022906300477	1.0915910867569165	104.62313565014728
143.81578036839045	1.0565196799765224	101.26172990623635
144.08636468565945	1.0582866917799967	101.43108848551859
145.19653158252297	1.0655158336859134	102.1239628625932
145.1841120182939	1.0656209030067854	102.13403319199
143.49539462114973	1.0769520175168303	103.22005958487111
143.68990111075516	1.0889183169833974	104.3669650401368
142.53690424726378	1.1143888674022688	106.80818033026397
143.15370258559716	1.1219016894330092	107.52824392181708
143.739898071643	1.0571908368647063	101.3260566848322
143.9214931216354	1.0576025393134092	101.36551615061632
144.56018367293893	1.1139704784360027	106.76807999772805
144.16783893831968	1.058712211669569	101.47187227870697
144.82369050150675	1.077304316573613	103.25382555498057
143.9782360219333	1.077302548809261	103.25365612427355
145.98557491372068	1.0714360676996344	102.69138545683435
144.5142820677994	1.0910350753230948	104.56984494415903
142.8282490717322	1.1185439786481604	107.2064253991312
142.86208501070493	1.0999525097233862	105.42453307805062
143.998263614594	1.0952082216145502	104.96981857516036
143.89491816262816	1.1046246347709712	105.87233113957583
143.61318609462685	1.118450597751963	107.19747534238512
143.0034477346628	1.0813625451881919	103.64278494462144
145.67901589835475	1.0714195204184456	102.68979948891518
144.75354003926068	1.0626903870564712	101.85315899696012
145.31353504357855	1.0984571006872852	105.28120616348112
143.43542331034044	1.1118588929843254	106.56569588720545
144.5888763292268	1.1030250203732743	105.71901670146019
144.14079130264804	1.0758093105677238	103.11053726868957
143.1948056509194	1.0693581574412303	102.4922289324991
142.97969825024435	1.1083104811489053	106.22559969431447
145.22708248233036	1.090613896060582	104.52947717673264
143.80164534346522	1.092930467281119	104.75150807089243
143.55128888004515	1.061719313911252	101.76008685792284
143.21918754299818	1.0679283724093827	102.35519172584515
143.5989693285082	1.0988233220814658	105.316306514763
144.08173047977394	1.100925186727325	105.51775893832145
143.57346021460268	1.063587061515272	101.93910042198206
145.34322722704437	1.0825631657079842	103.75785796512382
144.27224141503626	1.0633849249767544	101.91972672175152
143.56603014288825	1.0667331639698283	102.2406374241302
142.81486672456884	1.12900747880624	108.20929562196025
145.405084370262	1.0679739236346446	102.35955756583543
144.23604389304765	1.0680845251788822	102.37015812909237
145.09808298111318	1.085794682151721	104.0675814388224
144.38225673593377	1.0829283988294522	103.79286359578063
142.9009859593529	1.1032355853667364	105.73919822377327
145.32172128556613	1.1031679887269892	105.73271944935348
144.95139220965237	1.0824532689340922	103.7473249503146
144.88883263064952	1.1112969775308341	106.51183931268065
145.5549597749646	1.0897480327720006	104.44648883668962
143.28761764348812	1.0798868574946157	103.50134821468171
145.5087853593502	1.0839058798051922	103.88654989091528
145.49322908744395	1.0818263719416583	103.68724024471946
143.70564859021016	1.0727396440466768	102.81632623973516
143.42961081421663	1.0585337170716682	101.4547645313503
143.91535804570154	1.0741655833139678	102.95299485053692
145.70683941684797	1.0720938053279534	102.75442607153403
144.74639204448766	1.1032777832438156	105.74324266337285
144.63243115603066	1.120468289790037	107.39086027412435
143.68351150619128	1.07052688687606	102.60424536400167
145.97950711261402	1.0712736152872178	102.67581526668977
144.59065629288392	1.1253804766941113	107.86166697366484
144.31677195191315	1.075050723573772	103.03783078461004
145.0145377221098	1.0999945808500546	105.4285653693049
144.19284952968772	1.1247695795878951	107.80311577112451
143.95474723645268	1.0645351772291691	102.02997221468037
143.68098591903168	1.0561883700394792	101.22997563038521
144.95776772000616	1.0664881821372578	102.21715723286462
144.975269889717	1.110435026910436	106.42922598084265
143.92912553309918	1.0830917425515083	103.80851921316118
143.41945518429142	1.130669402703713	108.36858209056098
145.4657011025679	1.0696344436887997	102.51870948360327
143.28530974013063	1.101135551815729	105.53792130080971
143.29680479171893	1.0779256432902682	103.3133763795964
144.75348086193853	1.0735436111075252	102.89338215919607
144.98437498557942	1.0645502810882912	102.03141983835643
144.37893779839533	1.0692471846438465	102.4815927866245
143.95957627649	1.0936760128000593	104.82296459972245
145.90723062560522	1.0709785474630293	102.64753460246432
143.74655034693544	1.0984205426298477	105.27770227026618
144.80348103657798	1.0939050346370798	104.84491511123919
145.24591313593262	1.0819802521410546	103.70198883434301
144.7921657802356	1.0691997689610744	102.47704824840797
143.31256695389746	1.0725991245603441	102.80285820261172
143.2923366656286	1.1271793734111284	108.03408155044947
145.0675233045611	1.0779574948454804	103.31642917988222
144.51110535917397	1.1139478117732153	106.76590751998954
144.70881481435097	1.0734025616923883	102.87986333124641
143.24879975238792	1.1057480782073952	105.980007151656
143.83089230377433	1.0585623048106274	101.4575045123994
145.9180159710281	1.0754056207050575	103.07184576618948
143.2611756238092	1.1281683114288912	108.12886594145196
145.3610195791645	1.077855331908948	103.30663741179532
143.61843657228945	1.1310872461603367	108.40863013893113
144.72998246518742	1.0646957664807006	102.04536383087324
144.37638134394868	1.0600413260921004	101.59926074881274
143.7347594479198	1.0706287878157832	102.61401202110328
144.92843209928847	1.079174061270054	103.433030529609
145.85910482196576	1.0712139834437313	102.67009987516096
144.6465230385284	1.1237076194116056	107.70133259890285
143.05241767618898	1.1199034611065444	107.33672448216977
142.9312185704383	1.0871493886154124	104.19742276845254
144.94768155732712	1.1218458937624782	107.52289620683713
144.97416313645758	1.066567335990008	102.22474370400202
144.66770545873203	1.0619984611464253	101.78684161930393
145.55302771422936	1.0688832665738057	102.44671319657535
144.7988834613814	1.066697425971203	102.23721212914253
144.0756299524695	1.1286654388626052	108.17651293267777
143.8289248979003	1.0569889740627096	101.30670922077515
143.47223131565045	1.0652195219439082	102.09556297553416
143.54964489216445	1.055111055031856	101.12672078015063
144.4538257926668	1.0680142092023548	102.36341872086538
145.06728474215777	1.0657613238468977	102.14749177440369
144.81859273280844	1.0635366177624603	101.93426565953561
145.32709967840316	1.1041651403293233	105.8282910682687
144.33116543921807	1.0602819361844935	101.62232193229127
144.3661102233189	1.0838376634189884	103.8800117171303
145.19387504960713	1.0661372843965924	102.18352557136944
143.9048064317842	1.0868450262659624	104.16825127396194
144.96754705422302	1.0676723682592155	102.33065510471027
144.83489599924226	1.0799003606977526	103.5026424240891
144.41642338489748	1.100607230491575	105.48728454292994
144.0169174562979	1.0960290354525462	105.04848916761755
145.0643147592965	1.1246877623273899	107.79527402667622
143.52924406205705	1.0773585971038908	103.25902805191492
143.37294908366414	1.0638097451662536	101.96044345245049
144.64369010708637	1.1138960573784025	106.76094713955524
144.79377697412588	1.0710488504739495	102.65427276800757
144.54181212544543	1.1298390322131615	108.28899554434709
144.33853394949324	1.0636056840864665	101.94088529528842
144.39350559108576	1.089430396912958	104.41604514768268
144.0878435487221	1.0788816059273652	103.40500025768671
143.94938487138643	1.0823826280558013	103.74055440200075
144.4778353520459	1.0792979167029506	103.44490140682132
144.88451029398524	1.1142120332064864	106.7912317235216
144.0988609909	1.058476595385656	101.44928972491712
145.33712608671493	1.0836244481120714	103.85957617652457
143.72287950728156	1.0964121060925156	105.08520442850173
144.73036098188678	1.0643076385180212	102.00816385280302
144.25788019791105	1.095575460003219	105.00501639989507
144.04724634797765	1.0708498384403902	102.63519853477528
145.51598673840567	1.0844379713850023	103.93754800752522
144.83583289602672	1.1383603209088886	109.10571524272407
143.06931794503467	1.1120960150268446	106.5884227598605
143.7378309991546	1.132488114285241	108.54289581555484
144.99339880426265	1.0940214454812731	104.85607246465747
144.15526349659726	1.0883272147683576	104.31031107146899
145.4005493817772	1.067671720387354	102.33059300967629
143.2979018967046	1.0794671104355003	103.4611177162493
143.0252002425404	1.0847424042973857	103.96672626509351
143.90624407726244	1.0570265394354308	101.31030965974323
143.10831501996395	1.0932863589514559	104.78561837369183
144.38147095615798	1.1257359588653688	107.89573802817957
144.37112821242835	1.0710745685568475	102.65673770795473
144.93115428595286	1.06432515942792	102.00984313779837
144.24821141429277	1.1117607655812367	106.5562909032981
144.1947758442738	1.083619308944151	103.85908361491524
144.40007569208615	1.0960724152335586	105.05264688635344
144.33573399433305	1.074662889809767	103.00065900390068
145.97112119604995	1.074101786894753	102.94688030681952
145.30014301894803	1.109835418422067	106.37175673161858
145.06497076064258	1.104850388449001	105.89396841562781
145.90054156262292	1.0775881500355546	103.28102946599729
144.9402018282629	1.095433936412846	104.99145212479888
145.14213191931313	1.116909875254101	107.04980537617831
144.76063010845297	1.1240173559318682	107.7310191787663
144.27720117350722	1.0888399692378181	104.35945583003694
145.34104127740753	1.0898316323787651	104.45450140944229
145.12399526361335	1.0692465889612053	102.48153569364663
143.40373364321303	1.0896442987331172	104.43654648689095
145.92969433829234	1.0726111153057687	102.8040074510806
143.6738827963284	1.1049956425864413	105.90789024359941
143.64091968681555	1.0934792522671533	104.80410616072035
144.34121693061718	1.0598815238737764	101.58394456552054
143.86176953712507	1.0939834348891941	104.85242935380813
144.60316538402122	1.0973050424454507	105.17078757617804
142.64090919566738	1.118549313861675	107.20693675065657
143.2565285437871	1.1276286702614042	108.07714423746103
145.60566202838652	1.0684177227148477	102.40209332114968
144.18716450643225	1.0785828462645684	103.37636575058346
143.6946997184865	1.1165651498512987	107.01676530007565
144.91802054344905	1.1179579200728913	107.15025483621328
144.7957199698141	1.081138319141562	103.62129408382434
143.78371159370036	1.073320236551426	102.87197290918746
142.83904611423065	1.0938841934375787	104.84291759434028
142.7223992191147	1.1019949783493745	105.6202927125057
145.01646757547948	1.0648726860784634	102.0623206229362
143.92506556603377	1.0722743226842257	102.77172768940322
143.08028905276822	1.0900900391187927	104.47926830589537
143.28383594627505	1.0660198200038575	102.1722672409889
143.55050711560634	1.0696259371784531	102.51789418033019
144.50421157461847	1.0812753325541005	103.63442608262848
145.00187685194913	1.0673967310238972	102.30423675794033
144.2302360725819	1.0595600895845958	101.55313681741087
144.7252276503132	1.062763838076492	101.8601988822473
143.33228070446435	1.0654641059020984	102.11900503267994
145.21700000840553	1.070895516533738	102.63957653438938
144.14750782401603	1.113430527722652	106.71632862543065
145.1333732037018	1.0651660400419962	102.09043702283405
143.44396579764572	1.0790937676724026	103.4253348200518
144.43600694882016	1.1219829538509485	107.53603267927834
145.09996911477884	1.1175101303430115	107.10733659858721
144.54522672302497	1.137906236171841	109.06219366251226
144.16997410990163	1.0648519019514162	102.06032857612506
143.89151055576554	1.085814602301464	104.06949067805495
145.67796199918757	1.0688876861446388	102.44713678867352
145.45017386884138	1.1008292443360208	105.50856337604378
143.886573495855	1.066527814450661	102.22095577698211
143.9926516646043	1.0575837478338321	101.36371508834976
145.3892562738613	1.0806166707676175	103.57129689233845
143.1092593944302	1.0980780379305275	105.24487503665046
143.81686787545797	1.0726233380516097	102.80517893554182
145.55319676575178	1.0766592587944592	103.19200023563768
144.6865474937371	1.1258368910987486	107.90541183998738
144.43936574235374	1.1366487817653028	108.94167341958871
145.03224344077017	1.0895513758020698	104.4276403236418
143.62732702787358	1.0964098407704084	105.08498730955948
145.17256936295945	1.0855006537636238	104.03940039895676
145.32048483859717	1.0743661447117312	102.97221758199649
143.86988915759088	1.0697714534482883	102.53184113228222
144.96171723753372	1.099079751335805	105.34088387984676
143.03553539132866	1.0788180526451183	103.39890901734022
144.05675193885745	1.0692669635882923	102.48348849208865
142.7290305657453	1.101512603643182	105.57405969088025
145.57582000524212	1.0709895475656719	102.64858890314972
143.32965015316725	1.0724043279374837	102.7841879938266
145.11934892200983	1.072556691515053	102.79879122340365
145.76175689706207	1.0774851884442098	103.27116115114137
144.23974870448896	1.113102460738503	106.68488516917552
145.1389293283535	1.0897852098046732	104.45005205535232
144.64684175567092	1.077465336790711	103.26925847690549
144.7381568465002	1.0723523044550753	102.77920182279328
145.56521336200987	1.0714840890345547	102.69598804355243
145.40008027473547	1.0679642649890542	102.35863183659482
143.96996757433067	1.0585957377032984	101.46070887537702
143.5784181558445	1.0614342890101385	101.73276875386846
144.67564285524742	1.0676644219897773	102.32989349751557
143.75152869328946	1.1047384130495412	105.88323617573569
143.13706515776488	1.0861072729620267	104.09754158703758
144.20409346951314	1.0640711212513763	101.98549494466332
144.66561506326752	1.0990519656272804	105.33822076910192
145.4847420539894	1.0700080207064029	102.55451483183548
144.23010753851537	1.1323730566667929	108.53186816154728
145.84085405093248	1.0794209072788639	103.45668939214254
145.60199854116001	1.090449141677251	104.51368635505472
144.9869104974951	1.090709689197576	104.5386584337873
144.20254038606322	1.0679175389667432	102.35415339862483
144.1681189545439	1.0918074355373353	104.64387151733794
142.92882773782682	1.0965360019060602	105.097079175982
143.57485206052226	1.0886863774533757	104.34473488343575
144.9427464447663	1.092452013343885	104.70565083388779
143.8200958551876	1.0566323517496303	101.2725288897979
144.40502742785884	1.0916723301201077	104.63092238962412
144.41534350852908	1.0868879676298324	104.17236697277232
143.24041039964564	1.0738169435145288	102.91957960056625
144.99229155107963	1.1219667477224253	107.5344794090076
145.44440541448753	1.07739588838529	103.26260222070371
143.26544635879912	1.1002366397094099	105.45176540930606
145.26746193702783	1.0728537722558393	102.82726481486057
144.31239283373452	1.106733378996468	106.07444293384769
145.3929962324164	1.0903477884822024	104.50397219633467
145.3972657493948	1.0820849077366255	103.7120195103945
143.61317458113894	1.0655695913920642	102.12911524964646
145.48368130334836	1.082660337846009	103.76717139201172
144.25805558976782	1.09429678006426	104.88246180382897
144.52521418658293	1.0732369252714375	102.86398797100578
145.06351564491084	1.065446510126754	102.11731857223423
144.59834285699284	1.087044396514447	104.18735984016851
144.83324758806856	1.111221923351424	106.50464577318698
144.74200209695198	1.0677736238558286	102.34035990914514
143.27235580392826	1.1306886587248952	108.3704276766423
143.3947525132944	1.0645786349682045	102.03413740527353
143.4949353643421	1.067210938545436	102.28642954797623
144.85208380674501	1.0633515030384895	101.9165234086948
145.46701439186074	1.0704678742979492	102.59858932572905
144.93909604044762	1.070523997731597	102.60396845504124
144.36603988203487	1.1218433304840525	107.52265053038401
146.01001447420714	1.071308232181801	102.67913310988371
145.2272860740348	1.1068945000377748	106.08988551923086
144.12472737651925	1.1005549704643096	105.48227570034409
145.41527495649973	1.0679608542506995	102.3583049356647
145.35306549370893	1.0665944825939035	102.22734556000493
144.26325922092818	1.0857879832929735	104.06693938923448
143.41873314947594	1.1228327576670243	107.61748180524128
145.33329533903282	1.1010262388730423	105.52744424308196
143.16271294590578	1.1026308147183093	105.68123420926709
145.43255804010437	1.0875582517699345	104.23661010315769
144.08295302152675	1.068570799243706	102.41676488327388
144.60978107531113	1.1330075447693593	108.59268043422755
144.26168052185207	1.0750918653634127	103.0417740039077
143.99246577444194	1.0741831467913234	102.95467821539411
145.4792095890133	1.0790083850969177	103.41715135933515
144.1457353028372	1.0951111812311825	104.96051777624783
143.91736431349239	1.0634538743036495	101.92633514396036
143.82481678943188	1.106625812569903	106.06413327029836
143.47954165717513	1.0876614720939939	104.24650321615295
143.61607607938927	1.0900353208526494	104.47402385433223
144.80135992530387	1.066733783754078	102.24069682711766
143.18489948083536	1.1164164072230491	107.00250911901928
144.94673016318754	1.0841669328303734	103.91157041957
142.8863246810941	1.116452206787999	107.00594031480807
145.25510410416334	1.0682645200172831	102.38740966643341
145.9174674912288	1.070582426238601	102.6095685132391
143.4859349347995	1.0626434615952969	101.84866144384755
144.90202812609266	1.069633564560495	102.51862522388278
143.73930911884548	1.0686685087116208	102.42612981034225
145.47877570303893	1.0882602191369728	104.3038899004688
144.4601470612998	1.0611909399209893	101.70944505227978
144.0041203690893	1.0625484019491458	101.83955048794586
145.5320226830743	1.067968614571313	102.3590487206645
143.42064714160665	1.0943607367547408	104.88859170868537
144.61134965891466	1.106992592403985	106.0992871450418
145.1460638096649	1.0674063221637562	102.30515601711959
144.95224856268658	1.086596770667094	104.14445730980135
143.8306955590286	1.0609211317311582	101.68358538817417
143.9811745031304	1.05756031941997	101.36146960086705
144.75697247195288	1.1165778623416405	107.01798372391366
143.74660809699154	1.1325023654209019	108.54426171027265
143.0085669887169	1.0837811463968388	103.87459486447675
143.9981125584145	1.0581800807786168	101.42087039433547
143.08762363215195	1.0978555711690419	105.22355279387389
142.87895628933444	1.1049082305194748	105.8995122670378
144.27427671539834	1.0652120668195235	102.09484844195171
143.83081129112009	1.0953717014260265	104.98548723597999
145.46885789008144	1.080503771887699	103.5604761418104
145.68885366027422	1.0820494194397534	103.70861814797715
143.98852742166477	1.0769772249413663	103.2224755809603
144.45420175160285	1.1115861916562915	106.5395589313609
143.63609263951395	1.0939628445949752	104.85045588483123
143.64710694904002	1.0694151265149483	102.4976891118646
144.4529564008507	1.0639618558255817	101.97502244117418
144.86542156120677	1.0710991265404317	102.65909145862106
145.05640780708052	1.114596415118925	106.82807266282057
145.1125177508664	1.065282387553075	102.10158830611388
145.05298552320872	1.0834130803731485	103.83931771537583
145.61706576474108	1.0910448823389638	104.57078489389299
145.21470127460464	1.085810932454006	104.06913894291064
145.22099916384497	1.1046899199209887	105.87858837013506
143.41603995315873	1.0623937321551815	101.82472621992899
145.54364649455226	1.0756068281388793	103.09113041673119
143.95797427332653	1.1022249688219121	105.64233606252795
144.2014077229158	1.0658059052299984	102.15176466023814
145.0190289440849	1.1080673604248423	106.20229788029127
144.5121407037374	1.0702331530016984	102.57609255169385
143.7813533730205	1.0919370704643248	104.6562963279799
143.75649607694578	1.07126238699368	102.67473909513416
143.05565628616736	1.0794857599852505	103.4629051753052
144.18825008703115	1.0713136731533288	102.67965459774591
144.53318270923774	1.0613379888974992	101.72353890592447
145.4314746162593	1.1012316584831556	105.54713260807033
145.1701416443774	1.0669944653326968	102.26568175461678
143.0559403863748	1.1196442149994548	107.31187713689746
144.37525561632773	1.091125182988383	104.57848127932422
145.64511153936618	1.0752629909745126	103.05817547350611
143.21801260608333	1.12860240038111	108.17047103321498
144.7321353260487	1.0628437367365153	101.86785673915664
144.4812210929511	1.0948787971214784	104.93824500897495
144.84120564815376	1.0962090264593312	105.06574033771884
143.51540008297383	1.055504399222609	101.16442070563153
145.03901323869042	1.0794599845716255	103.46043474051616
143.97527452134486	1.06623513117931	102.19290365932324
143.7000641943662	1.0568479094582408	101.2931889370097
143.70214094924782	1.0559961350116753	101.21155093671135
144.51371730154352	1.0778517037367492	103.30628967100051
143.08625896460728	1.1230931982015	107.64244362995554
143.86069244481413	1.0722929306442146	102.77351116230412
143.4777856831403	1.0601435274515674	101.60905619953128
145.45782228520298	1.0689226469013	102.45048758919852
144.36786879457514	1.0603156223027783	101.62555056558226
143.66882139910604	1.06654202391837	102.22231767805081
144.31923101939037	1.102312727012664	105.65074721319309
144.53204089043447	1.1226091013843693	107.59604555325727
144.22299204955067	1.0710775343769323	102.6570219658612
144.96576232660396	1.0847485326609145	103.96731363578257
143.45697202291322	1.1276103567933955	108.0753889900328
144.81465722128473	1.0639026562930276	101.9693484843235
145.14541842722494	1.0837460707783666	103.87123305506483
145.1140821292414	1.094412655843065	104.89356787410708
142.90778051144883	1.1060317969998064	106.00720007221486
144.70601299835556	1.0639200743250434	101.97101790902703
144.93971432666075	1.1022440159133877	105.64416162382042
144.3224631601924	1.059718447984159	101.56831461843898
144.25275908458178	1.059249442985672	101.52336301140168
144.07699201536303	1.0592851795349298	101.52678816747527
144.6933304042759	1.0917860697240045	104.64182371902454
143.461652485932	1.122970935410122	107.63072539886836
144.10607166255062	1.0985900480722213	105.29394845540457
143.98587882749905	1.1025140871766617	105.67004650210086
145.5211865431355	1.0690769330489476	102.46527508677897
143.84082332747772	1.1139382865275111	106.76499457641067
142.79282422194473	1.1155917636423553	106.92347146631887
144.42783425192636	1.0768148058449571	103.20690858397587
144.46881983242494	1.0838470169857675	103.88090820620742
143.54229946072542	1.0572619068519167	101.33286836092844
145.4156359463644	1.0993110973236384	105.36305714872083
144.6382962792505	1.0619751440479106	101.78460680079867
143.09258228850214	1.0825340663901442	103.75506895199003
143.810401094187	1.091499506137427	104.61435814024269
144.4492558179054	1.0623548545554908	101.82100001106238
143.70632938335606	1.1110149167940635	106.48480530783877
144.02276521047764	1.0781323073199802	103.33318401551143
144.25536632993774	1.121187800744572	107.45982152995661
144.12788604560743	1.0661598094922564	102.18568448066046
145.44961986793177	1.0897505117099104	104.44672642955781
143.8880336922799	1.133474514866321	108.63743700689629
145.00161486297674	1.1153998800671756	106.90508045748909
143.99143177556005	1.0703247134667746	102.5848681299063
144.81304519473002	1.0810308235944024	103.61099121368487
144.87383705862052	1.1198099686111997	107.32776372924555
143.19331216921702	1.1165407738139674	107.01442898797923
144.34985286663215	1.0797568911884594	103.4888916431286
144.98717239048074	1.1261253790942563	107.9330618630167
143.6222942472425	1.0657687046285746	102.14819918263737
145.48391032663773	1.0769930817661297	103.22399537234405
142.6744872467792	1.1130225114620038	106.67722246094917
143.461457456338	1.086499384923941	104.13512341001059
144.3711985624284	1.1156412995074765	106.92821921261233
143.54352935804573	1.1016686654761947	105.58901737835423
145.6544807364151	1.0707888636240495	102.62935442652024
143.2685297748618	1.0806230134941024	103.5719048085641
145.44600700931005	1.0812311948777555	103.63019572370055
144.99691126116304	1.0755783340001699	103.08839940676272
145.79104870815414	1.082543700584595	103.75599233772039
143.50080274422425	1.0924221428091734	104.70278790376403
144.33239538489596	1.0760480496771745	103.13341912851426
145.0261658993929	1.1085879929614713	106.25219770923312
144.08532834846486	1.0608747587728669	101.67914078949185
145.2222684409124	1.1023574211794658	105.6550309087388
144.43208479025157	1.0609327008595086	101.68469422691372
145.75160947956581	1.0742398082905633	102.96010891539986
144.73438294020065	1.0880804478799613	104.28665979220163
144.185180185463	1.099755147026319	105.40561692485183
143.53277184067312	1.0572607953051532	101.33276182514851
145.3815129181801	1.0670264121037398	102.26874368082795
144.22502492125753	1.0694118427883308	102.4973743843265
144.12208173937205	1.058785092617896	101.47885752568786
145.04738171785115	1.0646262604468097	102.0387020512925
144.8560941623986	1.1315364051124523	108.45167960914554
143.88324768328192	1.1111572938114225	106.49845137932225
145.18338227994462	1.0956092508563673	105.00825507145949
143.87948183863176	1.123521607460206	107.68350435363782
145.25251555913073	1.0773137126218124	103.25472611567338
143.05865647891866	1.0913164298878177	104.59681126620757
144.40388917975426	1.0782743889386903	103.34680177462292
145.3952091075993	1.069384930779935	102.4947950130407
144.32514509298142	1.0623625785298645	101.82174031247054
145.41513056147755	1.0673992564712218	102.30447880848583
144.39613350522387	1.0921439349550688	104.67612317700686
143.47290835873005	1.1019590658424554	105.6168506918365
142.6365421157181	1.117660797511313	107.12177723645837
142.76928011957824	1.1149235711587808	106.85942880996382
143.74226551419716	1.0580706469774483	101.41038175297217
144.44771694377974	1.062822399861157	101.86581171439227
142.88124250732665	1.126718172971873	107.98987796844564
143.74114529304842	1.0572943255867526	101.3359755223312
144.19560477090604	1.075712544259852	103.1012627384395
143.54034549173682	1.0885181030566018	104.32860668739815
144.89633844891404	1.075649381256213	103.09520890419884
145.01094034216888	1.0707364798972883	102.62433372800291
144.52507295648638	1.06535759037914	102.10879609259008
144.3968726364049	1.061221668081668	101.71239018124058
143.8424903035472	1.1320819325708327	108.50396548246516
145.40727386131888	1.0791639593366686	103.43206231361701
144.35925251475803	1.1274776591080478	108.06267063047213
144.4888282763058	1.1087819669004602	106.2707890681931
144.80299518561873	1.0665919156024202	102.22709952767521
144.77206679381518	1.0699727212343142	102.55113156725818
144.4695250165719	1.1352740080874975	108.80990875539692
142.74682063894844	1.0986092633990843	105.29579014115424
144.14907050431034	1.0757526096563208	103.10510279123993
143.70346781852086	1.1209581507040935	107.43781080851659
144.48112704080782	1.0620418504716787	101.79100025280398
143.4112728408049	1.1226111459479804	107.59624151368479
145.14828687353022	1.0698554627302266	102.5398929701973
144.0836632766076	1.0603873648282462	101.63242670085394
143.46197371309864	1.0885193054020024	104.32872192573919
145.2001098055759	1.0771659698802123	103.24056576837548
144.83704259239536	1.069899199288816	102.54408488414539
145.23275948864074	1.088156437360532	104.29394297528195
144.4945551734334	1.1362273009200772	108.90127674708108
144.09540171137184	1.1025860871907553	105.67694731627269
145.4486564066179	1.073077889128551	102.8487452119247
144.21070348514792	1.1215628344604744	107.49576649488742
145.0989185989717	1.0746578881603186	103.00017962269735
143.41396573524202	1.0580277487499978	101.40627018855564
143.37317805327717	1.0965956148245195	105.1027927536487
144.55855816391744	1.0699372834168484	102.54773504302044
144.54223599099038	1.130127888530082	108.31668086900319
143.7909373597289	1.0566124578872251	101.27062217006531
144.93740769190728	1.104026825809838	105.81503436536038
144.38884849600154	1.0778457254249068	103.3057166819587
144.24980128828832	1.0703639119320942	102.58862509201799
144.77947987135644	1.063113536178926	101.89371556486903
144.7806760383077	1.1073406332918616	106.13264499255986
144.67837169367291	1.105137031451818	105.92144160602916
144.7488534631614	1.0830509886641162	103.80461317220808
144.45792628134654	1.0881101177256332	104.2895034873601
145.1272444406192	1.0902186684777566	104.49159673824953
144.45775003413007	1.0607825474031722	101.67030282557195
144.1234919478435	1.0914586256366245	104.61043996407508
144.63126295283146	1.1351479351768354	108.79782534486525
145.61249419752428	1.0866262444288661	104.14728221137247
145.6648572570079	1.07475474175629	103.00946251904237
143.7464810469729	1.0615363740855746	101.74255305938796
143.35139710458446	1.071152166383383	102.66417504234695
144.87025224550555	1.0745437790514383	102.9892428782313
143.409004066335	1.1133402851319245	106.70767935838768
143.2574761874283	1.1026836711996837	105.68630021877186
145.11621981400717	1.0691194725450242	102.46935226872237
143.6775956428712	1.131353428762231	108.43414230992956
143.89945047850495	1.0619573929504964	101.78290545356779
143.70339858952437	1.0567912036181957	101.28775398717622
143.54924252723663	1.127363965162834	108.05177367721096
144.76361328001258	1.070787898791248	102.6292619524846
143.72159819819325	1.0609026462248028	101.68181365179552
143.84724849617015	1.1008647304432568	105.51196452859631
144.09106928330786	1.0590589768548653	101.50510785699275
144.53054598007645	1.0610495568422105	101.6958942444643
143.22189116102467	1.0836453327043207	103.86157785238508
142.9402165366535	1.0881568258528447	104.29398021018103
144.73357851659893	1.1034697938932219	105.7616458515839
145.069610786257	1.0656464744949656	102.13648408162176
145.52183807523159	1.0682630643425592	102.38727014783902
145.5200282904909	1.0800108521673253	103.51323243728133
145.56470605449837	1.0707108503827725	102.62187727685892
144.54933639352484	1.118668216647416	107.21833294327178
145.08574174563856	1.1122782274220058	106.60588683809215
143.6788871444698	1.0586619412893155	101.4670541330879
144.6387919622343	1.083055136884679	103.80501075684204
143.44878245375273	1.0998206534836892	105.41189536653071
144.0192773853905	1.0934907688607671	104.80520996428794
143.30894308462945	1.0782067516473313	103.34031910396473
145.20355669234368	1.1049121823381918	105.89989102761098
144.49121536589726	1.108760359303328	106.26871809620252
145.05343863110141	1.0654459018944746	102.117260276441
144.1966788977503	1.059957466878603	101.59122329415074
143.63391546479946	1.0572258367292842	101.32941123364071
144.28677145141543	1.107011504140468	106.1010997332861
144.00207505959503	1.1230562365068424	107.6389010502836
145.60017297063445	1.0772881753076193	103.2522785014345
145.50604749221938	1.069350012129226	102.4914482481448
143.18140037966393	1.1094574163310105	106.33552726389168
143.57354073336597	1.0552066458953708	101.13588265038003
143.66434850627658	1.1180999336989914	107.16386607859874
144.2898021129256	1.095102443660652	104.95968032709864
145.32348599027316	1.0740405485968496	102.94101094527355
145.24203127923354	1.0707838131151648	102.62887036240268
145.15239867290455	1.0767033457962325	103.19622573768044
145.07346396706023	1.0742971105241967	102.96560102635166
143.04222616552795	1.1103118508905563	106.41742022171448
143.397364177045	1.1201763921349956	107.36288345356412
144.708176408869	1.065611366346487	102.13311915438366
145.39217846206265	1.0826526436587482	103.76643394553814
144.2628850053104	1.0965889545831862	105.10215440533226
145.39556991421037	1.076154817245313	103.14365222577928
145.82500716530276	1.0769292826913652	103.21788057410647
143.01702473633802	1.122798697081734	107.61421728130153
144.00436441841103	1.0952274748441344	104.97166389368203
144.44117443757307	1.0919550344836095	104.6580180826271
145.5397352959076	1.081296932254047	103.6364962977163
145.20611811395688	1.0824786927936907	103.74976169054068
144.3203669239936	1.0661279352380877	102.18262950480172
145.26707831893546	1.0760454472217449	103.13316969715599
144.5364082256278	1.0854879619196072	104.03818395395797
144.22833147238933	1.1110815040306465	106.49118733639334
142.97423079630863	1.1267746612864	107.99529206962795
145.33053358770127	1.071522035635655	102.69962502121058
142.8513501006873	1.1096794757229778	106.35681046249053
142.983373857111	1.091248018056613	104.59025436007025
143.18779471848188	1.1014024081986935	105.56349805010045
145.1875216286704	1.0657776046057654	102.14905219759162
144.07611889298158	1.0664237779993053	102.21098444257422
145.07803338994722	1.0912719619262878	104.59254925122075
145.39220251389045	1.0749448701841626	103.02768530644107
144.82724746545765	1.0688801693880114	102.44641634797203
145.5811485688247	1.0696099219067756	102.5163592026618
144.9237845993281	1.0645523406978903	102.03161724086098
145.29656777705125	1.0760436550718309	103.132997929224
142.5509879742837	1.1198528679163418	107.33187539695302
143.31779181167522	1.0977389529282489	105.21237556260681
143.3381600011923	1.0664291986193863	102.21150397985967
144.74796591514246	1.079591562024375	103.47304573180632
144.4870997811868	1.1092512432555406	106.31576668330065
143.73495574335251	1.0563119920961106	101.2418241397375
145.0390370780282	1.064445637625754	102.02139032519098
144.77293118816598	1.064966611801026	102.07132289835958
144.8863032949445	1.0642627028241474	102.00385700818626
143.8480010579162	1.062508019074671	101.83568000658578
142.95866028289802	1.1072150902402733	106.12061236617109
142.59871982862686	1.1211865299924226	107.45969973519657
144.87701855052734	1.0646460249647263	102.04059637405139
144.61620911366035	1.1092452084740643	106.31518828194811
145.36432423866125	1.0675668883272513	102.32054542044834
142.61736813982154	1.1241261903170077	107.74145036932657
145.62260557373796	1.0687425887822064	102.43322998674337
144.31513265523958	1.068224334239442	102.38355807572579
144.4719344874517	1.0711621441728703	102.66513135981388
143.33003900705503	1.0969533642956972	105.1370811166684
143.79266016608872	1.0584213119428367	101.44399110420879
145.1334807342594	1.0966526982508973	105.10826389310171
143.16933238026488	1.127079574077494	108.02451632099012
143.24375452952518	1.1003701086313187	105.46455768774379
144.6628870818383	1.070592190237514	102.61050434002915
143.4447914713353	1.0719565743637387	102.74127322157159
144.89905846568493	1.0997732007045096	105.40734727282299
145.4012350097766	1.1040958504227858	105.82165000333255
145.23087904027005	1.0885747735718698	104.3340382515417
143.74263507824026	1.055998385330385	101.2117666176586
144.97975671811895	1.0938084408344624	104.83565711469012
144.97380612578385	1.0999813895592883	105.42730105502095
144.14396285753463	1.1173731583210336	107.09420856684571
143.33332153259292	1.0629396953460566	101.8770538558651
143.3197012737711	1.0918663910429667	104.64952208552032
144.19822008503	1.1177273910023537	107.12815986446905
142.65382164482392	1.127580486671651	108.07252609948974
145.62560562241563	1.0722482501172812	102.76922877406643
144.51871810764965	1.0685790058237588	102.41755143984118
143.9373626797438	1.083295804337573	103.82807743801614
144.0778418721184	1.1159495156494106	106.95776007238882
143.06541904316157	1.0925366836085424	104.71376602344202
144.4324370645953	1.08449237203682	103.94276201746321
144.10361360293425	1.068383686563753	102.39883113909616
144.03226520400477	1.1195471582340724	107.30257476785695
142.92891838310032	1.0892529075043145	104.39903374231096
144.57030333503806	1.1172939035963505	107.08661242767599
144.33587457330935	1.0848103828650615	103.97324164525145
144.9738418267084	1.108840589207519	106.27640770108408
143.7228448767929	1.0696032858934563	102.51572317647022
144.37083508872547	1.0600062853341754	101.5959022805968
143.4482090136713	1.066368454107155	102.20568194501504
143.56767476762744	1.1215619689990035	107.49568354505945
145.96592210829436	1.07465460752806	102.99986519173693
143.5441615621625	1.1083812893982485	106.23238628424367
144.87786145053957	1.1244170334030346	107.76932611511769
143.34916584412306	1.0619484710162093	101.78205033414395
143.52730218554996	1.0566578055107596	101.27496849592491
145.3433953820132	1.067019529037606	102.26808397595264
144.73071584450358	1.1051361382829072	105.92135600059206
143.91742229954397	1.13186753362734	108.48341649665866
146.00456583721063	1.0713007457058494	102.67841557142216
143.8858781821516	1.1195968498823923	107.30733744513229
142.96936511718295	1.0928800729576842	104.74667804598595
143.5525650265557	1.1083393130600674	106.22836307795617
143.5258084949723	1.1133612889147773	106.70969245802655
144.01832409742332	1.0600389192698159	101.59903006783941
144.73818050846373	1.1368843711995837	108.96425339998571
143.9638718061897	1.079570234261032	103.47100158037965
145.34877671800112	1.079636092832064	103.47731377025954
142.94537364537226	1.113400812465315	106.71348057780827
143.99254710128585	1.115178531295889	106.88386536806114
143.74690839856285	1.08018587946218	103.53000786228637
143.1103061951811	1.0885421669298119	104.3309130802422
143.73792338011233	1.0593995011222717	101.53774527685927
144.93525574476533	1.0926734081693026	104.72687033735652
144.84806198655224	1.097455910445093	105.18524746265324
143.81026228334485	1.1222983129230848	107.56625815050369
142.50243277856936	1.116077857857523	106.970060982878
143.66878681306173	1.0563799103028877	101.24833373462789
