150.8671442320076	1.1294398109340718	108.25073233155305
151.3296499804113	1.1191363407541886	107.26320012157522
152.03691430014032	1.1308171713118886	108.38274491703102
152.37257017184254	1.1268501258748354	108.00252494461974
151.37188937405787	1.1436443014769482	109.61215636564243
151.4383484237036	1.1180297207430483	107.15713654434076
151.1872960728946	1.1501212155544642	110.23293375045924
152.02117217283057	1.1242380744194818	107.75217385889354
152.64494167266903	1.1301993461446105	108.32352969709345
151.0872725501399	1.1258671934317575	107.90831615565592
151.55096825761143	1.1535636230551654	110.5628699979042
151.40104144931246	1.1554240937346076	110.74118610787419
152.9242956384678	1.1355134227387398	108.83285536226963
151.65017225167253	1.1453857212911376	109.77906209037226
152.1987691888935	1.1755792751614662	112.67295186343787
152.13658022091315	1.1249588030485556	107.82125182228233
152.37751956318922	1.168734126668447	112.0168811900704
152.27580865051033	1.1796172354702728	113.05996864496299
151.3812139396705	1.162210669670463	111.39164291661062
151.0370336061136	1.1655337923634146	111.71014635668513
151.43450572989178	1.13425213870102	108.71196806979111
153.0435049736293	1.144025388576514	109.64868151484535
152.30158618108126	1.1572441587572484	110.9156295529206
152.89107644069767	1.1455605459089337	109.79581808987112
152.5308547638132	1.1709657135188358	112.23076678935371
150.81380559659044	1.1611198129012843	111.28709016135156
152.13579106248352	1.1336734796284111	108.65650670941245
151.60248366404647	1.1212044498092566	107.46141725327655
151.56147963510384	1.1782696467605158	112.93080951377188
151.0936728331334	1.1214509410588847	107.48504211405022
150.269778440484	1.1527899252155165	110.48871522052296
150.14690727740546	1.1670793695698762	111.85828162060508
151.5047632757816	1.1354757204339136	108.82924179909564
150.76981385524266	1.128393021983766	108.15040323975889
153.05054222553164	1.1331486075403336	108.60620054226239
151.3973602842816	1.1501292417956983	110.23370302252053
152.04979366099084	1.1231912213190185	107.65183861865175
152.03614229454766	1.1516819243844232	110.38251929912134
152.11738319862386	1.1430251868899628	109.55281756175975
150.88392821610998	1.1428994600340516	109.54076731871503
153.06836145853487	1.1356003302891122	108.84118498362871
150.80835758836366	1.1687082205376365	112.01439822674206
151.89291724707937	1.1609298908189907	111.268887151067
151.4110598393016	1.167621694637847	111.91026056202477
151.77334144466434	1.1224810152391265	107.58376918501716
151.14061956661584	1.1237763385767987	107.70791896135027
152.6673357513751	1.1490799303608814	110.13313216415062
151.87532204744736	1.1355760710648168	108.83885986743363
151.16591770448443	1.1158067525164788	106.94407699380402
152.02412775149838	1.1467690037639406	109.91164227680865
151.8595471416701	1.1559366773673372	110.79031449266016
152.30158618108126	1.1752669219587681	112.64301448863417
151.5669303184488	1.1185543466241623	107.20741911387735
151.5578511583998	1.1291644700693022	108.22434239030648
152.9169886841383	1.1344184683942167	108.72790987644845
150.67842625769487	1.1790255580197508	113.00325954306753
151.78791621438458	1.1244868892416662	107.77602142160177
151.22701701140073	1.1152445600658272	106.89019387059095
150.87067992308138	1.1293667280481123	108.24372772993603
152.12186725907992	1.1243906161379704	107.76679416231977
151.27075241258805	1.117404904873601	107.09725130319268
151.2679816450215	1.1501888028100895	110.23941162546141
152.7614689900815	1.1317340774741327	108.4706254420323
152.50977658596818	1.1304953867342298	108.35190359565439
151.50462011128357	1.120095980957333	107.3551764745951
151.9563526339825	1.1259244632228749	107.91380515716703
151.603287925519	1.180349764424269	113.13017760603955
153.18250045125868	1.1426544164280852	109.51728120680164
151.98068197740662	1.1338938393790705	108.67762700653175
152.89468898491293	1.1572625735089355	110.91739450784476
151.17280140189098	1.1254033147714706	107.86385588056828
152.15782215378184	1.1522161354577594	110.43372055778819
152.57806833385038	1.1364471018908275	108.9223434881509
151.7991011495679	1.1618047296060126	111.35273574436994
150.71180573707923	1.1439843822655844	109.64475128045362
151.32573521591112	1.131383802843881	108.4370535023195
153.01224214804876	1.1366363113781377	108.94047820003826
151.321692845131	1.1323119069399254	108.52600728905881
151.3519093763749	1.118295729919445	107.18263209343783
153.1679853041399	1.1429196249088804	109.54270001353105
151.9598395207259	1.141358775896622	109.39310102914936
151.9007180260483	1.1514422230025816	110.35954521066259
151.2477127436969	1.1676109407351367	111.90922985827895
150.82956662668474	1.1656785043980302	111.72401622701612
151.42073877263167	1.1418083185012935	109.4361872703982
150.26315436832135	1.173082691412715	112.43366773646359
150.3643970633121	1.1740871714470784	112.52994174618024
152.25926684563055	1.1825147357142098	113.33767846207813
151.99729056017017	1.1239863144086544	107.72804401569161
152.63657425898097	1.1398216200079014	109.24577290324939
151.9173847182983	1.1219659223127265	107.53440029792661
152.11453536132092	1.1551819249727395	110.71797553430821
150.8784963122703	1.1379175564228141	109.06327864769355
152.5709355552935	1.139559826713895	109.22068142380857
152.3936254704008	1.154324492376373	110.63579523077802
152.8293123005926	1.1402514664763752	109.28697137575934
150.81855410307824	1.1320914624549059	108.50487887060677
150.95669541723328	1.1604734548150295	111.22514021456543
150.40555761720668	1.1479702562995715	110.0267758726305
152.38158574594726	1.1300178372029557	108.30613304109757
151.0928956877762	1.116995606223404	107.05802222856896
151.0551776271599	1.1290255872575192	108.21103121963742
152.29350537681927	1.144693562803916	109.71272242144448
152.62419838289276	1.1286695162547238	108.17690372878621
151.9103339906105	1.1242452930804805	107.75286572873202
151.3018443990967	1.118466333261434	107.19898350635043
151.55030872641825	1.1179393706991856	107.14847697849258
153.27730783647831	1.1355434386785144	108.83573222868672
153.3233223814205	1.1401931266636371	109.28137981842991
151.56852267247984	1.1201563755664754	107.36096497311026
151.83256466146668	1.1283369195239457	108.14502612067531
152.27209439324366	1.1351405752430337	108.79711993478828
151.87698837502919	1.1214377595511809	107.48377873742018
153.00032411371396	1.1336399928495122	108.65329718172968
150.83627968101564	1.1767540838870199	112.78555096226502
152.83032942130342	1.130808920445882	108.3819541158932
152.84897289485463	1.1419316012252294	109.44800325653635
152.88978742474816	1.1427603547159635	109.52743482201315
152.90821374511563	1.1395041042558665	109.21534072585327
150.74470279904827	1.147296716290611	109.96222068472343
149.95753486480032	1.1695810918467544	112.098058247868
152.3858587786647	1.1263865297122069	107.95809174541354
150.9067466978743	1.1354572745977205	108.82747386488876
151.28918779312366	1.1468784083147352	109.92212811468092
151.35364750002628	1.1164486709045642	107.00560141939503
152.4709453209372	1.1451022450868142	109.75189242057712
150.94089960974534	1.1267413001426891	107.99209458340235
151.1994438585077	1.1165740195490903	107.0176154129123
150.2239056694886	1.1734573762367742	112.46957926198735
150.70479763839845	1.1380099937565527	109.07213826905193
152.76621488070424	1.1395856049314395	109.22315212733821
151.18291721457274	1.1148838822540674	106.85562484187356
152.23436118828283	1.1829906266655172	113.38329005066414
151.33476126374944	1.1351011635488233	108.79334253583404
151.88321979475202	1.128104236879275	108.12272474043124
152.30445171483623	1.1411660701424908	109.37463121888835
150.9362594106803	1.1544044305820431	110.64345687792495
151.13542654257682	1.1160008245900501	106.96267775843602
152.0083922346323	1.123452204950381	107.67685249628211
150.47998051153942	1.1440312527663778	109.64924356590922
153.2616519754921	1.1366378410386948	108.94062480977693
151.3976170956737	1.118459642830337	107.19834226450749
152.94610731083503	1.1320748637121396	108.50328797037213
152.58989086470456	1.1285773937811547	108.1680742850819
151.48229451301376	1.1782433021133352	112.92828452100757
150.71362083248357	1.161574634272479	111.33068234398513
152.53220226114342	1.1282139645937688	108.13324155180622
153.232883127445	1.1384600233754285	109.11527118799333
152.98710259531217	1.1343912517304058	108.72530130557939
151.21285864165475	1.1594193270084352	111.12410773286061
151.82794932953067	1.1549686583097618	110.69753507150021
152.93208472827428	1.135064546237081	108.78983296341261
153.33543488904868	1.136169698303338	108.89575584602387
150.75541034446738	1.146169825210538	109.85421423453914
152.44468226976832	1.1369989716661193	108.97523723844077
152.17163082516262	1.1342461950653893	108.71139840427772
152.00548183689983	1.1231216547217213	107.64517103439422
152.28172598290038	1.12693549191363	108.01070682038355
152.22106605861921	1.125010951724923	107.82624999248338
151.57914045569228	1.1403397418350059	109.2954320941846
152.97006934754734	1.1324900081926972	108.54307733640005
152.71771740170806	1.1376403414288319	109.03670908124003
153.33318242891426	1.1373540779675906	109.00927226785772
152.1585387623942	1.130394514065375	108.34223549278602
151.93384274375907	1.190402027308834	114.09363294762478
152.68932994999204	1.144408300459115	109.68538155968947
152.3529574026967	1.1273125863813827	108.04684929729751
153.23564345131322	1.1368460932453128	108.96058466390801
152.57575481276234	1.1675856772026005	111.90680848453964
152.75342659834368	1.135592888142673	108.84047169391252
151.8128928375718	1.1462442364937908	109.8613461558933
152.02159438078294	1.1225893947893915	107.59415678210058
150.82233660359722	1.144282997858772	109.67337197925956
150.6854007104559	1.1511963093762858	110.33597571197915
149.90992816070508	1.1714540871025183	112.27757477112768
152.01884285492918	1.1226232744181466	107.59740396232954
152.61714362137266	1.1295458391075144	108.26089456181253
150.61152040637586	1.144092038185539	109.65506952146309
152.25972173388368	1.1823251220976105	113.3195050165716
151.00258008053814	1.118989970275394	107.24917129828793
152.82612654718494	1.137281191846359	109.00228652508176
151.28008956772644	1.1353708327550383	108.81918887910743
151.04930719614669	1.1643544308749314	111.5971109000136
151.40894743272463	1.178113856510715	112.9158778560883
152.62054454964314	1.1329188490547042	108.5841794269378
150.90948601320468	1.1708146398944743	112.21628719485491
151.45471017085853	1.1606547138660048	111.24251291988345
150.5180540376065	1.1669825520187989	111.84900217896933
151.97729447230455	1.1842462987883258	113.5036394712764
150.64205805436112	1.138615676664281	109.13018971870649
152.1200998466038	1.131693661749692	108.46675181217965
153.33473478120249	1.1369231931493542	108.96797427510673
150.96841723264234	1.1450812692205852	109.74988199659647
151.3799020589906	1.1567693879568488	110.87012532477551
151.7445300155044	1.1215528964169315	107.49481398685552
151.3030818919006	1.1235417144802116	107.68543150338014
152.20418806988224	1.139879988909278	109.2513672485684
152.35571007354952	1.161405286805861	111.31445129997338
151.44867890328254	1.1334584763714095	108.63589980340579
151.76352289786246	1.137458268630876	109.01925838264982
152.81830571462743	1.1306696992598944	108.36861051387622
151.5661843789077	1.1266632003015173	107.98460913360681
152.6245251703888	1.1351167518467704	108.79483659036642
151.9771054809577	1.1635653293083827	111.52147975824234
151.76945696840247	1.133249117930796	108.61583392269502
152.7636925984624	1.13010301663742	108.31429703183977
152.14439984621976	1.1247202160699064	107.7983845433769
152.55297031501277	1.1402488054052982	109.28671632640648
151.4159132065721	1.1332543279388159	108.61633327394699
153.2700482918645	1.1402461580556011	109.2864625921741
152.00906166545406	1.1259824553939113	107.9193633949088
152.54402138853894	1.1455191272245109	109.79184833169758
151.5485739395273	1.1484235494016288	110.07022157888551
150.73274141194355	1.1508390570070375	110.30173499350622
151.35011436637214	1.1792094522920298	113.02088482017665
152.17808385909802	1.1373892628917717	109.01264455363405
151.78459330999377	1.1472420783994723	109.95698393667226
150.4012843404332	1.145093568330521	109.75106080014555
150.6781752055829	1.1435235740149905	109.60058528762399
151.52047242466702	1.150142045331111	110.23493017253902
151.20763952676717	1.1555039327609493	110.74883824921582
151.66353766742364	1.167721263604985	111.91980371209424
152.17190881865056	1.160264756936684	111.20513764519588
152.54030333770424	1.1434199235931246	109.59065095206681
150.9117759804976	1.151664095453687	110.3808104919851
152.18641191784224	1.1454088510030087	109.78127894887541
151.376594082552	1.1326340431891704	108.55688231626587
151.38285386793854	1.1192856843464316	107.27751390179868
152.9848168872982	1.1421508933253817	109.46902122509582
150.98857816540666	1.151048584683306	110.32181709454449
153.07285567752442	1.1401469672337987	109.27695568530157
150.8703852672046	1.1421757680408084	109.47140533280604
150.7950425813243	1.1444200848381418	109.68651102904889
151.81056487506075	1.127635578553901	108.07780636014758
150.81328736566684	1.1543803415347949	110.64114807228472
153.11194544318494	1.143650389548683	109.61273987457969
152.97668302189396	1.1335792594644414	108.64747621336356
151.7392066062505	1.1200691824634077	107.35260798306089
151.8992244144203	1.1432966068472499	109.57883170510875
152.95083806995245	1.1361431269814406	108.89320912770691
151.62693680327092	1.121236663067713	107.46450472087326
152.69708687789523	1.1512646106618838	110.34252202291452
152.44911198737657	1.1411415953545314	109.37228544207527
151.32283148837269	1.1646281617684355	111.623346534172
151.27370816744988	1.1698452201214768	112.1233735226541
151.64207524696246	1.1210234070486937	107.44406527823145
152.05926726133447	1.135870356633079	108.8670655566351
152.19755373555103	1.133382759370352	108.62864273602153
151.68001860868398	1.1761356977247837	112.72628197397746
151.45545344099656	1.1180138940791438	107.15561964371317
151.85591238734114	1.146748056811016	109.90963462401278
150.45873702431942	1.1562528164980101	110.82061472830149
152.4438702260671	1.1673440589000053	111.88365066953486
152.6830038274938	1.148102382869889	110.03943949388669
151.19317802131428	1.1158343962522206	106.94672649722106
151.07194821444992	1.1401341997266312	109.27573198839666
151.5667868671441	1.1264353951417791	107.96277523406489
152.53885179447232	1.1292498215480646	108.2325228705695
153.00789270539624	1.1471321442515847	109.94644733976655
152.02200203539775	1.1601269483685521	111.19192943500404
151.84473568424724	1.1690015634743727	112.04251356978075
152.9004609852489	1.131543764663231	108.4523849825118
151.47448433527492	1.1173076694489035	107.0879318106175
151.4093185208304	1.1788709665425836	112.98844278129452
150.88610404416642	1.1675397018897906	111.9024019980384
151.06291245144922	1.1520296218321233	110.41584422974532
152.80379109359637	1.132229834055391	108.51814104442194
152.73930176590275	1.1485492455852104	110.08226888215236
151.75578578038167	1.1291815211861573	108.2259766481649
150.98083327783178	1.127655361460607	108.07970244537307
151.49800662979845	1.1317505423784273	108.47220351456914
151.81160592964804	1.1861434158837938	113.68546794315688
151.58796746173311	1.120587913863019	107.40232559824294
150.34835052213572	1.1736858562437853	112.49147784201138
151.3551719994055	1.1242715291521763	107.75538031511996
153.01683309358933	1.1340254251033444	108.69023879060303
152.87995679432473	1.1426441319835763	109.51629549809991
150.99638128833	1.1437416246394059	109.62148426741008
151.069505480511	1.165930498392144	111.74816849625782
152.75121868141463	1.1299725538478358	108.30179287501993
151.02284730556755	1.1744596042000166	112.56563742279756
153.22574087558894	1.136877783040819	108.96362196039586
152.86156318052156	1.1327911973061218	108.57194469328164
152.6256838096073	1.129128049798113	108.2208517031625
152.71569095090214	1.1299088258747547	108.29568489149636
151.983386436196	1.12549068002075	107.87222936990635
151.58605831895724	1.124032546164286	107.73247508085828
152.21497014088598	1.1423547446108697	109.48855927460248
152.33056269338914	1.162798283078649	111.44796250190251
152.06181835068057	1.1232976109528734	107.66203549294802
150.87615259792287	1.152339711170114	110.44556462529074
151.84039350483764	1.1256228812553908	107.88490014733641
151.22206511373614	1.140136540543283	109.27595634308503
152.42609937375295	1.126877426900616	108.00514160112994
151.9873999462723	1.1222255715374183	107.55928627985331
151.14466703856615	1.1204013489029867	107.38444435007425
152.00230982011308	1.1299990186633218	108.30432938527008
152.8048970022992	1.154065643185672	110.61098592780716
150.82432609814435	1.1351241443463884	108.79554512170175
151.2469743900232	1.1568374069955683	110.87664458386537
153.0835360022838	1.1343858975785914	108.72478813891988
152.12097623660281	1.18545597596066	113.61958052322288
152.8912263299497	1.1372224177313353	108.99665334221369
151.03342297146668	1.124248671534868	107.75318953541748
152.27651338343796	1.164136783768496	111.57625059525597
151.66260233183465	1.1288741820577641	108.19651984542018
152.69890357342078	1.146083072126817	109.84589941797795
151.12512792002698	1.1189934800291608	107.24950768931282
152.60053071338533	1.1362984680498538	108.90809773376994
150.8616029641346	1.155855390296482	110.78252356403875
151.23697992324583	1.1829312630177373	113.3776003642516
152.91766378830482	1.1317187203909533	108.46915354819205
151.39686093483994	1.1452784873283586	109.768784291689
152.79755992504906	1.1530838868990678	110.5168898671166
153.14933364694988	1.1361935219876058	108.89803921804942
151.20999369431095	1.116365253869932	106.99760634519944
151.55881201804567	1.1207363306931197	107.41655055329869
152.16316056437327	1.1464226315936874	109.87844436690129
150.21536581079818	1.1571743072071845	110.90893465747268
151.0010443579115	1.1584775464687598	111.03384313254415
152.05683299289845	1.131700032168733	108.46736238258788
151.17210729844456	1.1312606780968906	108.42525265742205
151.71573110402096	1.1259602881630317	107.91723878503296
151.20755443966976	1.1146052239158002	106.82891693863189
152.3525452598077	1.1599889327205892	111.17870137732399
151.37954557918695	1.1294517675491298	108.25187830880985
151.031660115614	1.1435427370427826	109.60242196078896
152.65414409595832	1.15342791701776	110.54986330397618
150.4708883153444	1.1513991604797646	110.35541789941868
152.12236390592824	1.1719649649902548	112.32653966942867
151.7471127054422	1.1234126064229344	107.67305719036686
152.05394710687364	1.181013139013346	113.19375849311518
152.9378941267729	1.133537720639647	108.64349494038144
152.12167736684745	1.1318526506871547	108.48199004687469
151.43930559952756	1.1453400983877993	109.77468938042381
152.2430127653644	1.1258984444219273	107.91131139501194
151.1795732534916	1.133932764913802	108.68135780971424
151.71547164678893	1.1300005014007093	108.3044714976753
151.42659327149676	1.1184455702617913	107.19699348448741
151.70254479237772	1.1488747480832164	110.1134665462012
152.03442356001128	1.1247455287848414	107.80081063098464
151.42697885021485	1.1225791206251632	107.59317205870849
152.01395186740965	1.123729017871304	107.70338352619503
151.3094123602108	1.1320535922004589	108.50124921036476
150.92432455034623	1.1644100646035795	111.60244309373493
152.59263578865367	1.1479896876615987	110.02863826418893
150.37210552544863	1.1458159959830463	109.82030160579569
152.44921535529147	1.1308945310238618	108.39015942942291
150.98564896780454	1.1249589108562867	107.82126215507364
151.53921349776283	1.1592328686429654	111.10623670120754
152.30665615736987	1.1728357410233203	112.40999886961231
151.2521006261695	1.1425702688809767	109.50921611691352
152.3994776097677	1.1271393636670877	108.03024683163501
152.23766022577658	1.151380843777679	110.35366234202155
150.94348716595056	1.1495316274485858	110.17642490101244
151.19856486501726	1.1277853055662117	108.09215688912269
152.88815375336574	1.1336412020404065	108.65341307617449
151.82653159264308	1.1230813311156984	107.64130623359654
152.44980603594863	1.1269287773628618	108.01006326679982
153.1457952703491	1.1393781436787183	109.2032680818848
150.3819026005719	1.1740327518705245	112.52472592240807
151.53156096017855	1.124778402934022	107.80396144140333
152.73971929862756	1.150225882104822	110.24296547646814
150.66957088087236	1.1353401056949666	108.81624385563389
151.80913348262803	1.1438727672689861	109.63405358323773
150.46637088467514	1.1427070116448577	109.52232217549927
152.49224746167164	1.1357939496300047	108.859742356268
151.72844718438978	1.1238157274583986	107.71169417383848
151.49411363577332	1.1173733143967268	107.09422352586162
152.14773293579006	1.143032906465979	109.55355744160897
152.13525035468842	1.126956044434757	108.01267666901268
151.3616697641122	1.137600947794272	109.03293341320617
151.5303573617917	1.1853735986361391	113.61168509965046
151.89555594971878	1.1478245405428518	110.01280980093331
152.431293746798	1.1614440880094266	111.31817018668222
151.65381156083077	1.1357624498804666	108.85672327466423
151.66208431199908	1.1503273794080735	110.25269344718451
152.10648984084176	1.1234174993842838	107.67352615440036
151.6990582076205	1.1378990027223528	109.06150037527658
152.67464053662587	1.1305521301508674	108.3573421470022
150.81051427250705	1.1321285693268233	108.50843536473838
151.24268660183253	1.1202008161636252	107.36522436536838
151.75939426849095	1.1201043995040183	107.35598334702428
152.35453242944877	1.1294033248247681	108.24723533417983
152.38562300925733	1.1337320444570202	108.66211983330311
151.54296880315727	1.1183741044155024	107.19014386742721
151.4481215701551	1.185610149727378	113.63435724969558
151.80741300829786	1.136364007532011	108.91437934069705
151.5295120050853	1.1234320573484717	107.67492145698255
151.0501256044692	1.1753871059114394	112.65453347421021
151.0017065411295	1.1496005179485251	110.18302768497394
152.87492286856113	1.1318619345840335	108.48287985846652
152.7194757583917	1.138079006293047	109.07875274956099
152.302438465161	1.137100043703129	108.98492444967471
151.6494962216631	1.1413502210625086	109.39228109430312
152.94660287830456	1.138090531965436	109.07985742328033
151.56581141586295	1.1285097627617637	108.16159221555813
152.5422141504577	1.1351968254430937	108.80251121397939
152.68239361425563	1.1294517782487827	108.25187933431405
151.72161272040003	1.1298613054111732	108.29113031060271
150.31655694888923	1.152358208456114	110.44733749068493
152.88953262597514	1.151895445542985	110.40298415396249
152.55217013589265	1.12821930624497	108.1337535203492
152.6063345246024	1.1468512915184688	109.91952911557897
152.35660805823014	1.1694127197671047	112.08192068945202
151.38905785320077	1.1371058746772422	108.98548331718749
152.22248763953314	1.14655551072327	109.89118011691619
151.33515995043703	1.1238351458719065	107.71355532435098
151.5538216083475	1.1309436395452113	108.39486621711386
151.5055650091487	1.1337888459224807	108.66756394831843
150.36215946412295	1.1575388341872537	110.9438726082737
153.0945674029245	1.1351090193777356	108.79409547479068
153.07499746228763	1.1417601723357627	109.43157271933738
151.40459461302822	1.1209460978572843	107.43665560796394
151.26353471879685	1.1476423885951914	109.99535151626957
153.10829081340813	1.1352348835246011	108.80615887643509
151.2725713057345	1.1368028700882793	108.95644195673825
151.4267646392277	1.1200700452187473	107.35269067352073
150.80095034485134	1.1534296577434537	110.5500301431732
152.63892224684506	1.1426347187935424	109.51539329445447
151.99282484141466	1.1227816571370741	107.61258409423793
150.94988664574169	1.1684697888359863	111.99154583030196
152.38509253487175	1.1665141705633888	111.80411033518287
151.7762298491153	1.1746517084588068	112.58404958296471
151.5861013810319	1.1799025774288077	113.08731713726627
151.52713366722458	1.1280944554967791	108.12178724751826
152.36287997920053	1.1510608764736423	110.32299519654929
150.02643478399338	1.1714362848891557	112.27586852470803
151.99548673830031	1.1276815409495295	108.08221160860646
152.058407228055	1.145480768718283	109.78817187514797
151.40984661535347	1.179827137935363	113.0800866674944
152.46601000548154	1.1525019959829348	110.46111875191535
150.85749322688272	1.1679982516926029	111.94635153079292
151.74771873110893	1.1236856206303214	107.6992241340149
151.61325675663272	1.122364365976094	107.57258898043526
150.31644660846425	1.1590956557740486	111.0930855855821
152.7774110451862	1.1523972413136945	110.4510785801854
151.44186297455443	1.1228240099000486	107.61664337881767
153.04095872094544	1.1341112455676463	108.69846422060806
150.65190923831372	1.1633997863988466	111.50561336056793
152.7613943752577	1.1376222910839058	109.03497905274432
151.19757248248993	1.1605516397680171	111.23263382187082
151.40432347384098	1.1320178594984065	108.49782442302516
152.71452878446232	1.1400690162977312	109.26948450725955
152.5033406472301	1.130929557690323	108.39351654704781
151.54086176291824	1.1306453578940914	108.36627752485937
149.91980652337503	1.173643350823631	112.4874039260619
150.70238285077937	1.1635646172499998	111.52141151127542
152.3997577156351	1.1306008552453954	108.3620121852942
150.19575043449714	1.16210321406948	111.38134387509736
152.29008270864682	1.1452410250866134	109.7651937372704
152.63749559914277	1.1293877809871118	108.24574554092725
151.6198661083224	1.118672532193458	107.21874656515313
151.23189872778048	1.1259338360162305	107.9147034890081
152.11484203863887	1.180284918755291	113.12396249737466
153.18876888410665	1.1387008908866194	109.13835704367936
152.6590512409824	1.1458875077461665	109.82715562373728
151.96137968922176	1.1267426072820839	107.9922198656842
151.18278968412693	1.1481111145365555	110.04027637718225
150.80412866854465	1.130326025137792	108.3356711973754
152.12752074976336	1.1243123765453986	107.75929531810407
151.04271836801047	1.1571016910615077	110.90197479040187
150.59138666589723	1.1428184495952716	109.53300290379045
151.35973169308727	1.1701739337947288	112.15487896058221
152.93489170970926	1.1377122158811956	109.04359786099525
151.42697885021485	1.132200928369031	108.51537058982427
150.2558157457509	1.165737237080301	111.72964543877762
150.87394938267101	1.1666937525264829	111.82132230064599
151.43739127725402	1.1247940503341523	107.80546116056216
152.42592230874908	1.168233651781182	111.9689133634226
150.97434310740888	1.1197590974250262	107.3228879996099
151.00697632103802	1.1460026378187294	109.83819022208209
152.78407104795443	1.1390995486665216	109.17656624810647
152.37380744309363	1.1284606744990868	108.15688736955198
151.79121057854854	1.1204840992742946	107.39237552817518
150.58429345260106	1.1662971491208252	111.78330999694286
152.87649587761317	1.1392202872042931	109.18813838768212
151.07098804221738	1.1568959372490466	110.88225439391566
152.70045232002056	1.1496799146377377	110.19063743068038
151.62286951919327	1.1273383714021339	108.04932065287794
151.50948807396333	1.1176872002545912	107.1243077974212
151.69853957578633	1.127678990256238	108.08196713837079
152.56193675615071	1.1292949202593365	108.23684533952722
152.62782295474966	1.1425147363849961	109.503893625799
152.92788226447607	1.13354207354467	108.6439121429202
152.2939460919999	1.15168685962524	110.38299231541446
152.53990341567004	1.1312081132560827	108.4202146000973
152.2672650757501	1.128738409684988	108.1835067936036
150.89355913501853	1.1459717532017772	109.83523009762884
151.864254137475	1.1585635327520558	111.04208445540806
151.72942778035087	1.1210386233377276	107.44552367770999
151.2815536353363	1.1153961856706214	106.90472636944595
151.03906476877532	1.1277773578583807	108.09139514406579
151.13529920394012	1.1156571688856358	106.92974020717156
152.15422474246617	1.1571430000345302	110.90593403332765
151.72952872582434	1.1436001290127893	109.6079226724896
151.92937178590506	1.1741252619314977	112.5335925142808
150.6327391260396	1.1787623778986815	112.97803514371039
152.04629646243404	1.1336956502920819	108.65863164830286
151.74989763621528	1.1223628698661872	107.572445586346
152.28163787512946	1.1252375261621241	107.84796593388832
152.22903950160057	1.1342004856954435	108.7070174069699
150.52291180241951	1.1702291004773262	112.16016639045112
152.9476691276794	1.1367101674770743	108.94755690996124
153.0915940964269	1.142044012961124	109.45877731692934
151.05649015591698	1.1515609836414096	110.3709277792606
151.64408851366125	1.1667645753871885	111.8281102909957
152.14666572244158	1.1826785499484076	113.35337917551728
153.11256466154052	1.1357171867597773	108.85238504794793
152.2837965897562	1.1808287281825873	113.17608370665357
151.15129129400805	1.1629388098371707	111.46143123602617
152.80010005038278	1.130512470634482	108.35354099562514
151.5427394585106	1.1424489958784732	109.4975927517674
151.86268988634401	1.1454479193401854	109.78502343890437
151.60394858449348	1.1399371639984526	109.25684717340755
151.17447297901333	1.1217790334516444	107.51648800558407
151.77784747411417	1.155226304021748	110.72222902750796
151.2136812984761	1.1344208936299665	108.7281423222534
150.66509531009555	1.1406064493764767	109.32099457781858
151.60455180716824	1.1198223165869712	107.32894721632219
150.77903270069976	1.1328049852673066	108.57326619521662
151.20159891407826	1.1670877941711646	111.8590890733354
151.33971673018155	1.1688923856515867	112.0320494625689
151.60440818165628	1.170017178517922	112.13985481024955
151.2993980052635	1.1198475220338604	107.33136302286458
153.1461279198539	1.1431799329693255	109.56764914132184
152.1420025875895	1.1829602259891967	113.38037630931802
153.25216540690414	1.1427499268263517	109.52643536486968
151.53522935717652	1.182804687869339	113.36546881693369
150.911087568128	1.1593966716157706	111.12193633530276
151.87756798848602	1.144517774208973	109.69587402991984
152.49134539728402	1.1296982907309874	108.275506230116
152.25308984941034	1.164128514160734	111.57545799782169
150.51024150395122	1.1669430700846477	111.84521804789448
151.72742336014215	1.1204341142278789	107.38758473027009
152.89372959367688	1.1393464094607484	109.2002265277427
151.32878157225127	1.1300778077925508	108.31188089961928
151.09120016416293	1.1413924584846125	109.39632932408063
151.43164901525347	1.1824364185011549	113.3301721783565
151.47993408789898	1.1248977598513525	107.81540116008935
151.91192969197982	1.1236250175244917	107.69341565221345
152.42018301896456	1.1514608604333316	110.36133150817744
151.51702060035038	1.1419271858746205	109.44758006892398
152.16809028950206	1.1650209000489684	111.66098838641658
152.37662095227654	1.1273808411268769	108.05339114761422
152.80126559298986	1.1309317348093562	108.3937252121997
153.1678945127565	1.1391400856714051	109.1804515020374
152.87703521441054	1.1523118482938874	110.44289411843666
151.9110302864226	1.1658474893793784	111.74021252876403
150.60520204113024	1.1478647918124933	110.01666766867783
153.0898585504246	1.1366205774266005	108.93897018539253
151.75926435557713	1.141436586589714	109.40055876565637
151.94842145026868	1.166210624809011	111.7750171069387
152.82792129539544	1.142282020942234	109.48158910203422
152.24651809376692	1.1646941918047085	111.62967515807318
151.20582438521976	1.1317622941293692	108.47332985670207
151.7235590905979	1.177104087632759	112.81909693915397
150.24567105353543	1.1585357524740791	111.03942186515204
152.83897636814896	1.1311572184532541	108.41533660693224
152.2599124955174	1.134633522440485	108.74852165033322
152.23340820017768	1.1334660545320119	108.63662612934809
151.07464532456163	1.1232521933436723	107.65768245933864
151.3729300516377	1.129773210149126	108.28268685346649
151.89936942206188	1.1251467599267504	107.83926647832187
151.60305813439606	1.1184569036052743	107.19807972451537
151.0079345568119	1.1506477225708485	110.28339661669571
150.58336171483134	1.1378197235369436	109.0539018916778
152.41895858289342	1.150391358850244	110.258825532668
152.87074356833347	1.1411732843650648	109.3753226633277
151.0668370443262	1.1234256043660305	107.67430297331637
152.2787010969755	1.1334820951177988	108.63816353323774
151.25187340686125	1.115082821900561	106.87469213719486
150.207061865345	1.1726806980717754	112.395138836448
153.3060146020153	1.1370670399753946	108.98176121984845
152.37146550850338	1.1426563914431644	109.51747050137638
151.281525206189	1.137731634341914	109.04545901603261
152.42593706412606	1.154823107234525	110.68358478363761
152.54092544932337	1.1594210808462893	111.12427582878769
151.49866505194578	1.117834332137154	107.13840959716524
152.004346857162	1.1682199683929368	111.96760188424155
151.25897478682163	1.1355411389646808	108.83551181348247
152.30373163195387	1.1610529130487448	111.28067817023864
151.42111000092297	1.1316256579818038	108.46023401671684
151.68698787064872	1.1401519471074508	109.27743297941193
152.24687011578945	1.1327897729662437	108.57180817796369
152.0231085540187	1.1231159685723553	107.64462604755467
151.5292541042283	1.1293269118790876	108.23991156424589
151.98043480765398	1.1612904951958	111.30344914143929
151.16883530224004	1.1520799121504655	110.42066428632295
151.78605245420906	1.1204797814639964	107.39196168927705
153.16842413316922	1.1448526634172578	109.727971359672
151.0264285362818	1.1602742531491284	111.20604780609291
149.9313236373901	1.1710625550969922	112.24004853385577
151.50367524212314	1.1353874860423843	108.82078500714674
153.22960748075437	1.1390172162551728	109.16867512922005
150.94826907329605	1.1263807345778558	107.95753631294924
152.60056039751322	1.1306400487538961	108.36576867232147
151.2333179735065	1.1829142423536039	113.3759690251228
153.04092858910963	1.1481091385354023	110.04008698809763
151.90241474131852	1.1706096067312137	112.19663586871928
150.7275166903779	1.1514166328329538	110.35709253051454
151.5846229506984	1.1196700758989955	107.31435576505183
151.16656918349267	1.1572471836210816	110.91591946985285
151.88594462794862	1.1222384635872584	107.56052191350366
152.93127420616858	1.146737125289636	109.9085868964726
152.42953759363343	1.1325165937821884	108.54562542218916
153.17606687669675	1.136395037953742	108.91735343975434
151.56024619226204	1.1702528275933481	112.1624405069296
153.08942090735098	1.1429406103301178	109.54471135330785
152.8048671123286	1.130576133200437	108.35964271022738
151.68189036335986	1.1200232408970707	107.34820473097761
150.90826382805284	1.1539282386216112	110.59781643923303
150.2394646570056	1.1562246272079255	110.81791293643438
152.03548683348092	1.1263893352120546	107.95836063748742
150.63159708096686	1.1431890155228825	109.56851965523896
151.70431705056413	1.1219479824234864	107.53268085601444
153.1479575603176	1.1347542711907097	108.76009476871756
152.42099441986184	1.1413248249450827	109.38984701301509
152.03727846052283	1.1573314112674726	110.92399223682648
151.33644147773305	1.157158361732148	110.90740636943701
152.05875706916422	1.1316970283787706	108.46707448547282
150.87434230163882	1.140488531063062	109.30969274158183
150.2964811276168	1.1561399802137193	110.80979997722773
151.73470623001674	1.1286944530147642	108.17929378313903
150.28653051910447	1.1507264320747375	110.29094049938423
151.1234872407617	1.1198537195729166	107.33195702365593
151.54619414166044	1.1809026091957575	113.18316480447183
152.3719810129979	1.154104452529068	110.61470559467499
150.4565344835684	1.1637847597043742	111.5425109817143
152.4070561338921	1.1728813276799726	112.41436810551082
151.85473951080576	1.1213362406886427	107.47404870036213
151.30003803173318	1.1279484848293242	108.10779674399788
152.07357070540024	1.180432875522172	113.1381433578448
153.00285177497582	1.1338514603891092	108.67356520823637
151.37080596569731	1.1191070022732257	107.26038818594219
150.88982435197568	1.1783292310962783	112.93652035194079
153.1975833242557	1.1405843909780509	109.31888039894818
150.77689212543143	1.1353585885561495	108.81801533848696
151.0924011506697	1.1286018591045617	108.17041915476854
152.7038628268659	1.129749783559736	108.28044154084961
151.96209168017796	1.1280511406348934	108.11763575093154
152.22077295747846	1.1843665274046649	113.51516273762483
151.66961084265265	1.1839183625353118	113.47220854489754
153.27159724641004	1.1373879896918535	109.0125225242685
151.86086502761455	1.1633359555923897	111.49949552101829
150.8657693467527	1.1517887983957082	110.39276259838954
152.38615349303203	1.1419191741223338	109.44681218555039
151.83263700761916	1.1819799276361789	113.28641998372167
152.38650715409824	1.1476415873575367	109.99527472194902
151.62038342147687	1.1326718301895558	108.56050399705373
152.09209791798725	1.1365920929477664	108.93624010127115
151.40198321237523	1.1287197843023198	108.18172165083259
150.64501170004388	1.1457911827562743	109.81792339144238
152.31127131368618	1.1265333777315798	107.9721663383973
152.1168428191859	1.1235021131273906	107.68163592666797
151.93687698070215	1.1283070732180127	108.14216551274971
150.34434702240412	1.1733398611611263	112.45831607392215
150.6642030588369	1.1594015409788785	111.12240303757173
152.40682019760416	1.146948798259312	109.92887461234767
152.76320010698495	1.131860748013804	108.48276613209077
150.05989173483917	1.1636628016133537	111.53082195451788
153.13790352346192	1.1411825943697247	109.37621497720993
150.0858353179648	1.1637052163602215	111.53488717992046
150.93524709346858	1.1221191513679247	107.54908647888028
151.15786030469397	1.1145189507989115	106.82064812431057
151.30513026314762	1.1521657823730678	110.42889448539349
151.0647758665747	1.1529376807079788	110.50287678992242
152.78698340556736	1.1550965295569335	110.70979084291582
152.65066497641686	1.1490080074587772	110.1262387407483
151.51365508261577	1.1562848784849915	110.82368769734077
152.44028273330767	1.1307211638655057	108.37354311957388
151.6201966129516	1.1505298121156722	110.27209553362884
152.05281031790975	1.1325949967906503	108.55313992893916
151.2653389867714	1.1371986881550578	108.99437898993294
150.8165509598425	1.1678756792337222	111.93460361974087
151.25606302694692	1.1661897198596254	111.77301347995618
151.56592617324534	1.1451208522830156	109.75367582027309
150.9510682288807	1.1372146669491638	108.99591047142229
151.69273437547247	1.1421682191655198	109.47068181370359
151.33956007987385	1.1293743358747825	108.24445689921139
152.7046820028186	1.1304544542903765	108.3479804410247
152.05053686751313	1.1674995601864213	111.89855463163188
151.4916807618198	1.1264534598540883	107.96450663959699
150.86931891628234	1.1638084419543977	111.54478079802809
150.0907662222366	1.1680212361533213	111.94855446775418
150.59187351217057	1.1725230736430534	112.38003138257808
152.26204030329632	1.1354024403646035	108.8222182985148
152.36743015092156	1.144384610794413	109.68311103271861
151.9479276351783	1.1301469617409472	108.31850893369868
152.7408824566427	1.1367280158434454	108.94926757989856
151.5427681264988	1.1206825140347	107.41139251598749
151.27312552067937	1.115214050502859	106.88726969304517
150.495676089351	1.1427112320177593	109.52272667554689
152.65252342962455	1.143835510759521	109.63048274715185
151.6557536600196	1.1191392496362915	107.26347892228232
150.74453508524343	1.1637548735143495	111.53964655111298
152.70319260887598	1.1350984767148609	108.79308501724717
151.96983747164197	1.1229321408872328	107.62700715246642
152.29579716625454	1.1254480043728288	107.86813913854077
151.95803791283134	1.166116513635332	111.76599705702307
151.98617838726474	1.12867164585476	108.17710783949781
151.05400627643738	1.1683843045623759	111.98335262236685
152.02120129043237	1.1242280667162219	107.75121467435237
151.1172647488182	1.1155576546642776	106.92020230419068
152.16839750964735	1.1368458603376013	108.9605623409563
152.3755014091456	1.1344478478411075	108.73072573844539
153.20259754536062	1.134714054890878	108.75624025264129
151.55440951721803	1.1484517894866626	110.07292823917534
151.24379398780584	1.142666835233291	109.51847148249865
151.44473491382792	1.1751219497976084	112.62911968657272
153.13649774780686	1.1346557821382897	108.75065512266659
151.60246930242425	1.120104507097733	107.35599365930325
151.2714202751764	1.1452614556731682	109.76715189912649
153.09348067696962	1.1343750908403527	108.72375237117276
152.84433336532615	1.1332219689095704	108.61323183500403
152.30180659706258	1.149748302433189	110.19719203312
150.78910791619612	1.1545611215162273	110.65847486136323
152.2975014305485	1.1299909661739835	108.30355759746917
151.7133816542757	1.1807485718912807	113.16840115717115
151.05691356388837	1.153684282803572	110.57443458594291
151.4351342422215	1.1594717149497633	111.1291288353215
151.05990580816788	1.136108572196846	108.88989723742137
150.9516731038935	1.1252938428151245	107.85336358223641
151.8506999462194	1.1213514433023763	107.47550578913666
152.52820437000707	1.138314544398078	109.1013278103254
151.44300600327426	1.1515201736988303	110.36701636571927
151.08289341144317	1.1216150533159126	107.50077139137503
152.53347577619002	1.1547778455457611	110.67924669416368
151.6481298231624	1.1225997543663584	107.59514969184438
153.33475000075714	1.1373547964002984	109.00934112576941
150.59784145289936	1.160459121299729	111.22376642420215
152.23707370384918	1.1297878371452719	108.2840887723906
152.13450507057485	1.187038816293477	113.7712872574221
152.18540189040306	1.1350787448854256	108.79119382750342
151.71761944187432	1.1718103719432644	112.31172275719655
152.64523895993716	1.163617992310777	111.52652722382727
150.4099697765044	1.167629646736762	111.91102272794348
152.86394411473654	1.1313709624948147	108.43582282391029
151.46307298217636	1.1173996225050542	107.09674501657332
152.18390886818028	1.1495925322230816	110.18226229613329
152.64562543784322	1.1395059853337268	109.21552101705072
152.45459097954958	1.1269448553934795	108.01160425957515
151.4206102715595	1.159954798132587	111.17542976062222
152.05027455725406	1.1240832929752749	107.73733888980132
152.78089018622742	1.1303407373773078	108.33708128641814
151.69506784829605	1.137761378163661	109.04830980140008
152.94878047119892	1.1322365156796628	108.51878144217807
151.03015118883047	1.1262585852511742	107.94582895684307
153.30698769852717	1.135942188485182	108.87395025338442
152.56390825353355	1.1353587535671543	108.81803115390443
153.05037644630085	1.140937213422251	109.35269653292711
152.49377068148	1.1328844493258823	108.58088239791428
150.69357669400208	1.1496285966936457	110.18571888170068
150.80244845812123	1.1376475365574072	109.03739869562226
152.53877773804132	1.171178033921984	112.2511165582455
151.48994924386463	1.1647523020173822	111.63524470947111
151.92532235949673	1.162686946685578	111.43729150733652
151.73359566138848	1.1563149319574024	110.82656816105923
152.92632150294284	1.1321843997073495	108.51378640648474
151.67400096630953	1.1361672627080475	108.89552240731265
152.0764584561508	1.12474089481008	107.8003664894229
151.78756945974888	1.180525807327741	113.14705037166911
152.4427629292903	1.1657524670727213	111.73110515165205
150.53072739320382	1.1539613816851078	110.60099302364281
151.06645585750948	1.132044951827295	108.50042107706051
150.97365334072578	1.1335449037009784	108.64418339818324
151.86736839369493	1.1729736406379654	112.42321580612283
152.2609396943052	1.1531976835459528	110.52779666378066
151.55581480793225	1.1511943324003924	110.33578622947093
151.80154387990197	1.1477315546897375	110.0038976069424
152.79545328142424	1.1304314665126967	108.34577718615053
151.31369504212824	1.126562004993694	107.97491010752826
151.0685877389971	1.1284540018347897	108.15624783056126
151.77635983369433	1.1687005483388142	112.01366288774207
151.67302213058818	1.1194097657828717	107.28940644023531
151.98463696599597	1.1223254849007929	107.56886243845008
152.8777393634797	1.1527387609736524	110.48381140307526
151.62571512467838	1.1752932937869571	112.64554208655194
151.57116243040008	1.1191788142125774	107.26727097416138
153.1348653195915	1.1374942847588552	109.02271033484041
152.72676362329094	1.1297803244259785	108.28336871864587
152.86457307298772	1.1391415238040195	109.18058933931493
150.55350470611327	1.1710862632908752	112.24232083674899
151.16784385525412	1.1191765762559727	107.26705647805538
151.13170563632164	1.1155869146386408	106.9230067153883
151.08136791832976	1.1407142648108686	109.33132810742909
151.70796274733644	1.13331058019882	108.62172475057265
150.1570077496223	1.1566784352600479	110.86140799788397
151.27936466631826	1.1210217217155276	107.44390374811034
151.2992557789325	1.147749948163527	110.0056605224945
150.94330434257455	1.124569960556095	107.78398336037495
152.48188275870456	1.128809112012775	108.19028323152122
151.21300047750404	1.11466088612858	106.83425186240407
150.51513972836793	1.159978433387808	111.17769507273692
151.515488170502	1.1452153142604404	109.76272949284132
151.51767942518634	1.117709976713947	107.12649079857034
150.34498202750547	1.1754872943793173	112.66413600009425
152.3508820263668	1.1261152170420654	107.9320878849605
152.13834859501347	1.1795443251488908	113.05298058273276
151.81472930520255	1.128841067780834	108.193346020048
152.62186641297905	1.1357530870346058	108.85582589623704
152.82850461214568	1.1367080518640236	108.94735413982698
150.82956662668474	1.155525633994396	110.75091819574362
152.2304028194921	1.171835223358717	112.31410463172953
152.1302529178498	1.126340885739019	107.9537170160333
153.06701935990938	1.1491551837908316	110.1403448007371
151.8764232624713	1.1253018386009888	107.85412993531428
150.82397582604582	1.1664621333025387	111.79912284356001
152.4593323737799	1.146179412339884	109.85513310933231
151.12542494865684	1.1369400531469631	108.96959021521315
150.59888491246517	1.1420460922110836	109.45897660185685
152.49199606393717	1.1625979429483144	111.42876097773613
150.46293473264637	1.1444141430922452	109.68594154465634
152.69218831247446	1.1341696953583662	108.70406631873566
151.0935597926223	1.1622493848416806	111.39535355758154
153.0177664233405	1.1364621542022835	108.92378617126037
151.17319803929144	1.175378334269765	112.65369275952509
152.23984512033934	1.1247755784442894	107.80369072925113
151.49387033981841	1.1304351473908527	108.34612997852791
150.63055256296454	1.1711340182630754	112.2468978940327
152.4504557981539	1.1315487261731214	108.45286051655435
150.27829117145552	1.1641494126360044	111.5774610042951
150.67074216098882	1.1456416174783919	109.8035883638425
152.0415176081544	1.1297622162970509	108.28163315186437
151.08059107508984	1.141376706191891	109.39481955153099
151.88742309639704	1.180751265579327	113.16865933268511
150.75795496037748	1.17796392024682	112.90150727147409
151.96502700200003	1.122170089707892	107.55396864484594
152.30286461625735	1.1295890526508459	108.26503634756065
151.73966822048075	1.1558079635972867	110.77797796995728
151.68798155061202	1.1192609228116688	107.27514064184646
152.27520670419534	1.1430525729788352	109.55544237110986
152.63584612329865	1.1353901300566298	108.82103842169403
152.3038491953285	1.12538471940339	107.86207361453408
150.95911541423627	1.127897260329894	108.1028871511865
152.3898818800156	1.128312439842137	108.14267987481308
150.930748295154	1.1322918146043628	108.52408154674139
151.16321279425222	1.1438931184084722	109.6360041305195
151.32972116247538	1.1486786303252308	110.09466971371872
152.61304520384152	1.129782195703333	108.28354807051754
152.91082345245215	1.1553506581044217	110.73414769761992
151.26462863268128	1.1335447810594181	108.6441716436492
152.03111745391698	1.141174135962182	109.37540428433194
151.3017306091061	1.1178892961572904	107.14367760292706
151.234581156062	1.117559414886481	107.11206025705181
151.70521042256033	1.1679239876847083	111.93923372498986
151.1375064796586	1.1205823733978104	107.40179457444646
151.413843295908	1.1395212470040506	109.21698376608182
151.25798049701652	1.1702179366137488	112.15909639416077
152.7384070728048	1.1497579555627915	110.19811723368284
151.19364578964348	1.1193505732455824	107.28373315384314
152.22918609196634	1.1549835613792052	110.69896345056534
151.76843177953555	1.1578000997767	110.96891351007012
151.0279372859932	1.1330194130960807	108.59381794952203
152.41381059854476	1.1293641378737205	108.2434794756492
152.84469252855223	1.1463837765319296	109.87472031817435
151.38062929039378	1.1268629647434694	108.00375548113746
152.1307935364547	1.1405722412448231	109.31771591235334
152.89882671919852	1.13153584017585	108.45162546301013
152.9179188317052	1.1470494405147444	109.93852063132857
152.4888168047794	1.1492568544605555	110.15008938769753
151.78962114824483	1.1282537222870896	108.13705211291462
152.90749386674202	1.1417548507758437	109.43106267643577
152.35213312257804	1.1290837819990587	108.21660887267258
151.4556106734895	1.153486916879215	110.55551812342573
152.6025641447449	1.1285189567342127	108.1624734083769
151.67749911809432	1.146282093259947	109.86497452335516
149.9033215171965	1.1711673780573941	112.25009525092632
151.227612994318	1.1151314612012821	106.87935395261182
152.83785421587996	1.1436981973393179	109.61732199422633
151.99631590122073	1.1485060874976225	110.07813241153907
152.57363424324063	1.1300479353714012	108.30901778869061
151.95094874665466	1.1226778986522927	107.6026394014314
151.34386112746427	1.1159744256002155	106.96014755722055
151.49784918308853	1.1733787216086027	112.46204063884126
153.29166524429843	1.140330398052995	109.29453654292493
152.5671548384956	1.1417484023330862	109.43044462787385
151.91024695474874	1.134639022522692	108.74904880363614
150.31684659427847	1.1589565324606579	111.07975136412723
151.31723830094367	1.1389721336537253	109.16435420430237
153.2221173503768	1.1361533291305925	108.89418694884121
151.77908963678328	1.1806246376057299	113.15652272235594
151.00724406047522	1.171561217710611	112.28784266382006
151.9950067069222	1.155375878920875	110.7365649772524
151.0029182312765	1.1278975067103365	108.10291076542701
152.3130058549337	1.1363470344100477	108.91275255822961
151.96248400882462	1.1673229935125813	111.8816316654291
152.82023456047435	1.1462020684357426	109.85730457428753
152.6727211822443	1.1304555270674945	108.34808326094262
151.35709553915942	1.1234612305836431	107.67771755469505
150.83295801453235	1.172736170979367	112.40045561633588
153.27152131532745	1.1358341930534908	108.86359947200071
151.7472858544155	1.1244458751798099	107.77209044432536
150.99216961750167	1.1804063859545502	113.13560447523552
151.75696931785458	1.169021996759728	112.04447199030236
151.56985686987258	1.1236930157025937	107.6999329119253
150.27250557916875	1.1674917168993233	111.89780289474072
152.47521635697169	1.164292785364484	111.59120250933508
152.0765167973797	1.1450263960828722	109.7446227014262
151.5369920613812	1.169661143000052	112.10573072043765
152.51451195671314	1.1327960892178819	108.57241355671765
150.2768860049649	1.1754749861365745	112.66295632121475
151.66857457662013	1.1528338020430489	110.49292057849492
152.21536575203905	1.1551607560293582	110.71594660492079
151.14168091641315	1.1790069835657466	113.0014792815351
151.698006546597	1.1284951299579145	108.16018973999687
152.763588129886	1.1330249821412457	108.59435171255365
152.44177377884867	1.127845119416049	108.09788972498148
152.40251468683465	1.1348546340024614	108.76971400452439
151.6001428075263	1.1226278672674461	107.59784416223692
151.09706423630016	1.1270624681325176	108.02287680815112
151.6725327243605	1.1366394716979147	108.9407810996943
150.8245502743002	1.1325699389511876	108.55073826977484
