145.90568314416817	1.127728400915651	108.0867028843704
146.6858785786903	1.1507559502113578	110.29376965404593
148.11619006697725	1.0873564050050266	104.21726417616938
147.42796529343192	1.0831721957997953	103.81623022437327
146.89232228832495	1.1346429440423589	108.74942466020828
145.44892135613378	1.1133395703276452	106.70761084824136
146.49836310153157	1.0814920640115138	103.65519862735123
146.57759260932266	1.0761696204754734	103.14507103578597
147.3413138444847	1.0829337309834774	103.79337465407038
147.0456307691555	1.0914812005737837	104.61260365040538
146.84363609011714	1.1267522650906545	107.99314551470097
146.25765204970818	1.0977014305388924	105.2087792433631
146.50864763048742	1.0976549438136496	105.20432374073029
147.9968675180488	1.0899712631131133	104.46788426446729
147.41621897863106	1.085748658342182	104.06317030417047
146.78551057470276	1.1149694694040635	106.863827909957
146.28160077731488	1.0734043576408372	102.88003546324755
146.8082983094902	1.1373381908111866	109.00774956934936
147.60893687308572	1.106887776739469	106.08924112724269
148.1595356303033	1.087858807016788	104.26541670733705
145.24037801091194	1.1307255093794117	108.37395961371385
147.25069956634925	1.0805494034884617	103.56484968536022
146.39673207575925	1.1267962876971453	107.99736484480218
146.20201404965894	1.0806242303689726	103.57202143947669
147.5786169264767	1.1396972047844438	109.23384837312206
146.43409535978185	1.07481178815613	103.01493010970086
146.86679661789037	1.0804643776340759	103.55670041444264
146.5438415807959	1.123850072558377	107.71498596698113
148.00130125946396	1.1178654157002619	107.14138878953771
147.33496053420893	1.1416708143473642	109.4230082366707
148.18033435748976	1.087938971882519	104.27310007863194
148.26283321883633	1.103084974072844	105.72476294116379
146.05958839796588	1.0738107508046981	102.91898606263018
146.55643117258342	1.0990804308665778	105.34094900921716
147.68698782255322	1.133665922619613	108.65578241075687
147.91454346089762	1.0971246672039148	105.15349957924212
148.01594681961456	1.0943518718787797	104.88774205799524
147.99467662759093	1.0863356212852053	104.11942754587439
146.72524654818534	1.0861404456522556	104.10072101101035
146.40071854290872	1.1211315558617716	107.45443076039626
146.0618149117651	1.083501329614788	103.84777593062793
148.28319887963215	1.1029889475987789	105.71555932000564
147.71789722423077	1.1206381810971737	107.40714344232534
147.5057433894743	1.1404215249022736	109.30327056139492
146.4995015643091	1.1062396742742002	106.02712399110843
146.00400391387464	1.10502149889059	105.91036843131015
145.82197960024308	1.1169458851505185	107.05325673110723
148.2388069205878	1.0959369282560123	105.03966118813491
147.29903817432776	1.0886757028134406	104.3437117766007
145.54857226123872	1.1257279956892405	107.89497480056954
145.50817022724308	1.1297682293579998	108.28220947142117
147.86113064814745	1.120084936168499	107.35411789097856
147.02715268935836	1.0794021302135905	103.45488971140949
146.31850650298787	1.0765215995538282	103.17880633768381
145.79921353470826	1.0942198297123866	104.87508652640133
146.72173609941717	1.0845335950694714	103.94671302346659
147.67993527778717	1.1297841315996837	108.2837336157725
148.49179028091416	1.090373861822333	104.50647118577719
145.76804573693076	1.0948584644981976	104.93629623637186
146.16899874420312	1.136375429161195	108.9154740424347
146.96704949114294	1.139702377430009	109.23434414338365
147.665374580851	1.093589615832907	104.81468391501937
146.9718737262157	1.0972860354867737	105.1689658613985
147.79568376937704	1.100064469767309	105.43526384619709
148.3428956617361	1.0894499304641652	104.4179173335245
147.48253487946644	1.1167099490209043	107.03064352182686
147.49929792587656	1.1137761383752292	106.74945354796382
146.6060000298062	1.0950823297226222	104.9577525143009
147.8232616445444	1.1142635663172507	106.79617089506976
146.4519626958459	1.141733071561081	109.42897525581816
146.4442636366016	1.0762802653447818	103.15567575151798
146.6574234086766	1.1032059895248054	105.73636162147542
146.115510393927	1.0951824988357894	104.96735318514
146.25215592063628	1.0730252657627364	102.84370154529276
147.83788609054085	1.0878823759239074	104.26767566034297
147.59703018932794	1.0888069623587555	104.3562922981728
145.51666231224968	1.1027826561643155	105.69578739534158
145.48851518260824	1.124760247649664	107.80222135502741
146.68896282389028	1.1508301917969952	110.30088531079622
147.21889588360844	1.1172817671232473	107.08544921199277
147.4952812106391	1.0969171466568826	105.13360985074786
146.40880383721958	1.083981323252345	103.89378073962884
146.6390241414506	1.076580970266842	103.18449670126103
147.51068949735242	1.1184942588519549	107.20166002403239
146.96201290449085	1.107914556575266	106.18765245300989
146.44158230804626	1.1101305388152465	106.40004243429912
147.00850817969726	1.0815775306814643	103.66339014807019
147.82439033781444	1.1008822383471277	105.51364256703384
148.11478060441308	1.0906040586315928	104.52853431206468
146.57439346035235	1.1451991120673797	109.7611765997635
145.711458389479	1.1049533726201233	105.90383889463396
146.49981093509965	1.1238700552665581	107.71690120210356
146.72926778407754	1.1411417476544023	109.3723000391989
147.88648445415592	1.1027047638295138	105.68832183391575
147.40910452319656	1.104006371805896	105.81307395907365
145.92726816656426	1.1452717999684596	109.76814334420386
146.12988351576055	1.105108139849177	105.91867250128021
148.04760480521404	1.0869939088137583	104.1825208655544
147.38311870019317	1.1274827866353667	108.06316207639244
147.47336230703888	1.1107320863822976	106.45769753378752
147.44145410303395	1.1321129785106567	108.5069410688482
145.97444116687237	1.0838697591649271	103.88308792178412
148.16396372997903	1.096018964849303	105.04752395445122
145.79107300569382	1.1091045210935226	106.30170415306758
146.78284230944834	1.1064906185183991	106.05117564746581
147.22030879842532	1.0950372956517014	104.95343624077321
146.42533774857907	1.1083452456363314	106.22893168348874
146.40039763536646	1.1219588544814507	107.53372288430599
147.43050278948652	1.114523137869511	106.82104943251161
148.2129815519545	1.0968478893377098	105.1269719091354
147.75218665320205	1.1148486413563203	106.85224719133191
148.45650832684612	1.0948201589054776	104.93262485129742
147.3938910737956	1.098074082912818	105.24449596947105
147.5960742542668	1.0880340202066583	104.28220994937968
146.61604077247551	1.0757407868611057	103.10396963989548
146.1998776276022	1.072713668903389	102.81383666193199
147.19840208684155	1.106213200620028	106.02458663371773
145.59790019359855	1.1211549763259334	107.45667548594298
146.31929473917677	1.088815955198232	104.35715421347776
146.13261660954348	1.0876864935609	104.24890138920333
147.36695340530247	1.0859346218906398	104.08099391027382
146.990249133302	1.0834404961821849	103.84194537324385
146.24233370894322	1.1238560742933954	107.71556120100838
145.7064272516013	1.1162551498320061	106.98705346524714
146.3905495576855	1.0908674729156078	104.55378115468095
146.5568649437761	1.1310282919735444	108.40297969715238
147.41076570729962	1.1469762711047917	109.93150773685205
148.53757509112876	1.0907790800893402	104.54530917761437
146.55099086471327	1.0838518399986716	103.8813704660586
147.06075147039823	1.116733072088177	107.032859743481
146.7086930470885	1.0773823582050424	103.26130542568532
147.3363146336893	1.1233822731343153	107.67014990776954
146.11042655971866	1.0938391687791886	104.83860222295303
146.6946593925576	1.1057738086267177	105.98247327398312
148.04803071493086	1.115192375647714	106.88519227473576
145.867235258276	1.0835457886738977	103.85203709236563
147.27592222880784	1.0874374784658107	104.22503463141415
146.7208896572615	1.0824868993523156	103.75054824505422
146.98395585144928	1.0812248212259135	103.6295848434457
145.81593733332937	1.1194760869869858	107.29576297100832
148.01735238661624	1.0936358411327483	104.81911436143325
145.827487755659	1.1415046557001773	109.4070828238536
145.322669654521	1.1381267523183969	109.0833289493372
146.1884240142414	1.0734645963361655	102.88580901826207
145.97918970857836	1.0929711600101182	104.75540825014241
147.2724984107016	1.147696983130828	110.00058410892899
147.04460117784953	1.1166046025372354	107.02054662786642
146.13276368736243	1.1431286667205383	109.56273554705908
146.09705254532642	1.075644792425578	103.09476908945888
146.56669429262107	1.1165444109102027	107.01477758409497
146.8488440855956	1.0778444092203718	103.30559053083189
147.82232536898942	1.101748415907946	105.5966610283808
147.60545625061897	1.1268031793066213	107.99802536851092
146.06615820706057	1.0785824737827956	103.37633005020857
145.638854551476	1.1141293658433855	106.78330850131094
145.90808359452694	1.1356953648496717	108.85029353521135
146.7116671619151	1.0807264825428902	103.58182176048707
146.33075063310028	1.0735525191705397	102.89423594913305
147.51848511072023	1.0872561194247226	104.20765234258151
147.27671821737596	1.0913477543879617	104.59981355109932
147.91359194928265	1.1058987255739179	105.99444589163313
146.01168831295337	1.0833238192200216	103.8307625138492
144.99766141892252	1.1345483412783697	108.74035749400494
146.87570737164555	1.081162335017739	103.62359587641089
147.97201521841097	1.093999161122549	104.8539366287076
147.18081801923287	1.1360328617419724	108.88264079745363
145.58047188574292	1.128943609179579	108.2031740617028
146.77683317329615	1.0840211938899462	103.89760212583913
147.0860333747903	1.0826857313327558	103.76960522116327
146.11215376300157	1.0842975805250263	103.92409229854637
147.12119532251486	1.0847586571416543	103.96828401281722
146.34718907209725	1.1095528322342052	106.34467236511522
147.81029703220568	1.084841844231887	103.97625704807864
147.46670664638478	1.0826727990164242	103.76836572818624
146.19501586920552	1.0747080064858874	103.00498319469254
145.77438416570024	1.100010269906687	105.43006908101543
147.39662902857614	1.0826768155756934	103.76875069379321
147.522949580816	1.082643846527752	103.76559078783859
146.06042026719823	1.0776043861268882	103.28258560804225
145.6416864105758	1.138771077345505	109.14508403833688
146.78847830758286	1.1163088761235922	106.9922028413833
148.35516998293264	1.0901586975200053	104.48584884444205
146.43891352368652	1.0747226249136408	103.00638429238232
147.9366024512207	1.0867630056872168	104.16039004255366
146.6897836736458	1.1020549911763247	105.62604461925076
146.40322418328452	1.074408196127033	102.9762479840223
146.88231994872527	1.0890248793431652	104.37717846928298
146.99902640266637	1.0837536064984858	103.87195531331503
145.91924703172222	1.106198569221226	106.02318429282269
146.51779590370657	1.1091240244413043	106.30357344407348
146.09936694613498	1.0823716117128186	103.73949854476606
148.1804898109597	1.0880827369997255	104.28687919202132
146.07839547326458	1.0780955200349789	103.32965815206717
146.73127233783956	1.0883049775199498	104.30817975078958
145.21156467495544	1.1370998370812173	108.98490464607559
146.03028868748567	1.1357280464495763	108.85342589081735
148.186216154134	1.0899544575909097	104.46627354553554
146.01524393373134	1.115667136869283	106.93069558480146
145.9532934310497	1.083379431599154	103.83609266133428
145.9461085154743	1.1189871227225412	107.24889837565966
147.11421309674856	1.1086265134759645	106.25588969340377
147.71149075169876	1.1057365252705906	105.97889986478904
147.92628513148094	1.0960876744670134	105.05410940182377
147.77290401091642	1.115706194314834	106.93443903092665
146.55112717267107	1.1463563903359877	109.8720954985622
145.70218462675942	1.128099933960685	108.12231232882324
146.35313034053263	1.0808236814791126	103.5911377558381
146.46169070464168	1.1107661839030127	106.46096559778913
146.94628108764127	1.1482938367867217	110.05778932227439
145.20367638127234	1.1220311643747851	107.54065339873667
146.5051820142888	1.0954393101155502	104.99196716530608
145.93654696030822	1.1268375918361928	108.00132362441747
146.5530974970753	1.0752337814068988	103.05537589352436
146.54895869519123	1.1089240744607964	106.28440931366997
146.38172794156247	1.1407871224448582	109.33831111985612
146.71673240912511	1.076426681951857	103.16970899595293
146.81508616868567	1.145670819866238	109.80638725568211
147.79652963898957	1.1049140043136911	105.90006565416495
147.1203397718457	1.094516335894719	104.90350504952012
147.8356663846901	1.0996818796821377	105.39859464390615
146.79507549614866	1.0810432354271169	103.6121808211061
146.74118462199405	1.0846458773190093	103.9574746732886
147.05146984511083	1.078949757548432	103.41153222408158
146.8229985711853	1.1116355075108881	106.5442855908287
146.8081111616704	1.0871104218782042	104.19368801623419
148.2601195472471	1.0958060463656172	105.02711686275606
147.47270176744786	1.1197536057735487	107.32236165434705
147.3943980870269	1.0818961321050218	103.69392638124356
146.48203239652753	1.1128181100572931	106.65763168547328
145.95124394740012	1.108374400282118	106.2317259995087
146.07708590012487	1.112973040776783	106.67248096179866
146.32093284455226	1.0915137395228598	104.61572233369658
146.4508874526011	1.1206735525204141	107.41053360303358
146.56995477942155	1.1394923723772898	109.2142162883797
146.87648232016915	1.0899697341348376	104.46773772012162
145.41156898465752	1.127222698570041	108.03823403395086
148.00547772741427	1.1183240819085098	107.18534947912728
146.10086097186786	1.0720886870866442	102.7539355156278
146.99246833302715	1.0853990778837523	104.02966489709391
146.45725284141216	1.0746168226918922	102.99624371837766
147.60653992518263	1.0854479776015238	104.03435167208477
146.8678088126032	1.0778144847566564	103.30272243190316
147.62352596493292	1.0833897827427619	103.83708476278595
145.7974030311181	1.1266707154993718	107.98532942490827
147.19830122244036	1.1323085362410366	108.52568422569621
146.9505640933788	1.081583688640631	103.66398035534198
147.8595514427862	1.1092211513720385	106.31288253808566
147.02971296180598	1.0907587728923396	104.54336284198352
146.6381050346781	1.076763869808174	103.20202663875803
146.33630736396023	1.0837769360780767	103.87419132806434
146.37337704908074	1.0758149630969231	103.11107903321692
147.51432639514988	1.0881323623348034	104.291635513529
146.9224455054379	1.1144001385180844	106.80926060610463
146.20135100938887	1.099243324252369	105.35656146428838
146.71795215286022	1.0826558826806698	103.76674438837154
146.65099941692313	1.0763598781708839	103.16330621278304
147.2399690675387	1.0852538042516056	104.01574120065952
147.26854436010387	1.0839996696782153	103.89553914589085
147.1242024883009	1.1380837007151081	109.07920268467137
146.33070135307577	1.0737677064120954	102.91486048906982
145.86522683355957	1.139654298385925	109.22973602555258
147.78327995873792	1.0956636953870527	105.013473286951
147.4497300392672	1.0832124592602632	103.82008926054296
146.25205756309802	1.1200415385360694	107.34995846128032
147.7658987294951	1.099055228704619	105.33853351751766
148.4816501132944	1.0902906241003132	104.49849329773123
147.21304295564101	1.136620199196996	108.93893393411885
147.15231053681734	1.1078617331165184	106.18258960854634
145.66890206033005	1.1314162811801403	108.44016637619816
148.1862938936458	1.0991642375261728	105.34898142687021
148.36307310265153	1.090028838034946	104.47340251111665
145.61161139012535	1.1168178969430107	107.04098974967236
147.13088455504644	1.0990996924874854	105.34279513200205
146.81494890200005	1.0999323697203722	105.42260276706432
146.39767003047487	1.0755758070679544	103.08815721389841
147.76425966413763	1.0951537709972523	104.96459977629976
147.29739468067012	1.1235546707210713	107.68667328939455
145.25746510012922	1.1236030526334597	107.69131043552393
147.1648420516082	1.0929890894617842	104.75712669166923
147.58473240918465	1.0897190755425623	104.44371344196504
147.57782708490566	1.0863077418197653	104.1167554490334
147.2299861963118	1.1098138804164617	106.36969242960164
146.24314496012954	1.0734705553191604	102.88638015473776
146.26098453913792	1.0890205515238074	104.37676367107034
146.43194591440422	1.141245736425228	109.38226680368442
147.2822147986556	1.1238469859389566	107.71469013110794
147.7632480905937	1.0878734350456258	104.26681872523912
146.63963275150178	1.1038782020508708	105.80078957728551
147.8249803506347	1.0927226522610551	104.7315901187416
145.4128564094935	1.1090489117026332	106.29637429198952
147.73263257802046	1.0891492412660457	104.38909789083662
145.8190130581934	1.1212734729598082	107.4680327510859
145.52206732057198	1.1043460965551528	105.84563474942493
148.0094097243587	1.096638045543692	105.10685950991079
145.25548760665632	1.1317642206825431	108.47351450646377
145.4816804196488	1.1199324862640343	107.3395063874328
145.99022713243446	1.0771796852255868	103.24188031047557
147.92600215451444	1.0857719482982018	104.06540252121356
145.9652753222923	1.1286585902135071	108.17585652649022
146.63583220462402	1.0889430316807145	104.36933381097174
147.52882672513047	1.0917068915167576	104.6342349136396
145.8216270075816	1.1239372579015032	107.72334221328184
148.42842302808705	1.0938602073397208	104.84061865584549
146.68448577656153	1.1331353221822191	108.60492721212894
146.72889427655662	1.1047826378873733	105.88747488862347
146.95628805932674	1.1371147062418252	108.98632977516115
147.9062764382252	1.1053203108739404	105.93900795305711
147.6200311909062	1.0973726196935047	105.17726449200833
147.1286193125689	1.1518544015707142	110.39905030993373
148.30535723945405	1.0961678222645155	105.06179113722071
148.2265080175025	1.0940957586126911	104.8631949786861
145.1764444516731	1.126577537400917	107.97639880523529
145.400657638039	1.112527203026662	106.62974981093569
147.41136172301432	1.1194669446741314	107.29488672948388
145.89844613718773	1.1378876653368795	109.0604137478456
147.05763640376654	1.1489301629602184	110.11877776416914
145.6970698457364	1.0993309461163088	105.3649595487617
146.6537825981156	1.0760405728888862	103.13270251856315
147.15175647739665	1.0915715795871912	104.62126599282864
146.35198392414367	1.0914268739127662	104.6073967320877
146.97345270249232	1.087874323222376	104.26690385220448
146.0619984213847	1.0911478270621273	104.58065159202442
146.1064824570115	1.1002198429332841	105.45015552863882
146.37102136756158	1.0840655639904968	103.90185476137732
147.88097291261116	1.114726714882674	106.8405611944908
147.18477528018033	1.0820288880768165	103.70665032724675
146.81079370305193	1.0776757037479927	103.28942101851564
147.47821509861592	1.0837772045132348	103.87421705613072
145.42521541610347	1.109195657073715	106.31043904668657
147.3533906953547	1.1013916083624116	105.5624629438688
145.14516744798394	1.1385590377183592	109.12476118031502
147.0328633429688	1.1253791909534745	107.86154374233887
147.9198801080017	1.1083148015111013	106.22601377779829
146.737834575215	1.1338855919668576	108.67683653642148
147.2426198414322	1.09406941309909	104.86066990288003
146.63901172093955	1.0767915305722446	103.20467777424882
147.00061907200583	1.0948495232520916	104.93543926601403
146.4843454857433	1.0901667360468272	104.48661929401085
146.1102060712619	1.0981865818378573	105.2552783864747
148.15655797843553	1.10312730563204	105.72882019347537
145.73593229691576	1.113452012599768	106.71838783536761
148.1452063479469	1.087535364616971	104.23441649262146
146.8532908135618	1.081586729663531	103.66427182103389
148.21757193179852	1.092443224816911	104.70480850083747
147.64311057344548	1.0853119528161612	104.02131442787912
147.41493802100223	1.0871461926852868	104.19711645573607
145.9224894182612	1.0913448895894229	104.59953897556477
147.4581602185766	1.082198642290295	103.72292035575778
148.36567748353744	1.0931535391748828	104.77288831234375
145.7616719196853	1.1004504632757748	105.47225924830894
145.7924458413067	1.0997706441952833	105.40710224516124
145.98735758754776	1.098337380800064	105.26973165608294
146.0566525323445	1.1052883892666507	105.93594843865638
147.43385255368756	1.09432941071349	104.8855892760868
146.11638022562119	1.0794704216337518	103.46143507679581
147.94499228386746	1.1020494328911785	105.62551188750909
148.2519797788378	1.100508850387663	105.47785533900758
148.1889112231044	1.0905238724400197	104.52084889680249
147.3415163585033	1.1090255390167496	106.29413414573388
147.48560985826091	1.085496787297567	104.03902981897706
147.8424029085265	1.0862840855606848	104.11448812381173
147.54067294040672	1.11763540439992	107.1193434432824
145.3790603701026	1.1153711519780496	106.90232702463125
148.02305259132856	1.0930968480921115	104.7674547769156
148.12327701707042	1.0873835895399149	104.21986966765395
144.9879342707008	1.1376127383989767	109.0340634792633
145.8364264888633	1.1162217845009355	106.9838555776856
147.03561230009805	1.1400878067544893	109.27128547149438
145.63839469624244	1.1282087672810008	108.13274341732591
146.01603818928007	1.1016955143360063	105.59159069718783
147.68982455909327	1.1137007529000358	106.74222825555087
148.09152605197548	1.1093102792969847	106.3214249704076
147.69717299504018	1.1250486046867771	107.82985882639886
145.44951147735938	1.141206190366045	109.3784765265701
148.3991087575193	1.089997480818198	104.47039709051433
147.18596002035434	1.0801092713112705	103.52266538298095
145.32292175641496	1.1243375824790443	107.76171117129944
146.58902743970185	1.094744104086919	104.9253354059223
147.0020863946467	1.085551762232664	104.04429887087919
147.04246675019488	1.0790035858271974	103.41669137514045
148.1192031417808	1.0917160973592976	104.63511724414279
145.97605243187684	1.1030310433061143	105.71959396718468
148.1364329952153	1.088252656327072	104.30316504580873
147.50606124257368	1.0926166434217295	104.72142974155325
147.54067294040672	1.0932682124468762	104.78387912881044
146.13134195867582	1.0736925334916176	102.90765556888333
145.59808152735852	1.14110298264972	109.36858462195838
147.31559098547604	1.1374041624362539	109.01407259485059
146.44322568052638	1.0888579328239483	104.36117754316858
146.425794724956	1.0742500926699603	102.96109461786095
145.69991804168313	1.119172904387048	107.26670454916437
147.97599506504778	1.0885407153665267	104.33077395570707
146.97107173215264	1.0853002264562286	104.0201905193379
147.10408806221514	1.0806722120446173	103.57662022506646
146.360687689494	1.0824603054950905	103.74799936684728
146.3473000001661	1.0974837108096023	105.18791197809539
146.9672123772012	1.0805906221407893	103.56880027153309
147.83115041108752	1.0891471193428988	104.3888945159136
146.77395361715895	1.1346301963905263	108.74820286633046
146.43552839088267	1.0857126190474051	104.0597161315669
147.58505095207232	1.1379964072944808	109.07083607972336
147.34689604599	1.0853521900386054	104.02517094927529
146.25489773872917	1.0861759722291395	104.10412604236102
147.39783328642088	1.1308454020823862	108.38545068457263
147.30572668678676	1.1396248639082551	109.2269148891514
146.1165517440508	1.104162056690215	105.82799551804239
146.97484376086356	1.1059989698927182	106.00405377052776
146.1380956381657	1.1375742010513525	109.03036988172755
146.6930174983248	1.1005444835859208	105.48127058944357
146.4275362258106	1.074789427195627	103.0127869318824
148.15615666180344	1.087854374758183	104.26499189918415
147.5946722616288	1.0831369550953893	103.81285259236236
146.3806300092402	1.0823716384318813	103.73950110564456
146.7374236234975	1.0782467071070874	103.34414861992244
147.17645796126473	1.0981940614873875	105.25599527066046
146.25659456758814	1.097089467237042	105.15012585170466
148.0190288231345	1.1092040929873077	106.31124758364044
147.2000916065195	1.1473662016626627	109.96888048397798
146.16118477790906	1.0801469844446383	103.52627998401242
146.7622257595591	1.0860587367555266	104.09288965264729
146.46465781052797	1.0772645088842574	103.25001020202113
146.7908227331714	1.0891837114989846	104.39240167730063
148.3144195220656	1.098438777682348	105.27945000198959
148.4594721636516	1.095224689715027	104.97139695403409
147.4083563809159	1.1079527925731962	106.19131716779799
147.25146975759526	1.1386797645183464	109.13633219488715
147.91197186587328	1.101000733358933	105.52499967671012
145.82252673311308	1.1080669773354415	106.20226116323225
148.3312760830862	1.0966545915186328	105.10844535263313
146.97206169607207	1.0783226854118708	103.35143073186367
146.687831075543	1.1090603765653593	106.29747313742969
145.93975420871206	1.09884836783016	105.31870701509217
148.47391628274357	1.0916476002916171	104.6285521685476
146.80023932296206	1.0770491471621717	103.2293689390638
148.03848123116566	1.1015209333653022	105.57485804995252
146.83932786456734	1.0849428917792587	103.98594191211247
146.32896427286235	1.0895876507135358	104.431117078838
146.38898249201247	1.1189553538128285	107.24585349650056
145.2735763505104	1.1194891624689565	107.297016185642
147.56335818221478	1.1410902798291804	109.36736712491889
146.31823555055593	1.1089609198761088	106.28794074859195
146.91424928358265	1.101578924155822	105.58041615537917
146.36082331628972	1.0739973774800657	102.9368732258819
147.10860310849125	1.0813067675427017	103.63743895724471
147.09113708160862	1.0991819678869719	105.35068078660805
145.11621981400717	1.1340678590413733	108.69430585537522
147.68665560667375	1.0888465451314557	104.36008609408032
145.75787240622586	1.1024959670887031	105.66830978911055
147.14043785231794	1.0968588374800856	105.12802122970864
146.5421071227019	1.0774785367968076	103.27052362650701
147.15217202118416	1.079702494618151	103.4836780243813
146.63204445876883	1.0980204859070386	105.23935898468424
146.99957818590073	1.0785378398938232	103.37205213196864
147.94443890626002	1.1009434445891055	105.51950885619172
146.52689685085315	1.0856271650960292	104.05152582985492
147.7615963415055	1.1024180877906569	105.66084547718762
145.88490169824715	1.092055074179772	104.66760634954224
147.75561738502475	1.1122204568860203	106.60034984287817
146.4537053960779	1.0768850949646158	103.21364541811641
145.89538848105676	1.1343240830400525	108.71886354780771
147.1664418571382	1.1100566352371368	106.39295917375276
148.1092338113729	1.1120079667506735	106.57998380606787
146.4424843006852	1.0843373969958168	103.92790849315912
146.1472903938081	1.087880257393707	104.26747261061564
146.59274884636775	1.1222850249055685	107.56498456548086
145.6767627691564	1.1162275237629367	106.98440565508561
145.0270476815692	1.1379197725162378	109.06349104833119
147.38341014628688	1.1476184591028216	109.99305800310643
147.05476022351385	1.146243093859214	109.86123664051364
147.25755609725525	1.0911199156573608	104.57797643397072
147.54353645957735	1.0929787330759582	104.75613408777913
146.30430872131413	1.100708364694414	105.49697771242433
146.923046215388	1.1416149559417845	109.41765450887367
148.26424856541686	1.0980505340692817	105.24223893945165
146.20708545900564	1.082279033719347	103.73062544192867
147.26973179395293	1.098613483132001	105.29619457986274
146.30048004098208	1.105002398939919	105.90853780374803
146.67942486676912	1.1075077966168296	106.14866669833965
147.29881060928784	1.0809430701770408	103.60258052052352
148.27531358999113	1.0890233530666935	104.3770321838907
146.91907920567905	1.1173022206387686	107.08740957146699
146.51744924417463	1.0824297746955325	103.7450731538886
146.98519687262186	1.139519207746654	109.21678831422645
147.44203792671922	1.0908850540763682	104.5554662143974
147.27994025168817	1.0807517782132856	103.58424621446737
147.100554384667	1.0888398698507173	104.35944630431777
148.02487117353616	1.089756045154694	104.4472567804843
146.918353426189	1.09420943063594	104.87408983084481
146.79179546339736	1.0779055708875425	103.3114525477342
146.89628645621764	1.0881037618651586	104.28889431231217
147.46829424160595	1.0848701779872614	103.9789726861669
146.55687733731182	1.1004866902819188	105.47573141203765
147.26992128162013	1.1413878114860883	109.39588393426125
146.64022895046048	1.144936067013101	109.73596514583193
145.84844533066376	1.1238792124718007	107.71777887098331
147.56673289615296	1.135990280039241	108.87855957022933
147.76007270192977	1.0949992803572601	104.94979267922773
148.5914661312187	1.0917496974301863	104.63833763025356
146.41945929887302	1.0804280012864522	103.5532139371362
146.99713284515065	1.08191093194426	103.6953448662486
146.07504207583833	1.0785025244931656	103.3686673407237
147.58390421072883	1.1236813336100797	107.69881324617812
146.06424954379187	1.0836329515396865	103.86039118433445
146.492337242722	1.074746000326515	103.00862470000538
147.12704630904992	1.152322801533193	110.4439439275232
146.87213281703768	1.0784107619984928	103.3598723990608
147.41521703765883	1.0931550551487177	104.77303361028369
146.69266922693583	1.08172904849551	103.67791231576159
146.97708710859303	1.100297395259548	105.45758850207469
147.90724061192904	1.0905073821521338	104.51926839138493
147.5887717395531	1.1259441253467601	107.91568966600863
146.78284230944834	1.0769425255808531	103.21914983385044
146.87354510022243	1.143321778661984	109.58124428818995
146.8422249355488	1.0777468977113882	103.29624457706257
146.31535372093043	1.1184879369610266	107.20105410478281
145.83088058390734	1.118261907565057	107.17939040264898
146.69786875626286	1.0796426261251308	103.4779399512673
146.44818094051104	1.0747991483127608	103.01371864868449
145.78989459247742	1.0894195924475631	104.41500959777544
146.014400818789	1.1344638634149593	108.73226074507556
145.6423762534176	1.1429378801061003	109.54444967601749
146.367925902772	1.0749407973366414	103.02729494590783
147.14757611472598	1.0828963718888118	103.78979398574465
148.333930163009	1.1023317371686723	105.65256923441964
145.44593475551187	1.1071500854770577	106.11438200917907
146.23658169343864	1.1035077124405595	105.76528014043977
147.69776093431256	1.1241354354831101	107.74233646878174
145.9273778896443	1.0928529093638002	104.744074561584
146.302351245173	1.083918644588849	103.88777332678636
147.16246136680317	1.09472002900777	104.92302793904925
147.02163113338986	1.116642912357978	107.02421841817407
146.53889858466965	1.147215003717527	109.95438897400153
147.42171111677243	1.0923678217842894	104.69758152563944
146.48611441381615	1.102159066391331	105.63601966894613
145.5608773019685	1.1115847359764846	106.53941941227932
145.8013157686548	1.1447651082849013	109.71957967106209
147.1560002805165	1.1486829266069838	110.09508148922154
146.7206531547704	1.0885623362833114	104.33284620431472
146.56111616462923	1.1442282174832605	109.66812157484748
147.10773527137482	1.0928496055917858	104.74375791280241
148.3259294978221	1.090775188104793	104.5449361518246
147.11360929040293	1.113034284192384	106.6783508138484
146.01944756401465	1.076877822766967	103.21294841707793
146.8086476545873	1.077536894826564	103.27611692983969
147.10779815743933	1.0826095763896826	103.76230617939183
146.02691502406074	1.097751415712676	105.2135700534757
146.95893114988738	1.099211455182924	105.35350698535754
146.63829133829543	1.1124400871772917	106.62140022523779
147.53245270872733	1.0842998500961014	103.92430982472933
147.7405783450191	1.1181461742930225	107.16829799087847
145.72540348350222	1.0910444700845936	104.57074538152848
146.4031254357142	1.0831006334457727	103.80937135756575
147.53582456093852	1.084683437466557	103.96107461145188
146.1180954443251	1.0956765223376987	105.01470268119367
146.7957988879905	1.1375356521014683	109.02667517217759
148.30535723945405	1.0970323557300954	105.14465202088016
147.76532248710475	1.0861708678473005	104.10363681481049
145.83257102815804	1.1213464424055426	107.47502648006738
147.03217299755465	1.0792284019577068	103.43823879230423
145.75728976597102	1.097571508280724	105.19632689357277
146.8251204774615	1.0838254223067252	103.87883847234629
147.64673520333446	1.0884994353582558	104.32681748889695
146.3899449341556	1.0787482388452412	103.3922177400447
147.21469530462278	1.0875288381870014	104.23379096940468
146.18631289602453	1.0728370738732385	102.82566436468359
146.27142657902448	1.1155390574019097	106.91841985659923
147.92487026894963	1.1021034384945059	105.63068803417364
146.89442311986403	1.1028574769297377	105.70295856335969
147.07776334117298	1.127596095285361	108.07402210117874
145.11057131978697	1.128521941245038	108.16275945769034
145.46624328091906	1.13324651642781	108.61558458262337
147.12307005411185	1.126704053141775	107.98852465865993
145.72757451563007	1.1344335702026447	108.72935730357652
146.61339690638806	1.078207538975398	103.34039456512608
146.61442712327232	1.082039704898138	103.7076870614031
147.81977317966073	1.106566480273625	106.0584465887587
147.50901105140323	1.1410169328998438	109.36033721616404
145.6979667020731	1.111132252553173	106.49605130937805
146.8767073082333	1.0783504457176396	103.35409140789096
145.6208637153531	1.1146667585986803	106.83481470708405
147.92751996616212	1.0891602592925929	104.39015390943189
145.85443180829523	1.097658703432407	105.20468407997089
147.58610853446046	1.0847703006690514	103.96939998230535
147.1710527075854	1.1418979532803641	109.44477828196237
145.75622161477662	1.1414047776745342	109.39751005218837
146.1961207601909	1.1378485719991147	109.05666686164471
147.41028382934437	1.0819161592028823	103.69584587087805
145.3897613279895	1.1098544919575082	106.37358482742296
146.9527809299485	1.0804563254466593	103.55592865557928
146.0205474265252	1.0773882396502292	103.2618691305791
146.34572238685143	1.136431221117691	108.9208214014444
147.40333534676776	1.1235994215155034	107.6909624123941
147.8120279422684	1.0877607275842707	104.25601632115102
146.15687980219082	1.138434483169368	109.11282329658452
146.14773179740678	1.1463151351655834	109.86814141232803
146.6870848864495	1.1143784469226028	106.80718158332395
146.65956084011367	1.091225221260189	104.58806940972244
146.5639423133535	1.07526437686202	103.0583083033711
145.83775227187587	1.1373500692079954	109.00888804980757
147.62984036901625	1.0906587973678836	104.53378072558137
148.08673225127995	1.1026909841619268	105.6870011268775
146.00313661346098	1.1450165808117532	109.74368196047092
147.06859053655373	1.1369184040435387	108.96751526506766
146.2397402787713	1.1266485832264765	107.98320816556725
146.90855678396028	1.0797828993965248	103.4913843900129
147.54750757855376	1.1275114481116013	108.06590912476284
146.50041730917022	1.076242198553313	103.15202725425934
146.0679813134211	1.099234511878747	105.35571684566513
146.3437627861703	1.0739432614571263	102.93168649609129
146.43992665123903	1.0964536082693	105.08918218896915
146.59592473653382	1.0781302273974307	103.33298466611981
146.70698832576392	1.077836148649655	103.3047987995498
146.84449779473175	1.1399179982218803	109.25501023678677
147.08472613431803	1.0998219477666766	105.41201941659507
146.23420985312242	1.0741497545651155	102.95147775007831
146.0949709279782	1.0733888704206869	102.87855109647846
146.50622166588633	1.1448888683102376	109.73144140397281
146.4625684493207	1.0860445088848463	104.09152598775276
148.16213804316547	1.0881291877107055	104.2913312428807
146.22587885254103	1.076097982071602	103.13820488000938
147.51260963248168	1.1157536623215603	106.93898858411285
146.03591211516533	1.0764425145483292	103.17122646518521
147.04900853127634	1.0816815619608025	103.67336098676803
147.475864844193	1.104063151508602	105.81851598824598
147.12358593650356	1.0981016556601317	105.24713866902901
146.1376788613487	1.1090183192266962	106.29344216768158
145.42505894881145	1.1300913486314714	108.31317871621415
147.63925661050675	1.1206718268145595	107.41036820340737
146.74599227414447	1.0971467376057118	105.15561490857108
146.41485350141576	1.1143098751456224	106.80060934724415
147.78625238453333	1.085147280386935	104.00553146106142
145.9932556491083	1.1052085981211817	105.92830088643892
147.71622196924372	1.0915690722055291	104.62102567377974
146.47516817565182	1.0763739952698137	103.16465926080096
147.31619810569592	1.1205407449313092	107.39780470978879
147.55556569819353	1.1256074330650023	107.8834195213601
146.57638979675784	1.1100138276538414	106.38885629709105
146.44454784380412	1.1333228360813132	108.6228994110038
146.73114782828134	1.0845404348668257	103.94736858126207
145.64269092260844	1.09540000614297	104.98820009089083
146.39978051308103	1.0906626465753588	104.53414965141882
148.26179446832293	1.093965959041378	104.85075438777105
148.32925963599183	1.1015060765559028	105.57343410466385
146.76640050672475	1.1146591211670205	106.83408270032966
147.8774274721622	1.0877121209426774	104.25135763593582
147.2535278885921	1.082162444838474	103.71945102465203
147.67890050894547	1.0966328496432902	105.10636151079817
148.32327601854854	1.0908223143315317	104.5494529472369
146.18209100795633	1.073291567479803	102.8692251328399
147.08546773623831	1.1351454948505086	108.79759145270964
146.51907114284438	1.0806857067795097	103.57791362283815
147.11408730294832	1.132052082967649	108.50110455851583
146.52695876954496	1.0802829195134749	103.5393086293715
146.07947253873468	1.0949218327565267	104.94236974317079
146.80957093944707	1.1485649893236578	110.08377783482082
145.1616278588769	1.138598462177138	109.12853980268449
145.8180039991299	1.1105286287367673	106.43819721255402
147.91225473231503	1.1035218016299304	105.76663051347656
148.22329128627123	1.1066048275485636	106.06212196884964
147.0743829616386	1.1097296490763444	106.36161930860422
146.48523612453525	1.0925182723318394	104.71200140157643
146.50648158324015	1.0759574985573934	103.12474029062061
147.3055623042262	1.1448025333880314	109.72316666594416
148.4198792072823	1.0926609542385441	104.72567669506417
146.92308376008097	1.1260637309088766	107.92715321596029
147.91593219876202	1.0874095630508658	104.22235908900642
145.80453617371376	1.0951537604970647	104.96459876991324
145.9156149057224	1.140702324431535	109.33018368627918
147.1665678290175	1.1345830354567674	108.74368274443691
146.3724643593795	1.0828867249651337	103.78886937998631
146.79038625985953	1.0989061170694547	105.32424196913288
147.46739247905924	1.0841505460076093	103.90999983072795
147.91392626130238	1.0857705391827268	104.06526746507278
147.52601524570667	1.0874417161445322	104.22544079013156
145.59385062463588	1.127272351728401	108.04299302217049
146.58302434259147	1.0804024933689746	103.55076914041445
146.45627633386792	1.0827548740471173	103.77623217852087
147.32204215061074	1.0968223373258992	105.12452288620892
146.00236705333694	1.1372704289583748	109.00125496014574
148.06392206626512	1.0989922877265432	105.33250096323333
145.14429500861797	1.1324404452496755	108.53832699483543
147.66626849027108	1.0971049077710997	105.15160574386286
145.76713512781225	1.1336029252131425	108.64974444811432
146.37536284138665	1.1052858657422697	105.93570657241467
145.75637940799785	1.0931016214441363	104.76791227703855
147.41236355851532	1.095557945146094	105.00333769502552
145.92133139193302	1.1102690075537718	106.4133139182731
147.13946856484117	1.141857616744418	109.44091224190109
147.481264302657	1.1370000825206243	108.97534370787147
147.4824967615191	1.0986311380810019	105.29788671178527
146.65851696310762	1.0916955460555895	104.63314751219669
146.80997020480922	1.1268854612012313	108.00591164563956
145.95774655223812	1.1188408731932564	107.23488114473247
146.6208697193889	1.0984877485263616	105.28414359404826
145.92997475989338	1.144969132471335	109.73913429219462
147.45940459640778	1.0826462497648737	103.76582112519336
146.68871408507314	1.0982201728984573	105.25849790899778
147.11399924754232	1.111703616962727	106.55081351552984
145.39157717112278	1.130949604591066	108.39543793468209
147.32249756976046	1.1197274509233712	107.31985485260488
146.80110002990946	1.0771371872335676	103.23780710647286
147.34625044187536	1.1137111767900665	106.74322732935597
147.78225504106595	1.0869545255224518	104.17874618886576
146.83590661255462	1.0867385055674208	104.15804183782028
146.3689988043293	1.1443131191973488	109.67625894758507
146.1030776250624	1.072483188542277	102.79174635872425
147.60963813773006	1.0911300197216913	104.57894485420236
146.4695416771418	1.08638740711283	104.12439093897467
147.37742962954087	1.0896205824200218	104.43427340581489
147.03435704330352	1.1350625825331064	108.78964475294643
147.523636470878	1.1326546639896033	108.55885870909931
145.73075244513913	1.1375599200859283	109.02900112798734
147.50976125633795	1.093031521495593	104.76119357393216
146.670175231151	1.1348602685996183	108.7702540503619
147.67964145153292	1.1123922255738439	106.61681294792241
147.71917609701796	1.0852585979088107	104.01620064692482
147.55855771299778	1.0833738571645473	103.83555838175364
146.78922651259484	1.07694171791063	103.2190724230028
146.65451570234643	1.1181037200753159	107.16422898240826
146.39296814781014	1.095274695090027	104.97618970032462
145.75196143908528	1.10225239930217	105.64496512655363
146.32190588778366	1.0736442885578228	102.90303155141555
148.08565987189678	1.0880408502786323	104.28286457504979
147.00420596285335	1.0938167695242964	104.8364553748233
146.36053973353984	1.0830414627139213	103.80370016110757
145.86002975588406	1.140336653895092	109.29513613174922
146.02405497510912	1.0979496874139512	105.23257332983968
147.5994774975995	1.1255267281493722	107.87568438918647
146.1601299529117	1.0843052038877992	103.92482295687361
147.79777284698122	1.1280265052631695	108.11527458302817
147.52202102777952	1.0881650281515058	104.29476635639996
146.68100399658582	1.0917059931952189	104.63414881435082
147.38546300613956	1.0919765595480462	104.66008114430261
146.43237826434344	1.1156221209889596	106.92638105474472
146.37410474977582	1.0831908640376067	103.81801947457932
146.12362141887002	1.0754128927469617	103.0725427523007
147.97310995416552	1.0964582591578884	105.08962795163025
148.28215953177644	1.094256428678287	104.87859434047246
147.25307332216255	1.1402444074062494	109.28629480184783
145.61142999380615	1.1210739366390097	107.44890826774109
148.15123766434516	1.0959449377143249	105.04042885164343
146.66583713868647	1.0813034002058441	103.63711621611473
146.31949180076646	1.13414172232209	108.70138525363316
147.56268327695915	1.1068376601331822	106.08443772003142
147.65276003695143	1.1206562929649215	107.40887936745263
147.83378038370722	1.091034009583675	104.56974279876664
147.92848471030834	1.0965326002343594	105.09675314404191
145.24805790451245	1.133437815893086	108.6339196076599
145.91115443799933	1.1175961582219036	107.11558190816531
147.54422373766144	1.1001526342243366	105.44371393530008
146.57679899673835	1.0776967497547076	103.29143816508466
146.81378839466325	1.095739220158984	105.02071193020723
146.58653430221526	1.1057130029201048	105.97664537398609
146.26209133413855	1.1250589469334569	107.83085007512781
146.81658365610272	1.1086828119412	106.2612855985524
146.7554100803945	1.0884465614555312	104.32174980964946
148.26797548232892	1.0985686035781406	105.2918931159644
146.65449085112212	1.0906673036941639	104.53459601121267
145.0039609160785	1.1394885646499633	109.21385133819145
146.18286416783573	1.1102618063500442	106.41262372162021
148.52723853603206	1.090910939666922	104.55794720905259
147.51877763761425	1.098676486630143	105.30223312635927
146.74168279572106	1.1452946823017174	109.77033649279721
147.34880760709072	1.0814566892543347	103.65180814710287
146.59892719066337	1.0775835534764775	103.28058891052768
148.5626309856219	1.09192034642183	104.65469341844009
146.46936856733356	1.1102121561925968	106.40786502102189
147.13854965340144	1.0871957864056678	104.20186974714505
146.1956051404376	1.0743884740236265	102.9743577264661
147.7384925721575	1.131216898222015	108.42105659184088
148.24485414746223	1.0896300250264856	104.43517842886696
147.03514785014187	1.1268034907013895	107.99805521402493
147.06914335371448	1.1020415557586372	105.62475690671417
146.4488359234715	1.0744128431887177	102.97669337989524
146.57472824233244	1.1284996644461491	108.16062434631002
147.75286509299394	1.084699809798869	103.96264381146199
146.70125256784087	1.149657308096901	110.18847071530756
147.28345322221082	1.0931232300959812	104.76998335011767
146.8391405616597	1.1178920272672914	107.14393936513417
147.14152046314754	1.0819290177089698	103.69707828954012
147.7372258117711	1.102550995268121	105.67358394419449
146.26940928443568	1.0732191299875549	102.8622823887395
147.42810485114333	1.1160099457736306	106.96355197483317
147.4416571710851	1.111592752528033	106.54018775563632
146.96510744300383	1.1277047345066769	108.084434586336
146.89666163585179	1.1131147524760634	106.68606326612203
146.6427007924979	1.1492647204394084	110.15084329947142
146.58617460938598	1.135147771250983	108.7978096334538
147.23219456334454	1.0896345629172575	104.43561336129501
145.79869103174244	1.1128938173121155	106.66488781873332
146.14695934443597	1.0809548706782612	103.60371153510846
147.97701263723874	1.1089755527499268	106.28934323085933
147.62700831870274	1.1295104734374963	108.2575049525197
146.9244353941849	1.1244950490160974	107.77680349210192
147.86080966583825	1.115663580400386	106.93035471638252
146.67440193339314	1.0769433761424396	103.21923135560462
147.43117525542937	1.15029292505688	110.24939118290041
146.67721170962255	1.1200256818197685	107.34843868029215
147.36025373723353	1.0813413812747676	103.64075649732837
147.78949414511385	1.1261519316439768	107.93560678212145
147.8437375313222	1.0899911856733089	104.46979373472874
148.0219305335361	1.0933717273452264	104.7938004751674
146.02990974682328	1.1027885979401164	105.69635688260027
145.94877983093198	1.0853915762330266	104.02894590421188
148.48215966527525	1.0959682211170991	105.04266044059318
146.03763598207175	1.1205455316329722	107.39826348940278
148.25930159130283	1.088467710132077	104.32377679656966
148.4615483038367	1.090218278124847	104.49155932502227
147.22110358678776	1.0970089706148252	105.14241068333463
147.05139449634842	1.0989065312975412	105.32428167066746
147.68517344985287	1.1239088378237168	107.72061830165457
146.81345147990993	1.0845334240880624	103.94669663581797
147.87489706351715	1.1186809353438676	107.21955196193207
146.61112556363977	1.0759800255690293	103.12689938354721
148.13935720594702	1.1062004600284483	106.02336551652716
148.0709211506449	1.110218213958863	106.40844562534294
148.37511997564	1.0914476297280595	104.60938606536946
147.37593465273466	1.085193154165379	104.00992821603968
146.2482955769408	1.0817355932258066	103.67853959296632
147.5966987956611	1.1100813396651348	106.39532696032866
148.01949308098273	1.0929034305692982	104.74891674745392
146.78249320466898	1.0955606347486155	105.0035954789639
145.9266951733047	1.1314088659757184	108.4394556687295
145.4949773541236	1.1434151068571805	109.5901892938285
145.97219527307988	1.0836521466345352	103.86223093095433
148.53694696032164	1.0908706974938696	104.55409021316723
146.97970660740856	1.1273796948942467	108.05328128738047
146.1653798337565	1.1219602052000994	107.533852343425
146.14787893306627	1.090823279852107	104.54954548719196
146.41507575229542	1.0878606573488865	104.26559405171855
146.48174790866028	1.1314685513610574	108.44517619195692
148.15338640592148	1.1062493761517451	106.0280538638994
146.07653515836037	1.1280189454477911	108.11455001537696
146.37617692280028	1.0754816051205813	103.07912846381234
145.78074791652816	1.1180715164652963	107.16114243956234
147.5100664288604	1.0899542741549475	104.46625596418498
145.9084979004868	1.1174610227766792	107.10262990242948
145.68968974182727	1.132328037420916	108.52755330892033
147.5980498810914	1.0875009765443722	104.23112058078426
146.66312763802512	1.1396698563243475	109.23122717028777
147.16844486086524	1.144754652002123	109.71857749258632
146.40411292294618	1.0741513142381311	102.95162723634974
146.65585769278513	1.1094899608346687	106.3386464795597
147.17276617562806	1.0844998112620605	103.94347502719818
147.83056029725543	1.0850032041279545	103.99172252640616
147.9400507953126	1.0897352730339465	104.44526588441244
147.6973519320694	1.08641510847312	104.1270459653948
146.63432947961752	1.1215526104776714	107.49478658111508
147.96246023877478	1.1098499201197733	106.37314664136107
147.0162358595237	1.1056248355333862	105.96819500408797
146.93332235610555	1.094270881119965	104.8799795292895
147.59492716536113	1.090396714278471	104.50866147080924
146.51774638072214	1.0807341346539592	103.58255517418394
146.6394961239009	1.0770168883424927	103.22627710466891
147.3910772778361	1.1202883482833947	107.37361384834558
147.51900657334176	1.138739713160762	109.14207794988971
145.94675498130866	1.091011935073574	104.56762707567883
147.16724808458292	1.1001469597918265	105.44317007145817
147.03267506567494	1.102474276690447	105.6662308810775
145.74883032455153	1.095036065925316	104.953318378112
146.5280114027902	1.1184568630594804	107.19807583841906
146.32515775647894	1.118290404248252	107.1821216564927
145.9754298897145	1.1013213402146311	105.55572811977
147.92650379702803	1.1140660734606163	106.7772422667764
146.71353388127673	1.1448820600972305	109.73078887336715
146.07637605664934	1.115849376351542	106.94816225918576
148.38039584734912	1.096489909025242	105.09266142121939
148.47565363360874	1.0910722129057817	104.57340438175274
145.8080485417989	1.1075335364005316	106.15113371819216
148.25597802799587	1.0910913825933488	104.57524169322133
148.0090229514057	1.095834630233331	105.02985647276708
146.35616296295234	1.1200705224310699	107.35273641175566
146.1607677506108	1.0731473056950032	102.85539841653255
148.0344041206699	1.0959769793936645	105.04349987430446
146.6240976376025	1.096827066666605	105.12497616808362
148.24828050184922	1.0981623742251914	105.25295821697677
147.19690175730366	1.1024930359865324	105.66802885872943
147.453919493882	1.0915668677895227	104.62081439235973
147.51408477181536	1.1273753847081167	108.05286817921787
147.45527799585383	1.1153599994908423	106.90125811870477
147.4283966553503	1.0941835551633128	104.87160980593848
147.94615054369683	1.088327992446451	104.31038560773229
146.44556112156255	1.0791086647832977	103.42676262802209
147.8011822763265	1.086099493782922	104.0967959945528
148.3217282476054	1.0895881220867036	104.43116225742133
146.17897398164257	1.0729750097169752	102.83888477355772
147.25508103287117	1.0844497171162035	103.93867377269835
146.52998052468803	1.1321172056553603	108.50734621793664
147.74203717789806	1.1263951308500628	107.95891611822454
145.59076839702618	1.1012862263096177	105.55236264079899
147.22914074222206	1.0822418595291987	103.72706249570663
148.04524303435622	1.08688667833888	104.17224340116765
146.64851460729915	1.0800330151671687	103.51535664163511
147.2564448232918	1.1065902944367862	106.06072904823738
148.29387994656634	1.1002301425107712	105.45114268775512
147.7884049835905	1.085534757409178	104.04266904999126
147.37957084653837	1.1501372126062703	110.23446698185094
147.58995686479136	1.0897949864941863	104.45098909846814
146.1090056562679	1.0983230818518708	105.26836117879103
146.86825868571404	1.085790629900967	104.06719305237854
146.3688014868338	1.1121513571232475	106.5937270021994
147.22017002760973	1.121709834479086	107.50985565618082
145.34678265555502	1.1407884114512739	109.33843466418944
147.19785994392447	1.1392261924429987	109.1887043730567
146.73550590822768	1.105245782344132	105.93186479425107
146.38002554315347	1.0829974090460397	103.79947785393908
148.08019511367954	1.098230066768842	105.25944618327001
146.31108063883858	1.1005747764916651	105.48417400155948
148.1686772837557	1.1033947194171057	105.7544503667601
148.41929230331272	1.095516249134859	104.99934135656834
147.67930930298294	1.0848100497929114	103.97320972207697
146.3158340107657	1.1053452952259202	105.94140256884137
146.34913652285556	1.0737240686478025	102.9106780440238
148.3089584711992	1.0896372563269552	104.43587151013075
147.46501752079004	1.083138956419496	103.81304440851588
146.27389914005602	1.0782895190802098	103.34825191732543
146.50528102749846	1.0757275012502028	103.10269628553363
147.43585748348622	1.095104230262343	104.95985156326331
146.89394792143923	1.1367815455331771	108.95439811280418
146.26200524893486	1.1218905720255856	107.52717837809925
148.08907092533235	1.0873771954309364	104.2192568266926
145.97468529361967	1.0944389978751723	104.89609261623066
145.32543085789186	1.1368805686237555	108.96388894354088
147.396388181756	1.083621593254375	103.85930255376634
147.0927714219326	1.1132475809218072	106.6987941583635
147.0546220719918	1.1028443966285013	105.70170488682531
147.54572561266252	1.1346525249893356	108.7503429424546
145.57722155278375	1.118196268732524	107.17309927352257
148.0210664440524	1.086631527366317	104.14778855251822
147.64545888391854	1.10191166248522	105.61230733495636
146.46839174820823	1.1227672485139348	107.6112031051922
148.33346178148025	1.0892523924223942	104.39898437447877
147.91359194928265	1.0877212633324727	104.25223388483461
145.85606243151807	1.1392142092668427	109.1875558500615
147.72480367420016	1.0930184474092024	104.75994049305733
146.94889842156772	1.082216910807281	103.72467129487222
146.4493920499423	1.086251873873157	104.11140080678008
147.76004709509087	1.1095475421061456	106.3441653347883
146.1170540524217	1.1156094460296933	106.92516622805843
147.7670896595611	1.0875159088965907	104.2325517664459
147.31256818195524	1.1081208771592241	106.20742717149629
146.89372282955821	1.077734582575019	103.29506423746605
146.34908721907792	1.0885407484570313	104.330777127254
145.93630307395532	1.138866003500616	109.1541821998402
146.38172794156247	1.0751936203960564	103.05152667660037
145.68154779516433	1.1013668757276065	105.56009245382214
147.22170915131792	1.1301452813466306	108.31834787693975
147.16224723864607	1.1157038626120892	106.93421554975725
146.31000936467822	1.0817627762655195	103.6811449411464
146.20525574488636	1.1038700776221635	105.80001089448292
148.14034062280416	1.089533781246644	104.4259539801187
147.85688107426873	1.086377668928317	104.12345758635607
148.43512909679728	1.0952477455190632	104.9736067288687
146.46617854215188	1.0825102235195894	103.75278374106205
146.59531683065057	1.1197716054449633	107.32408682605916
147.09537394329902	1.1322575404268123	108.52079655113207
147.39429668381953	1.1024113375701585	105.66019850485206
146.79647240328438	1.1404608150151454	109.30703630743169
147.05612920728885	1.079635161951851	103.47722455039691
148.26689762286097	1.0955279580536474	105.00046359346969
147.32878546100568	1.0856721653420347	104.05583886144636
146.2063732109171	1.1395775261875218	109.22237782317704
147.825185574749	1.086063538801347	104.09334990291626
147.80634830387135	1.0848418975887233	103.97626216204448
147.91132899587961	1.1182049211964125	107.17392856565777
148.10910452579083	1.0885470314971606	104.33137932286343
146.2816992108325	1.1172213208246846	107.07965575932464
147.0959397329891	1.123352088932333	107.66725691432464
148.46350703902706	1.0912209421436365	104.58765927941177
146.5902802723627	1.0813120597546277	103.63794618729904
145.59837166311772	1.1389497539397366	109.16220922906314
146.34843395004074	1.1129974333869015	106.67481886230759
147.44583300780616	1.1437300646083346	109.6203763005958
146.14187135167288	1.1215150574720445	107.49118732746648
146.05158868938284	1.1410878390356147	109.36713318798094
148.17644824162625	1.0984397953075484	105.27954753589277
147.03939087899397	1.123063958157465	107.63964112897268
146.49643274274814	1.0870883439133383	104.19157196202573
146.70785934160816	1.1028880988958543	105.70589351414277
146.33293133789115	1.130108965409872	108.31486718968985
146.76340959592957	1.0855250794253228	104.04174146728197
147.39892349081012	1.0826608330800631	103.7672188575327
148.00978360885313	1.08646677001783	104.13199744664604
146.13099879066087	1.086484427883049	104.13368985807236
146.08456452858772	1.0842050443930742	103.91522320791049
146.63242942541473	1.0796061736169493	103.47444617438093
147.24553591288387	1.0804902407446328	103.55917925451102
146.79273080471486	1.1284653192253322	108.15733254158565
147.50020047650483	1.1079445340181444	106.19052562970653
147.67658835444576	1.0999901340235445	105.42813916489668
147.1065027260546	1.1198067808320231	107.32745819775371
146.43794984204922	1.0805026354645428	103.56036722176196
146.446586783882	1.0787716769065958	103.39446415218771
147.5289539465207	1.0890294682382615	104.37761829020126
145.84063509370526	1.1149493818961982	106.8619026303484
146.8298515130472	1.080210281766475	103.53234669193
147.70312951689283	1.084181415853601	103.9129585394641
146.91910423280973	1.077921378397327	103.31296761254238
147.13573012233982	1.0805220522814019	103.56222821924425
146.86823369262143	1.1125699765757175	106.63384942559853
146.15510153421383	1.1039880997255356	105.81132267842897
147.76502796676556	1.0871466258326523	104.19715797058181
145.4294763791569	1.1259857942362543	107.9196834049928
146.08676800205495	1.1192236798234116	107.27157110169566
148.2105309989229	1.1047313113312929	105.88255551423097
147.5004928568462	1.0832078689627238	103.81964930520806
146.19290438828062	1.1016716713270256	105.58930547299245
148.14313574533261	1.111068131799657	106.48990567996196
145.77116625217715	1.1323510016855294	108.52975431019351
147.14509582159135	1.0820204674454024	103.70584325500752
146.1142485603652	1.1075123777295879	106.14910577336266
147.18764897096898	1.0971517127655976	105.1560917508923
146.66516595982168	1.082625760948076	103.7638573822816
146.88480778056294	1.1012537455212255	105.54924953189656
147.10062983333677	1.1535143424380836	110.55814671576273
147.05656879994126	1.0872524244358464	104.20729819776747
146.50982353653555	1.1173396591726805	107.09099785361727
145.35698226054578	1.114131978586243	106.78355891866383
147.05771176519656	1.10176281852892	105.59804144215126
145.25402552324312	1.1347687647758442	108.76148390091365
146.55277529864813	1.116333002790775	106.99451525269194
147.5191337604779	1.0896607194345673	104.43812032282285
146.73355093558777	1.083727010812603	103.86940625984107
146.87570737164555	1.0787320499167896	103.39066611830835
145.7502987617025	1.0948190578770458	104.932519323643
147.47254933693023	1.1458335515074598	109.82198420840614
146.146309515072	1.0781796775863404	103.33772420080912
146.08924093905034	1.074435594718904	102.97887399171756
147.844456194849	1.0856564352077047	104.0543312126594
147.5607605022681	1.0884026505627808	104.31754118670953
145.96187072137158	1.1160204512546836	106.96455886869903
146.35372205279847	1.1141937377468103	106.78947820209521
147.57727930162528	1.122702187171301	107.6049673253672
147.1687598084313	1.0827607698981352	103.77679726413608
148.4154450639006	1.0975051201287795	105.18996394621024
147.34735177337623	1.1274629628387112	108.0612620720852
146.86718399781597	1.0912773609848339	104.59306672194901
146.64263868393013	1.1038043549704348	105.79371173173735
146.17312103734818	1.0890921192783354	104.38362305548726
147.06253521495046	1.09151346361782	104.6156958896822
147.0272154390258	1.078751137348974	103.39249554604083
146.951603610496	1.1393459520019533	109.20018268277717
146.97983194689945	1.1471537924756516	109.94852220563037
146.54990041872193	1.1467485384269367	109.90968078430889
147.82600648289076	1.0965363563118826	105.09711314387427
146.42930251026704	1.0743054007168793	102.9663955967399
147.83970814783117	1.1191556415741353	107.26505000137723
146.26377618354067	1.0937351855416466	104.82863598880303
147.55168281139774	1.1001603510499012	105.44445355153333
147.85107884083067	1.111849149602834	106.5647620364844
147.5579465580834	1.0875711920434012	104.23785035878333
147.14527208059025	1.0798136450483715	103.4943311954081
145.99265725402202	1.1324963984355396	108.54368980681306
146.3521934815547	1.1030367012870999	105.72013625423642
146.8248708351902	1.1478394361403983	110.01423746385728
147.9695296484331	1.0937985518256248	104.83470930637104
147.4928408906165	1.0918080790613893	104.64393319565797
148.01761029481384	1.0866533513043988	104.14988025962543
147.4131878740981	1.0831666327883154	103.81569703963795
147.14046302895431	1.1126395055253733	106.64051340153209
145.48089696877145	1.1253536527801355	107.85909604575548
147.32812752258678	1.0863225764856388	104.11817727198417
147.0139525142632	1.1258301988967776	107.90477042841569
148.31337925689127	1.092539327886078	104.71401946322426
145.45736454297455	1.1150831601094324	106.87472455269648
146.4782600133832	1.0762838139171316	103.1560158630953
146.28459080846798	1.0968532869707135	105.12748924323311
148.06810585583858	1.0872185823488087	104.20405461571025
146.13840209459008	1.0770964374592358	103.23390145973448
147.2920222329521	1.135933491600581	108.87311670376279
146.56600008077143	1.128109455192465	108.12322488768909
146.41310023443955	1.1006141003024341	105.48794297735847
146.32725190946053	1.0970864978836263	105.14984125514744
145.53872134495117	1.11849086934919	107.20133515841938
146.69594061734648	1.0774088459812587	103.26384413659802
148.37726930961526	1.0898412821837318	104.45542629135667
147.5315620828544	1.083729185634734	103.86961470484727
147.2201195656244	1.1370690539978712	108.98195425307244
146.46941802719823	1.1290938302910323	108.2175719474237
146.56957044887486	1.109038020052461	106.29533038589021
147.29757166876686	1.144215308621789	109.66688432989264
145.17064391885063	1.1254836642575585	107.8715569467316
146.8860205023517	1.082181212039503	103.7212497599503
145.4504749595552	1.1158756999287796	106.95068523250931
148.11228508721936	1.0926505628612138	104.72468073742652
146.88246996404376	1.0821338883170584	103.71671403563663
147.20627035917823	1.1180655456994328	107.16057017376203
146.88039480558135	1.0777430282187888	103.29587370700504
147.19340962964395	1.111142113328448	106.49699641166198
146.4314271009667	1.077138865530169	103.23796796217708
147.34789612183428	1.1232467806085773	107.65716367778668
146.74335172583125	1.1182822475202552	107.18133987797691
147.48201393762898	1.0893830186476776	104.4115041957315
145.24054573065195	1.1382565684756376	109.09577112992419
147.2109366332834	1.100758068886945	105.50174159199483
146.73243029648376	1.1112450069773625	106.5068582146013
145.4047114470629	1.129815316097941	108.28672248223627
146.85517708532277	1.0939384349454624	104.848116351188
148.44256728205875	1.092179878352395	104.67956815835548
146.30521978214705	1.1328629661898915	108.5788233548548
147.84621441428658	1.1069578084236573	106.09595328757774
146.2537665612784	1.073172835392216	102.85784530072482
147.36933467841288	1.0957839762434434	105.02500156022745
146.17109664166256	1.129881728241394	108.29308772905587
146.20130189575076	1.1437721787655486	109.62441271609649
146.89103433692415	1.128692090442346	108.17906734327745
146.81412531244567	1.077929538563548	103.31374972059349
148.18042503859797	1.0886453731687913	104.34080484325828
146.30385319904465	1.092243767778914	104.68569161632286
146.2435874680205	1.1340086745778573	108.6886333428108
147.79107028409646	1.0903166483438003	104.50098758152447
146.59093771601746	1.1427944479554037	109.53070247567757
148.2018970643627	1.0889905661073833	104.37388973015224
147.02293615442437	1.1207042050229092	107.41347148056435
147.13654826771622	1.0795802134419208	103.47195803120492
147.2816714218803	1.148199673512597	110.0487642788112
146.15326203325776	1.073333644114037	102.87325795196475
148.1986047952225	1.0988110691319242	105.3151321354395
146.9663854245833	1.1164808893143205	107.00868938071612
147.1810826635882	1.085809952937028	104.06904506147563
146.44217539668634	1.0844528091971994	103.93897013203417
147.43776099950875	1.089818603140593	104.45325262702805
145.91270213779032	1.0884696800298284	104.32396560067603
147.1388895220972	1.08213817864772	103.71712524075934
146.1037022299505	1.1199116457774025	107.33750893885858
146.44802028603746	1.0745831528352499	102.99301664367765
147.88539235667866	1.0928264027144041	104.74153404177852
146.09608519150387	1.0896664138965497	104.43866610638197
146.91120900546466	1.0906772191156302	104.5355463510402
146.8155853245085	1.083477304057482	103.84547321015725
146.90088892014853	1.0959637558103987	105.04223246495806
147.0620453047398	1.0815403384802966	103.65982547558879
146.5584637433956	1.0792316116793623	103.4385464268647
146.15950443083878	1.0878901298434507	104.26841883183461
146.86659668143423	1.0860628419324538	104.09328311178024
148.004536690566	1.1139419300312379	106.76534378665
146.68386400652832	1.07926499143219	103.44174569667408
147.66778818685182	1.102237162923291	105.64350480157151
145.91318961508463	1.1293481823858766	108.24195022793978
147.84640692527765	1.0854448265779704	104.03404966342177
147.71889474112774	1.127338806474985	108.04936235227112
148.15167775747756	1.0928308033299141	104.7419558171109
146.51718925160654	1.0843661867453749	103.93066783583781
147.07449605485883	1.085336084035823	104.0236272755184
146.97186119492568	1.0812869233585891	103.63553699890934
146.67880318028003	1.1396091249916684	109.22540639863239
145.9504022266154	1.0826901177529047	103.77002563594664
145.85707247873043	1.1366074815890506	108.93771501978605
146.91591340896883	1.0918080785705795	104.64393314861648
146.27339477383475	1.0837702539118295	103.87355087836278
145.89296445481233	1.128403119782897	108.15137105950484
146.30996011141627	1.1390093810578479	109.16792416769012
146.86148616860706	1.1383870587799019	109.10827792387818
145.8988603402169	1.1039883960207761	105.81135107673444
145.8788374654438	1.0912141993393065	104.58701301787607
145.25059822705663	1.1301942449010614	108.32304077033112
148.401481158794	1.09997011945311	105.42622087594857
146.91028320862964	1.0883119911303765	104.30885196763339
146.94376411205226	1.098013085363329	105.23864968236599
147.78486863863105	1.084641057408898	103.95701271082342
145.6818748942667	1.1163587257257614	106.9969806576857
148.11969456870048	1.112430726450229	106.620503049886
145.72313555092032	1.1209570486493614	107.4377051824968
148.03321720119578	1.08693119893451	104.17651046084994
148.0274250833743	1.0907975429949508	104.54707874783314
148.20959749939288	1.0916712347511972	104.63081740440438
146.95615027301628	1.1218268200649038	107.52106809549315
146.82462119458268	1.1320341320495546	108.4993840595473
147.2506111847768	1.1146872349592587	106.83677725613417
145.79440191191964	1.1144345899009094	106.81256258588658
146.37688000710992	1.094652998732666	104.91660344763488
146.7365145644505	1.106333375344977	106.03610473486623
146.41984211142915	1.0746776892279446	103.00207744854934
146.1804465609557	1.080349650626647	103.54570444772344
147.51960435673803	1.139932438994462	109.25639430718371
147.96600120778947	1.1038894145646925	105.80186423644018
146.6885897162808	1.1417256597508123	109.42826487366082
146.4985363436627	1.0849572458042251	103.98731766821695
147.84491820040245	1.0887168246139312	104.34765308004583
147.48611814415224	1.1054476324675155	105.95121104313122
148.01563734438912	1.0955103504614543	104.99877600044253
146.02671945840993	1.0788071085601796	103.3978600856505
146.4962223890736	1.1317384336150622	108.4710429547153
147.21417814927773	1.136329444657995	108.911066675084
146.46232119524603	1.147728565364937	110.00361109623533
146.89195965674105	1.1056862365304603	105.97407995947454
147.69268707692558	1.0926394725098179	104.72361778688345
146.62715199900808	1.0757838045239831	103.10809265155541
145.9981286396739	1.08519193694093	104.00981155162185
147.67625623386778	1.1333727270681488	108.62768119380394
147.98707398856817	1.0886735473581808	104.34350518780498
146.3120164891304	1.0977059356784067	105.20921103675923
147.32969647211308	1.0810741187430664	103.61514082086528
146.51767209636688	1.148404286643197	110.068375347075
146.63655254031164	1.0909684353997622	104.56345786586282
147.51037160393523	1.0965616370823612	105.09953616977766
147.8552507062611	1.1220166752921925	107.539264698085
146.3770897014334	1.0851081711984496	104.00178305565419
147.30844542801577	1.1366755646029707	108.94424041055485
146.6170958880894	1.0793395039578257	103.44888732156623
146.5235286264986	1.077390000931978	103.26203793996343
146.54526637367485	1.0784265729846414	103.3613877970598
148.45106439630072	1.090135021919863	104.48357966548359
146.3805559924694	1.0786517407916114	103.3829689205212
147.40350016777256	1.0855911547983186	104.04807443646422
146.78433850958348	1.0979519274127798	105.23278802168184
146.827804236965	1.0960263218011874	105.04822907872743
147.623589741305	1.0960953868248886	105.05484858985302
146.0066181483855	1.0785478323909936	103.37300985908793
146.5988155248744	1.1243956221608917	107.76727396269695
147.95411781067332	1.117070490502602	107.06519948404093
145.15346255047373	1.1356765746967372	108.84849260009634
146.20632409084686	1.073316190993061	102.87158516417311
147.43947424860278	1.1349321463772988	108.77714314883085
146.9059923149595	1.0846744843194034	103.96021650044263
146.9936594834951	1.0795807175764571	103.47200634978925
146.90325290604255	1.1343357727482595	108.71998394347813
146.0887879634659	1.0745268824597982	102.98762343078376
146.3015633585551	1.117569150353237	107.11299334918805
147.5257989870373	1.0826295484749262	103.76422039636283
146.1623990890628	1.0969438398273912	105.13616824759897
147.1354154558562	1.136061294397242	108.88536591456501
147.3356818707099	1.0856641325000431	104.05506895673795
147.76607800677994	1.0872311404862196	104.20525824564987
146.27736837573434	1.1116148275147641	106.54230352440659
146.80207302677462	1.1145718104406912	106.82571443672317
146.87047064056557	1.0808076055757212	103.589596966946
146.99949040165703	1.1080024803414161	106.1960794731866
145.66713392121733	1.1071768988877886	106.11695193040889
146.23360769942275	1.119620554716259	107.309609425986
147.50083608893104	1.1106532488594107	106.45014138116647
146.9345491734726	1.0826677939277645	103.767886017353
147.11521946252807	1.0964423923790054	105.08810720619769
146.56937208624973	1.0928253028110655	104.74142862195822
146.08477262902557	1.144250745300289	109.67028074496663
145.61382449278807	1.1345790583719837	108.7433015622471
147.28802816847042	1.1041367174133436	105.82556688461587
147.78940444821717	1.0866420119190647	104.14879344051855
148.05257406780416	1.104269654554886	105.83830819476512
