132.02971791861128	1.0087373514014137	96.68205066110274
131.399225995166	1.0062817797669823	96.44669732474392
131.49075485107875	1.0201460742778066	97.77551539856042
131.17942706340088	1.012671862101719	97.05915235395182
129.7831876232164	1.0150588543497072	97.2879327249047
131.47117166956798	1.008848245520792	96.69267926611361
131.16056319171395	1.0060431203653868	96.42382310448853
131.81536121686156	1.01786500138161	97.55688682789693
131.4287343922504	1.0093268956572718	96.73855530776092
131.5168840945285	1.0097945374551447	96.78337625934991
129.87197405323545	1.0186497663382286	97.63210232892646
129.62889550583958	1.0086400726540126	96.67272701627942
131.94209264504647	1.0120470544032856	96.99926789595146
130.1024767243055	1.0100029990355477	96.80335618083237
130.25924690562448	1.0275619100392204	98.48628337774086
129.43413164344028	1.0201626508179351	97.77710417079162
131.38720789645188	1.006267175037935	96.44529754000146
130.66175889762454	1.0091460085042074	96.72121824685776
129.13942199603176	1.0203292515628657	97.79307195630008
129.57284477491476	1.0096727871786049	96.77170715005396
129.71332767243905	1.020024774672585	97.76388948368682
131.45727193032187	1.0271457954988499	98.44640103669634
130.30922567538968	1.0095947015879125	96.76422306609024
131.36321476202167	1.0091338623395203	96.72005410228834
130.011045498511	1.018489918082393	97.61678173318634
131.69853017509422	1.0071482367845137	96.52974257051405
130.24547387028502	1.0064633344450957	96.46409836433341
131.11793758986124	1.006229957078585	96.44173039873684
131.68948372150768	1.0252865534637332	98.26820268567796
130.83821965870698	1.005413281278452	96.36345641495653
131.85382651874994	1.0131038498652092	97.1005560580743
131.42686695125278	1.007438609287816	96.5575732134816
129.19645638126886	1.0126580188635126	97.05782555401154
129.190181567586	1.0059305538773113	96.41303421193119
130.49169105092167	1.0098884323131498	96.79237557657146
131.28116246377226	1.0149794622975008	97.28032342363035
131.03018879058573	1.027559547094104	98.48605690215814
130.9077172781454	1.0204954445789383	97.80900066319008
129.46951393068923	1.0119804284728124	96.9928821587956
130.81310861240232	1.0280391329283347	98.5320226254032
130.79902278754432	1.0098033649953027	96.78422233160408
131.0011491988592	1.0065961387628721	96.47682694403895
131.7329256345626	1.0193724894061675	97.70137144855542
131.44143441592104	1.0070950424473584	96.52464417934951
131.57181270167882	1.016018332653939	97.37989356078442
129.69079641661523	1.0036713472939651	96.19650140976863
131.4698590421929	1.0094968639655493	96.75484585610714
130.7479562752256	1.006500330279451	96.46764421611181
129.24641931642012	1.0055984730218859	96.38120604769873
129.40592714450054	1.0211120621185752	97.86810013851225
130.7430699448933	1.0229610937763411	98.04531987976773
131.898031506529	1.0255903572401779	98.2973206439497
130.4194404041344	1.0090595787901127	96.71293442353634
130.5004392911929	1.014786027682407	97.26178375596548
129.38184299071276	1.0201935667694877	97.78006729849784
131.44465081341824	1.009221155263781	96.72842065966228
131.69842955031143	1.024020801025216	98.14688712101179
129.932348244605	1.00608095988294	96.42744981876456
130.100780122536	1.005660756588221	96.38717559260296
130.6487313239169	1.0049637186690954	96.32036825636622
130.09980682798596	1.017549718766239	97.52666868464141
129.17903457948034	1.0026904298591408	96.10248574851025
131.56570518910073	1.0089802389186402	96.70533012350472
131.79537681638703	1.0161834622770076	97.39572034717335
131.83944057645456	1.0071687696905278	96.5317105391401
131.48236654414086	1.0252887451978983	98.26841275161165
130.5770666098367	1.0185188491824886	97.61955462355392
131.72611645254156	1.0240948108830497	98.15398056789817
130.88054725360408	1.007482238143397	96.56175480467547
129.50008101746192	1.0126859785952071	97.0605053439414
131.90304192810828	1.0184656419492206	97.61445499636632
130.27937901689867	1.0104994068820037	96.85093420348906
131.5734378172323	1.0212881458217546	97.88497681457439
130.52980902966954	1.024803733897349	98.22192702659537
131.71621513947534	1.010088803336733	96.81158006168957
131.27014756141958	1.0100915873497	96.81184689436148
130.4754281031554	1.0066883885413427	96.48566858923348
129.7501143557744	1.0160998926538949	97.38771064819245
130.64853327400786	1.0053561804297786	96.35798360567019
130.44437690347814	1.0125053638335697	97.04319439029176
131.36694604172405	1.0181477349258774	97.58398531771937
129.7129014811322	1.0034174176819808	96.17216362196281
131.5724700468662	1.0245129219113651	98.19405426157611
129.35613293822988	1.0064910905414033	96.46675863690646
130.57610440515273	1.0114820055358311	96.94511100054818
131.13675292446015	1.0127294997223566	97.06467660994444
130.30945855444494	1.0101530170182396	96.81773459775383
129.59569218211428	1.0041627451873965	96.24359925536888
129.2493474877851	1.0047054237750137	96.29561207974561
129.31798287558914	1.0095768709967392	96.76251409981002
129.67958679407516	1.0206274109253324	97.8216489278448
130.6365163451458	1.0152044044052808	97.30188291503809
129.5268448910115	1.0035417576485677	96.18408093912375
131.83508600540088	1.0197092661340827	97.73364968691403
131.21873290863584	1.0255938815360313	98.2976584287554
129.94767061876672	1.0074133832911756	96.55515543735604
131.6636319624652	1.017760822382442	97.54690183104776
130.31735900428208	1.0270979780304703	98.44181798948993
129.7314343566355	1.0034227139482252	96.17267124060174
131.45350812010332	1.0063840056749602	96.45649512830526
131.6198439076999	1.0266014895188706	98.394232235513
129.6312810841514	1.0046127072253315	96.2867256970405
130.58018712584985	1.0058810425731544	96.40828881967406
130.39071969994063	1.0159050702150723	97.36903796508619
131.03439914573644	1.0063771657778167	96.45583956094549
129.51368742784373	1.0274826063548061	98.4786825460442
130.50958394865467	1.0257750076960868	98.31501839719337
129.56702334647295	1.0032218063296643	96.15341532574054
130.88240822957897	1.0055583944324646	96.37736473042474
131.01329574995378	1.0073351921646212	96.54766123834746
129.16323796258752	1.0078296754122997	96.59505479856085
130.80756777107763	1.0125343983975603	97.04597719711731
129.74927928810544	1.0034789993015687	96.17806588904601
130.0863964250158	1.0082231362971446	96.63276590854292
131.00496851384048	1.005744130952153	96.39516657704138
131.44347539754764	1.0085029303625686	96.65958266512521
129.69276694214574	1.0142692453146445	97.21225294500528
129.4542265764531	1.0211839125954543	97.87498662034618
129.51814970669628	1.0190113030952048	97.66675368292388
130.49113422002904	1.0176775095627137	97.53891674529032
131.19770633793212	1.0113316031895896	96.9306957444474
131.7989041002944	1.0256306909903392	98.30118641700851
130.8890214413724	1.028475601531283	98.57385579389211
129.23823519660414	1.0029428298108278	96.1266769266023
130.14975750132967	1.021189843330252	97.8755550493841
131.67789624049675	1.0088724979237902	96.69500372852403
130.30233819253095	1.0107788139044533	96.87771386408357
130.65898571096994	1.005155214011662	96.33872205518776
130.12642118095982	1.0158776568499874	97.3664105414578
129.98706131004025	1.00528523070582	96.35118345615989
131.77657096571488	1.0196142010654314	97.72453821129486
130.4493760840372	1.005180877044046	96.34118171883918
129.46473627176482	1.003074216904057	96.13926967295608
129.60791660054022	1.0060553784700532	96.42499797790303
129.28829850820424	1.0028160992047503	96.11453047950181
129.47650405983433	1.0098916114924574	96.7926802838121
131.60481604290376	1.022255983119871	97.97773881506757
130.82224208402891	1.0069504437419272	96.51078517101142
131.50202606926263	1.0084440450886878	96.65393882827847
130.1329334595969	1.012925752970607	97.08348642844021
129.77803276415418	1.003530829928722	96.1830335759402
129.14475874942536	1.0249753276153137	98.23837336171952
130.27265571121745	1.0055557543116165	96.37711168903864
130.83354333720126	1.0113081534095665	96.92844820913304
130.5229618285791	1.009934220881534	96.79676416462371
130.57630224049967	1.007467591730741	96.56035102478326
130.3490596753217	1.0215453627493658	97.90962967390556
130.3676497560929	1.0275095792408164	98.48126775212197
131.36037549252225	1.0262409605015075	98.35967746793838
129.83478416039216	1.0041288222832927	96.24034792743046
130.7852646977558	1.006281830324745	96.4467021704336
130.63824448936737	1.008366771031743	96.64653252546044
130.741095680775	1.0220717773778076	97.96008368525456
131.66152916313652	1.0082132689876344	96.63182017998768
131.12413925348213	1.0062127280662445	96.44007909055274
130.78168355113334	1.005219374707785	96.34487151288795
130.8724264222282	1.020763592473804	97.83470119695149
129.61311196697588	1.0053711176980984	96.3594152625137
131.59750892372165	1.017589114781286	97.53044458083215
130.77959087977055	1.0211149180516412	97.86837386433889
130.28277225723534	1.0202296200480292	97.78352281137006
129.6245679752047	1.0063334969579525	96.45165413938996
131.88807606607352	1.0094737943624914	96.7526347587105
129.27356250714467	1.0068187181091082	96.49815997745843
129.6815215000187	1.007724484423532	96.5849728079505
130.30996014282977	1.004605514243903	96.28603628845072
131.9315243775377	1.009157308698666	96.72230130972999
131.34266015617612	1.0066777956242932	96.48465331509755
130.49693626544908	1.0046519211497311	96.29048414082187
131.3414865830273	1.0210202619110316	97.85930158227349
130.48146226565024	1.0162731551807875	97.40431692967836
129.80828308338974	1.0035663177383656	96.18643489165936
129.58439161138278	1.0119455308870549	96.989537412862
131.75700151545126	1.0082355609889702	96.6339567484408
131.59386480722654	1.018688038557777	97.63577051536186
131.1738553499424	1.0176792853183534	97.53908694191927
131.06388823516482	1.0068360240853607	96.49981866221957
130.28167995547824	1.0056043861399415	96.38177278826664
131.4388012799903	1.0073705981544072	96.55105471207325
130.353334760802	1.0258190900843598	98.31924345705693
131.27779963145136	1.022300872110626	97.98204118344152
130.60210678359562	1.0070544803504065	96.52075652047877
129.61694224788653	1.0045943289738442	96.28496424046422
130.97329842130216	1.0215753721636671	97.91250591489113
130.1332104016011	1.022799336650332	98.02981632908642
129.84491596441464	1.0070931354926969	96.52446140799982
129.8308972890104	1.0188806215385604	97.65422855845772
129.867951590465	1.0037205846914006	96.20122054953943
129.33823867294066	1.002973804360579	96.12964567063074
129.11427600739282	1.0223854904008876	97.99015139152944
130.97422116316085	1.0071011079332948	96.52522552355944
129.2197715189896	1.002723818779973	96.10568589702356
131.51174861484063	1.0222735708261497	97.97942450213675
129.85957814902946	1.0242667665485026	98.17046159374269
131.04823636009343	1.0219991888486872	97.95312646508215
131.35114872196823	1.0132872688096763	97.11813577756872
130.48665279768494	1.0181538652715934	97.5845728783904
131.54950344977203	1.0190553725272071	97.67097750099856
131.08414700243532	1.0089532356743875	96.70274200775268
131.02693839948384	1.005592447836153	96.38062856604658
130.64349220147258	1.0103999078019859	96.84139775172424
131.39513777131677	1.0067016023686421	96.48693506352298
130.30018879679164	1.0066146533894618	96.47860147143543
129.5207528350806	1.004876173610852	96.3119775333059
131.89056248693353	1.0183527400200758	97.60363395358631
130.53190286730927	1.0060323948968877	96.42279512600895
130.66207403976694	1.0057241069494003	96.39324738405632
130.45892671952657	1.0056967285230483	96.39062330911759
131.44646409361374	1.0272853063171257	98.45977239841065
129.34200085771738	1.0270901709159088	98.44106971954186
131.4326698584246	1.0092750023268446	96.73358161109509
130.67366330080225	1.0053702922179415	96.35933614467966
131.03140206961532	1.0149112232182067	97.27378307483468
130.33184556389693	1.006531051914631	96.47058871963866
129.21881936932468	1.0030670540942002	96.13858315614924
130.68090423449803	1.0153130769622478	97.31229859523823
130.22005615146506	1.0043219315847673	96.25885641553428
131.46334187620167	1.0238504007566962	98.13055517159916
131.12899037841837	1.0067418560079042	96.49079315838287
129.20467970322574	1.0164422646054665	97.42052515865029
131.84204429311978	1.0286983404042471	98.5952041170906
132.02803521531837	1.0116243697931782	96.95875584905312
131.32145722251897	1.0062562140056819	96.4442469840028
131.17189538101331	1.0059502580513	96.41492275104908
129.9289902523096	1.0252530722606665	98.2649936924087
130.18923843996538	1.016887505818266	97.46319913461886
130.45265222990514	1.005147255373394	96.33795926250724
129.42210575919898	1.02594961231459	98.33175331094306
131.9244553584407	1.0151377966810031	97.29549892284815
130.43931527541125	1.0067993878596273	96.49630727699382
129.75220206923407	1.0232562935821103	98.07361319371796
130.66027324757889	1.0058204857062403	96.40248476962404
131.19658983073285	1.0288121615346912	98.60611326037214
131.45304335481413	1.0221694294823256	97.9694431143498
129.86054802775251	1.003677802152347	96.1971200732336
130.22976225010987	1.0068791588907096	96.50395290135546
131.81389493247067	1.0115734078101544	96.95387141702763
130.20301793100796	1.018780466314075	97.64462921877409
130.0042862761295	1.0265394668520547	98.38828769642468
129.8420870925885	1.0219461358074466	97.9480416163712
131.79299486433808	1.0100411967370104	96.80701722510997
130.85840926595216	1.0055130406151398	96.37301781092366
129.6898910588782	1.024796606484917	98.22124390244132
129.33921010971207	1.0030502122941496	96.13696896018092
131.4450608472196	1.0063603118892472	96.45422420635767
131.87119665241426	1.0247764362456206	98.21931069346992
131.7448434403696	1.0085971588592135	96.66861395981624
130.82129438274822	1.0139938610971677	97.18585884863482
130.21982357998655	1.0155117334851784	97.33133875468852
129.41220364765113	1.002973520311915	96.12961844609377
131.09059016421304	1.0089907050073779	96.706333241829
130.2427983425412	1.00747209903507	96.56078302566526
131.11508175761668	1.0062928715610184	96.44776041355632
131.43631402133073	1.0067088555267885	96.48763023972754
130.28781318992057	1.0162379958150454	97.40094709354095
130.60076639308173	1.0087060835565846	96.67905380631827
131.7158491312629	1.0118993528887585	96.98511150004683
129.7140202389288	1.0161028252244795	97.38799171931313
130.85831895884195	1.0053540984052927	96.35778405481928
131.83207006564004	1.012842391370194	97.07549666731643
131.73676984640764	1.0209266827568175	97.85033252356264
130.05377428343604	1.0125387364722518	97.04639297824855
131.36902108984975	1.015925337116153	97.37098043856982
129.6817788732427	1.0037516868891228	96.20420152793946
129.7881028743549	1.0259505614309645	98.3318442786437
129.5452837010871	1.0084185181607102	96.6514922095025
129.1769992333678	1.0060489172191087	96.42437870174527
130.19993272703618	1.0079096625052755	96.60272113129312
129.23118068710966	1.0029730642380599	96.12957473386729
130.90266553781586	1.0145557592626389	97.23971376619586
129.5717991855448	1.0035646233990712	96.18627249834927
131.19386672230942	1.0207171332964238	97.83024833463314
129.96605308746166	1.0056492795821983	96.3860755832931
129.49002620199653	1.021159976031229	97.87269242938375
130.3564538620898	1.0137143434760796	97.15906858775554
130.80395835132376	1.008984369864755	96.70572605247573
130.70097401808655	1.006528537619292	96.47034773795099
130.77435948976748	1.0284057577777603	98.56716164570072
130.6296942126204	1.00931738902366	96.73764414805099
129.2684541620239	1.022357413876264	97.9874604076254
131.3630691554441	1.007261021324287	96.54055236215407
131.717450432581	1.013916900937177	97.17848263115188
129.38996438728893	1.0130992192905308	97.10011224239223
131.39990890840252	1.0086753828800088	96.6761113115609
131.77961177181695	1.007109427115233	96.52602287241194
130.63366320492335	1.0169445780895026	97.46866920491156
131.5466012572007	1.0268078677927235	98.41401248326555
130.6739244650876	1.0209020522029433	97.84797181742424
129.79697432497485	1.0052565159340479	96.34843129969882
131.5233610353705	1.0130888553746642	97.09911891678821
131.7573311338865	1.0080200398681933	96.6133002079761
130.68150768114324	1.0051668152704676	96.33983397345867
130.2646978283815	1.0056621134602375	96.38730564148918
130.66406397167887	1.0116214338369747	96.95847445343907
130.02529734559673	1.0229895398919888	98.04804628698398
130.6220628902599	1.0048404727972275	96.3085558023006
131.71908837634953	1.0136685856803458	97.15468294909635
131.79568830896918	1.0299007541231076	98.71044900608075
129.41558965790378	1.0081953109164423	96.6300989954332
131.76783402991782	1.0281115952413091	98.53896774843673
129.51657371039215	1.0223215616044339	97.98402416016555
132.03444443827124	1.0081902173670894	96.62961080611822
130.66044432074696	1.0068067009878718	96.4970082010098
131.02710136791893	1.0115431793834202	96.95097418487809
129.1825415045189	1.0071591502833637	96.53078857069164
131.10992344218437	1.0208475061272935	97.84274386939396
129.31050543029843	1.0102344119884263	96.82553586794594
129.85956925112296	1.005489653849374	96.37077631518702
131.4628588116524	1.0064731661641175	96.46504068173174
130.2122028331804	1.0175950496724204	97.5310134082326
129.84067270037855	1.0035937899337666	96.18906795385719
129.30959618506867	1.003123503073204	96.14399348723317
130.5721658049961	1.0224824823750087	97.999447550676
130.10804901937385	1.0185302437487307	97.62064673145412
130.66571178828886	1.0086077478035687	96.66962885319077
130.1021820483306	1.0203663344442178	97.796626151065
131.02838702193776	1.0144741873027276	97.23189553249041
130.81698928168333	1.0078935031651781	96.60117234544141
130.3163109322494	1.0119108919078261	96.98621745297355
130.59837354797568	1.0251991740075785	98.2598278346873
129.95061967871163	1.0176006262598205	97.53154789414687
131.44547088361207	1.0075459257819979	96.56785892235601
129.56282371528124	1.0114718052141427	96.94413335456643
131.11351336926938	1.0186095746336845	97.62825017017624
131.4519224639928	1.0112004033538602	96.91812094571797
130.69422636512604	1.0109605410589029	96.89513143460239
131.38410358201554	1.0101831649542665	96.82062411530191
129.97279961494925	1.0214524581606799	97.90072526867311
130.2658614648399	1.0096333889247895	96.7679310392893
130.16663040153105	1.0158395791162718	97.36276099544361
131.4436758545623	1.0221324558080114	97.96589938649218
131.1112923053676	1.008183837504927	96.62899933063758
130.48131858881146	1.0137282382255572	97.16040032477416
130.35070873279236	1.0284226263439433	98.56877840705891
131.5871159718809	1.016365418020664	97.4131598267384
129.81176854743504	1.008516640674965	96.66089672484141
129.81112834691262	1.003911536850217	96.21952228711945
130.2534115932668	1.0213908987068805	97.89482512606152
130.85909560401362	1.0190479091668534	97.67026217804278
131.5140198513431	1.0190749733754025	97.6728561368948
131.91706585762105	1.0081661402027855	96.62730313939429
129.36200742520472	1.003058711620262	96.13778357488378
131.10237254427713	1.027448136677056	98.47537881279203
131.66861495679248	1.0171941475323787	97.49258909395512
131.51893657604222	1.0115799039499975	96.9544940370987
129.23307651684414	1.0115689159320425	96.9534408946656
130.472312460718	1.015667401733918	97.34625871922643
130.63838850340514	1.0092234946574128	96.72864487796181
130.17937722647514	1.0070272602146364	96.51814761684109
131.93146929124367	1.0109229732432374	96.89153076149124
131.4372250940261	1.0279860434116175	98.52693428071395
129.37381089573813	1.0029378254719488	96.12619728763151
130.45624271019173	1.0085029988987668	96.65958923395128
131.19202414986637	1.011793054462791	96.9749233675361
129.4771677161961	1.0152864881554458	97.3097502010872
130.2464492562001	1.0158432928755436	97.36311693929915
130.05291766066637	1.0150016116182443	97.28244631691595
129.16914035457935	1.0056597517889818	96.38707928799917
129.67533595623786	1.0206449611630013	97.8233310237492
129.54998717883262	1.0193339187059143	97.69767465434954
129.18133432715956	1.0029987128058737	96.13203301116744
131.1447703498755	1.0094316104455021	96.7485916571105
130.90726540730216	1.0064436753120392	96.46221414214665
129.89755603018372	1.0044505893377427	96.27118756930173
130.89167775346397	1.008430468155966	96.65263755228683
130.30788215805777	1.0055827357327358	96.37969771316072
129.76381446443762	1.007626438037327	96.5755755890758
129.39365865408698	1.0128230387802866	97.07364182564208
131.6752900306257	1.0084402861382256	96.65357855309037
129.26620449082952	1.0180839500007788	97.57787187565118
131.33500956748844	1.0185941711171034	97.62677382594413
131.58962729638617	1.0076713965550534	96.57988462123609
129.89880243856786	1.009512911991878	96.75638397313271
131.08071272002206	1.0196674506009336	97.72964189292414
131.2963064453188	1.0114437591766139	96.94144529268645
130.30682527653732	1.025558008815992	98.29422022144466
130.03868680529231	1.0260320724019165	98.33965666688536
129.21747051273766	1.0084868334431545	96.65803986196033
131.29358826901506	1.0197342844354105	97.73604755656075
130.5076255575651	1.0047225408774318	96.29725266196542
131.63212459283204	1.0153376767631943	97.31465635387389
131.49032629168175	1.0107284518050723	96.87288692767937
130.00868236973994	1.0057414106559188	96.3949058512757
130.92639128228345	1.0264771556505787	98.38231550284081
131.81998939717116	1.0075273092355759	96.56607462649167
131.7890098732532	1.0252854176846338	98.26809382735891
131.39356264455813	1.0225843977914526	98.00921559529345
131.98319791892112	1.0151195314551098	97.29374829916728
132.00188088146183	1.0076689127270764	96.57964655968124
129.66556623281417	1.0055619423113513	96.37770477553735
129.96634717583697	1.0142018805031252	97.20579639007445
129.5615479283234	1.0032992361186812	96.16083655464021
131.97720729852546	1.0139752546981198	97.18407552534173
130.13731106205802	1.0109333090750843	96.89252139539299
131.26253273365344	1.011413702683969	96.9385645394948
131.06118874556344	1.0288917467755856	98.61374107774338
129.86955342790802	1.0036450846336293	96.19398427500252
130.9371497594395	1.0219728914001476	97.95060599605377
131.51731282973319	1.009120706991428	96.71879323291638
129.13162894920364	1.0136208529185373	97.15010802055926
131.5062304806323	1.006829163122277	96.49916107580273
131.63360501197982	1.0128254444333906	97.07387239455574
130.55888597830344	1.0183684080380924	97.60513564885866
129.50344474870303	1.0215171290612572	97.90692362672661
130.34570791103076	1.0044216740290777	96.26841619245786
131.32148450628782	1.0199313382769972	97.75493410762262
129.8034375149895	1.0039057038839363	96.21896322866814
130.064786414231	1.0041183526810948	96.23934447235992
131.78556557479823	1.010296102399736	96.83144856213066
131.03301377335117	1.0061229581233713	96.43147512426495
129.26477532546258	1.0089659296026647	96.70395865251662
131.39141397826987	1.0069825702179138	96.51386432097507
129.6127484559565	1.019938322940731	97.75560355008156
129.36228128552207	1.0178373438304857	97.55423600034976
130.22630009960244	1.0119679988103203	96.99169084248605
129.39404753565518	1.0030184878252855	96.13392834043817
130.33528624276838	1.0044846239536345	96.2744496042143
131.98559616267028	1.0103697164797363	96.83850407584002
131.5339809723182	1.0220898754898333	97.96181829196986
129.35850917496535	1.024622278274724	98.20453548094179
130.89070195295687	1.0064922747664549	96.46687213850952
130.5052001065878	1.004797970825447	96.3044822168592
131.65709522438186	1.010805346051012	96.880256827655
130.9433072897309	1.017630687660508	97.534429117748
130.0493842055413	1.0085975701598509	96.66865338077055
129.7319050695115	1.0092636913418453	96.73249751400758
129.80070814332095	1.005409731513645	96.3631161890886
130.2005676415976	1.010039342420854	96.80683949887795
131.43435525833905	1.011896972489648	96.98488335159264
131.39663099030807	1.0168516166277781	97.45975934870422
130.28956820320124	1.0063578746786441	96.45399061282743
131.02790716221998	1.0082792781254597	96.63814680088505
130.86119078524422	1.0062152974388343	96.44032535109872
129.40211731741076	1.0284637423271044	98.57271915294426
131.80546444851882	1.019646370611998	97.727621489342
129.64850580474146	1.0247636081243032	98.21808118702471
129.99142954969287	1.0249570675486264	98.23662323252078
131.6218631156328	1.0076045407656586	96.57347685333865
129.49175205725146	1.005567710208753	96.37825759748651
131.05082663318726	1.02163949164662	97.91865142253059
129.48968988647277	1.0048743051733136	96.31179845361532
131.45060111350745	1.0064330710687812	96.46119778245453
131.2133757573258	1.0260903591121955	98.34524313462965
129.75793250158083	1.0111790288865734	96.91607231796942
130.8743865316988	1.010665476705156	96.8668511030001
129.47498209848717	1.0156490174999493	97.34449668926148
130.5844589616097	1.005435359429011	96.36557248696269
130.1721900826754	1.0259262436728418	98.32951355229604
130.81354179213687	1.0107491609532726	96.87487178817123
129.2209969898797	1.0031329243378733	96.14489646478899
129.41902888105437	1.0037341137005413	96.20251723231351
129.61403405227003	1.0044102348757216	96.26731981112255
130.5646759105264	1.005538337000386	96.37544233341856
131.40876922002488	1.0149882845345783	97.28116898761279
129.87769668000635	1.0096266231861322	96.76728257962166
131.80947795359887	1.0086776869150276	96.67633214092754
131.27130167606205	1.0068884102899731	96.50483959822562
131.34913793272398	1.018609524834891	97.62824539722966
130.4311761868112	1.0045262564613242	96.27843985619815
129.98707022453058	1.0048296332403241	96.30751688906098
129.9487130211988	1.0072148194273545	96.53612415878314
131.75870456225636	1.0158072696280716	97.35966430474343
129.70135092356426	1.0137600330078387	97.16344768367983
129.73092812184657	1.0111156376088832	96.9099966048885
129.57371315773474	1.0078140119196526	96.59355353702082
131.65181146507643	1.0157808811566007	97.35713511165659
130.45915113988042	1.012199720787895	97.01390014795496
131.68422474024925	1.0167303910515266	97.44814052910931
130.21654082927705	1.0138164731219996	97.16885716511626
131.57852341490934	1.0066619654283364	96.48313607594176
129.69225211473218	1.0122399321260442	97.01775418848067
129.905515627892	1.0103793351113435	96.83942596995553
131.08907673470227	1.0147427261920587	97.25763354096875
129.38008451026454	1.017485627442398	97.52052587590141
129.529652021067	1.0278669908182614	98.5155237298444
130.7808807513071	1.0075378268698336	96.56708268517686
130.7635913386647	1.0149989269336672	97.28218900433609
131.83878049610522	1.0203525942966618	97.79530923180923
131.3130998322614	1.0175738538589876	97.52898190349522
131.13136620034547	1.028805102800195	98.60543671862894
131.8562199052468	1.0073315338173827	96.54731060543737
129.29471449061418	1.0034462703210865	96.17492899226643
130.7277010798164	1.0180714172501497	97.57667067889808
130.01958911457498	1.024342796918245	98.17774869583029
129.7517667535471	1.0078196860364577	96.59409737060412
130.91927718431674	1.0065810006988654	96.47537604200862
131.6680754947539	1.0159767522237992	97.3759083001537
130.49114320113583	1.0207721691867362	97.83552322876486
130.64083678958352	1.004865966681504	96.31099925401553
129.24428500348026	1.0112666317086076	96.92446857737849
131.02711042173271	1.0131125415067448	97.10138910517632
129.17203006440909	1.0064714672760124	96.46487785244258
129.77789945395563	1.0070364436255241	96.51902779739103
129.62350386978488	1.0146594689317103	97.24965378027909
129.35806748915905	1.0097340886128026	96.77758256287422
129.865895953877	1.0217679977117098	97.9309680378299
131.46841882884536	1.0136946839106202	97.1571843241253
129.72201189382	1.009490848387591	96.75426929530853
129.20047537655913	1.0101933913342491	96.82160425883104
132.0386563025324	1.008689957402438	96.67750820116144
131.14785423604556	1.0064769665074227	96.46540492420122
130.1031464471769	1.0099636961504899	96.79958921065028
130.27799132915135	1.0166557591581902	97.44098746346496
131.27641819378758	1.0084922087184431	96.6585550531913
130.00382260730288	1.0045846997341668	96.28404132962223
129.94290428008628	1.007091529874425	96.52430751812267
130.05944075731716	1.00922028234309	96.72833699490816
131.0980853260122	1.0184272719083787	97.61077743428596
129.3143544050473	1.0040743627285478	96.23512827196362
131.60962092471067	1.0079270493568766	96.60438756752156
130.46215844495487	1.0061172221704735	96.4309253640247
130.26553027396386	1.0249154543436834	98.2326348306014
129.8524423985546	1.0106754094792894	96.86780310598743
130.92363413945844	1.0067094879768905	96.48769085666883
130.91283267143362	1.014930132902224	97.2755954663612
129.60688821245154	1.0246435343113163	98.20657275774512
131.8563757994282	1.026069988158474	98.34329068825997
131.83878049610522	1.022474554067306	97.99868766501706
131.0096479289505	1.0229680640262806	98.04598794074202
130.28655068303888	1.0043530971451489	96.2618434669045
130.41917125882446	1.0255700943772137	98.29537855749786
131.7903198544838	1.0088834221336733	96.69605075529653
130.86128109626992	1.0185694972650419	97.62440896990731
131.27437335617793	1.0292127352907796	98.64450610081356
130.53735793615803	1.0052440543923078	96.34723692793477
131.68080434662215	1.0104525770230925	96.84644581333933
130.19143796325778	1.008968403655642	96.70419577719032
131.3976962955554	1.0220310167491926	97.9561769981915
130.18371312292106	1.0156506003795998	97.34464839976407
130.96933620589124	1.005491696729388	96.3709721142508
129.61483202061137	1.0128666231569723	97.07781915377304
129.68331425757756	1.0212933822759198	97.88547870054717
129.805953611553	1.0055905612575837	96.38044774763576
131.1524259106622	1.0264300467656584	98.37780036954855
129.67966666618372	1.0205290535996523	97.81222190709347
130.46463620641197	1.013837572455385	97.1708794227599
131.62836886716147	1.0105509401024122	96.85587338554605
130.78112429629653	1.0061416185717427	96.43326362789503
131.90107808965257	1.0292517761984787	98.6482479618746
129.11543801912825	1.0174497987983822	97.51709189304052
129.74543277730183	1.0123222540056822	97.02564429795923
129.67223008146718	1.006354260540061	96.45364421707922
129.20939554724836	1.003881634934123	96.216656349259
129.18418929101816	1.0036650718130973	96.19589993867376
129.47110655656425	1.0145868392340307	97.24269261432165
129.87567635132942	1.0036879659490912	96.19809421849587
129.535762570383	1.0034304789872717	96.17341547783795
131.74416602499298	1.0069678181117139	96.51245041092504
129.29654143220571	1.0033263293156713	96.16343329187843
131.99786445479376	1.007513065656457	96.56470945602778
129.3668663967756	1.0103880316428513	96.84025948573506
131.48501056716597	1.0098313834300943	96.78690774791012
131.17407312788762	1.00695820001306	96.51152856789025
131.00084149117285	1.0238033023215232	98.12604103985898
129.89018487831788	1.020976799139528	97.8551359093453
130.5104194264766	1.0081589882841522	96.62661766645263
131.7925642901453	1.0221084663404796	97.96360012503229
130.9253968896418	1.007120104296394	96.52704622280983
129.39321674584514	1.003969188852925	96.2250479215562
130.17465722534175	1.0094362316560856	96.74903457529444
129.69590924787335	1.0155753801947447	97.3374389495412
131.69133132653383	1.0072593930409848	96.54039629995563
130.71150676787838	1.0055877663982222	96.38017987539527
130.46491451141557	1.010604813132419	96.86103682577077
130.0384816171899	1.0068804746678157	96.50407901151553
130.4218268729842	1.0156951863170243	97.34892172210596
130.1932977784471	1.0247478940419694	98.21657507673525
131.6102786550085	1.0183018539585174	97.598756798225
130.13763269295137	1.00769912536802	96.58254227884764
130.20765941539807	1.014702892771603	97.25381572182172
129.96616002854267	1.0040590418505813	96.23365984819834
129.1823564613886	1.0105246662843064	96.8533551813677
131.58324415749715	1.0067397545093673	96.49059174104889
129.46991208374038	1.0049885632584634	96.32274947665573
131.92350982177229	1.011743315860098	96.97015618993659
131.28129879846708	1.007182556086937	96.53303189109977
129.25512481096501	1.0027735213414644	96.11044962026769
130.15696014393188	1.0223298222771755	97.9848159012262
130.23458450658643	1.0068060770337175	96.49694839835941
130.5842161341585	1.0050891782722169	96.3323928846682
129.1519631276274	1.0252391291824268	98.26365732333814
130.63907257432734	1.004912655530483	96.31547412912154
129.60845739695628	1.004294780269226	96.25625410794545
130.44010500788914	1.0216518865733661	97.91983940960564
130.8169712315333	1.0151523402998373	97.29689285050532
131.129389365403	1.0057495852392317	96.39568934112752
130.05524662897852	1.0041825553872563	96.24549795649635
130.80171158665485	1.025544611043282	98.29293611697676
131.8646020491644	1.0197517193462753	97.73771859901116
129.71794491372648	1.0159491802604206	97.37326567573169
131.67906678313483	1.0133786024522067	97.1268896160599
130.32814523787232	1.02654510888769	98.38882845520037
131.94885137810556	1.0226649428647003	98.01693540743427
129.11759483412695	1.0280452503563613	98.53260894798316
129.72307751777896	1.0144193184278933	97.22663664589415
131.08351268874105	1.0089124338486621	96.69883137216813
129.58248620652935	1.015046013978811	97.2867020444032
131.17401868333343	1.0166994466720074	97.44517467673536
130.5944066513584	1.0052202580664507	96.34495617806579
131.8598697628414	1.0074470303893335	96.5583803307777
130.87014120657184	1.0057742657713327	96.39805483741019
130.87026765913168	1.0157432292118092	97.35352637522112
131.70554685505482	1.0117372763248882	96.96957733296426
130.62047914015852	1.0265233986759854	98.38674764815484
129.23416994891144	1.0028838201006012	96.12102116320095
129.81156403828672	1.0035698233064143	96.1867708815057
130.2997499702341	1.009205691346685	96.72693852636561
131.9630966528603	1.010996442988271	96.89857244147021
130.5407282583264	1.0237672098948438	98.12258177484829
129.39528490052047	1.0045443465303825	96.28017369203829
129.85875954646272	1.011778628387822	96.97354070582634
131.17282091458927	1.0097724775915595	96.78126194005189
131.1391380968015	1.0078261220665832	96.594714229482
130.88269731792107	1.0113164977128513	96.92924796573152
130.20359921703982	1.0053202830992012	96.35454303957174
131.2440445735551	1.0187401278029538	97.64076298940289
132.03683541866414	1.0081937713565157	96.62995143689318
131.0824343695116	1.026776819412012	98.41103666293658
131.22842229509337	1.0246279792158086	98.20508188548801
130.46610854274363	1.0107414472638934	96.87413247252448
130.09085138563088	1.0155669645430319	97.33663235457955
130.23124736115446	1.0071537159705448	96.5302677210309
129.58536648993953	1.0048438085738527	96.30887551855204
130.58605984613038	1.0047747215695801	96.30225390070692
130.81162860298141	1.026595237803229	98.39363304218725
130.2503151441321	1.0267462713859221	98.40810879890745
129.54320222607052	1.0059980276725744	96.41950121236778
131.22421763335876	1.0264319971626783	98.37798730461469
131.35800952922574	1.0064189745991576	96.45984671164467
130.84788931572885	1.0284214838291454	98.56866890315939
129.6606685807206	1.011872724825828	96.98255934340695
131.17260314080679	1.0062172419067463	96.44051171789174
130.09752097993487	1.014140545685024	97.19991777758656
131.00010842864916	1.0074672349205822	96.56031682644829
131.04684163989356	1.0094409466917253	96.74948648610545
131.0217507817214	1.0083694875319866	96.64679288740086
131.94846567025607	1.0084175581558608	96.65140019820011
129.79687653721842	1.003557671991208	96.1856062432867
130.20520895821852	1.0233690408499423	98.08441941304284
130.11252325975522	1.0040224609373563	96.23015376437905
129.92858944195274	1.013753741219514	97.16284464960292
131.73602844478643	1.0162961905851184	97.4065247493109
130.41116019306202	1.0123255960970585	97.0259646194456
130.54486275177902	1.0050384474407947	96.3275306072807
130.28179634744833	1.0044152870567622	96.26780403550727
131.7362847307987	1.0079449279182235	96.60610113148493
129.27628887483445	1.0045312972803309	96.278922991593
130.5661234718408	1.007414262800648	96.55523973360941
131.0056925795539	1.0171370869492573	97.48712014390541
130.48452445139893	1.0047732497612982	96.3021128357977
130.06690158962633	1.0045398332532394	96.2797411186942
129.37848512681927	1.0030362160184292	96.13562749241788
131.71512627116655	1.0288830401457476	98.6129065940932
130.63303319039315	1.018926917231697	97.65866575169045
131.45966885308465	1.0280562979400245	98.53366779946906
132.03932765166843	1.0087070414265258	96.67914561300118
131.0406472658113	1.0064773037962147	96.46543725151818
129.11680252706793	1.020079990967406	97.76918166862058
131.70752300741762	1.0253508623179173	98.27436634353155
130.17820613496306	1.016003068909513	97.37843061296176
130.89890635356414	1.011182243423826	96.91638041407896
131.21275835113323	1.005982879165443	96.41804930942011
129.38553682758567	1.00294075325314	96.12647789971459
130.47795125096022	1.0048532014460312	96.3097757748403
129.86373359744414	1.004673317289952	96.29253484580461
130.50005305117725	1.0131621312732144	97.10614201762418
131.7467109467974	1.0083109349724069	96.64118093943068
131.78643579231039	1.0272175330583933	98.45327669601089
129.56203520529414	1.0085391397776236	96.66305314284263
129.32323610436796	1.0265818952202135	98.39235422735476
129.85582333497354	1.009512122101391	96.75630826637716
130.96111401115147	1.0090278839609041	96.70989664459519
132.0240263311955	1.009457216092942	96.75104582072362
130.88437766891056	1.0063246418433263	96.4508054242713
130.72949468225747	1.0050366469433265	96.32735803928053
131.1188986280183	1.0253223514038272	98.27163372573305
130.99809028629005	1.0136909995517367	97.1568311981389
130.24342471079362	1.0155173129545085	97.3318735168203
129.41642955535374	1.0193116302262084	97.69553842342572
131.6299405797476	1.0242210207147469	98.16607710157479
129.62426647700778	1.0184935857315418	97.61713325763452
130.37238324735844	1.0199710300809066	97.75873835358523
131.70603173866857	1.012033978436351	96.99801463483661
131.24042931892492	1.0155914127381735	97.33897558261407
130.59756395812084	1.0247918710317974	98.22079003472463
130.01603063094237	1.0213419751336748	97.89013606465556
130.82187202763168	1.0236754383740247	98.11378596807782
130.9257946449029	1.0273471559770837	98.46570035572198
131.33285373748825	1.0062792226983905	96.44645224347
130.9456673764277	1.0149375930057665	97.27631047716913
130.86350278627862	1.0052594244183866	96.34871006228232
129.6391744761278	1.0230069344755714	98.04971346428127
129.48190198193504	1.0043844382549612	96.26484734374363
131.39969037538611	1.006335690855766	96.45186441269773
130.44826312836088	1.0255831880804378	98.29663351854066
129.99346221358655	1.007975440620562	96.60902560992247
131.52652676203516	1.0230877981200368	98.05746380976015
130.31796814763976	1.025107567136808	98.25104780873859
129.89715540373166	1.0071222323732163	96.52725018752955
131.7772578821979	1.018691321104581	97.63608512982118
129.1859076122005	1.011395092732531	96.93678087572421
130.33570737957677	1.0043527782594055	96.2618129034208
129.8838559347456	1.0052152723984287	96.34447832859622
131.71378122401734	1.0118261669430608	96.97809702070808
129.78332983169832	1.0239837990440754	98.14334068009708
131.6782437431204	1.0141471204035264	97.20054792899957
130.25823553476266	1.0101853249748267	96.82083114165714
130.5308155013993	1.00856029696011	96.6650809450115
130.84563203333272	1.0223035264711262	97.98229558962169
131.82525034891927	1.0094099202717841	96.74651277059823
131.39774182180966	1.0196535825809296	97.72831271778183
130.15160723862863	1.0048584419491076	96.31027804887947
130.93696893022172	1.0245937353267085	98.20179979286378
130.99095035931182	1.0228437225772473	98.03407048149654
131.43843684052712	1.0092762761903609	96.73370370406295
130.39654895789965	1.0045435871495962	96.28010090947348
129.62468325427423	1.0085691421286411	96.66592870685045
130.5851334869331	1.0216306267276534	97.91780176771859
130.8447833150412	1.0191495765898944	97.68000645382614
129.5681397469244	1.0046035988402204	96.28585270730781
131.6318321683797	1.008684222271239	96.67695851967665
129.68651826200698	1.0113945851606878	96.9367322276925
129.23642741095478	1.0113299984084627	96.93054193480606
129.6584150675512	1.004410372227877	96.26733297558805
131.10603457600106	1.0057266295143301	96.39348915833979
131.64864873002054	1.0291133791195997	98.63498334609235
129.63599040400962	1.0044037656374158	96.26669976941919
129.2508998209882	1.01209810597699	97.00416091476191
131.4174121475206	1.0063186468025176	96.45023083184803
129.97061605563044	1.0223728687150409	97.98894167081397
130.12450066921826	1.005639242180409	96.3851135523076
131.97599454213056	1.016316201962409	97.40844273221332
130.28903094939778	1.0140605895413248	97.19225441117602
131.17181371691376	1.0243374247120776	98.1772337987581
129.8639471604786	1.014142655067457	97.2001199505496
131.3255408203485	1.0061619941147166	96.4352165141199
131.54629096759066	1.0150104496785295	97.28329339746776
131.47464479103087	1.009057888670111	96.71277243462278
130.36680708606903	1.0215089767992727	97.90614227625406
130.18598399163247	1.0048740445162347	96.311773471036
129.61669398251505	1.0038680255772936	96.215351965591
131.74371747009553	1.0075273201427943	96.56607567188989
129.60466304567595	1.02786364974083	98.5152035055392
131.73467380713865	1.0128252188108278	97.07385076984637
131.04428774836123	1.0088948045823798	96.6971417017961
131.8866906853632	1.0127540118051206	97.067025961264
129.48011442691288	1.0043264264316472	96.25928722243674
129.466576516362	1.0219592968380808	97.94930303038424
130.68892061332275	1.009650608743108	96.76958146627581
130.09686024128874	1.0111930902971091	96.91742002855425
130.50646672004467	1.00464820986407	96.29012843404865
130.6199662291412	1.0242513919999054	98.16898802593606
129.6158516602119	1.0060550507463513	96.42496656734852
131.98927180734958	1.0145521592209397	97.23936872155817
130.62496952933876	1.0076682714003249	96.57958509196084
131.18569807658406	1.0208692290025922	97.84482589017689
129.8965144062797	1.017071013053781	97.48078731633544
131.63049799864868	1.023124880502585	98.06101795671741
131.49087338928487	1.0083180878844755	96.64186650758779
129.32918729731537	1.019404811604313	97.70446935743553
131.23077448082648	1.0059771354337492	96.4174988036241
132.01946607309074	1.0077273775811102	96.58525010154645
129.6667640809945	1.004642081697455	96.28954108223273
131.48749969433152	1.0122878799567587	97.02234973021588
130.79245463561065	1.0070689593774882	96.52214425736379
130.04081901385848	1.0076767614503026	96.58039881759606
132.0049140490239	1.0098326915092886	96.78703312026673
129.71422445858025	1.0053662565070796	96.35894934349552
131.96936154070946	1.013547713634919	97.1430980135299
131.70639769098716	1.0275037107846092	98.48070529215205
129.58618185344673	1.0115072586270837	96.9475313735466
129.31444268676853	1.0199125617225167	97.7531344758463
130.3254843539976	1.0057677146185477	96.39742694464448
130.5813202599084	1.0247918399036613	98.22078705126017
130.87538919077565	1.0084489878610745	96.65441256643204
131.1414054513057	1.0183013240475896	97.59870600911216
129.75467187153865	1.011933136981829	96.98834952369415
130.1917509093601	1.0070029581027227	96.51581839009843
130.85576331866224	1.005245488362256	96.34737436624314
131.63348621165767	1.015425596760384	97.32308301281599
131.36494386503765	1.018306877728999	97.59923829961042
131.6911483929762	1.0141667489044388	97.20242921526004
130.84079267898662	1.0066017658664232	96.47736627165466
131.4195889986519	1.0063409402645946	96.45236754030533
130.87605763859682	1.005282084525485	96.35088191169334
130.00027386171553	1.0166069047791377	97.43630503394651
130.4736323261762	1.0107385874904504	96.87385837861837
129.14909185672911	1.008420081029595	96.6516420020808
130.28218133770005	1.0078541047512832	96.59739621933399
129.96008247581923	1.0089763423214344	96.70495665561646
130.33200684180022	1.0130876780215516	97.09900607382359
131.0329956641013	1.0266159111207946	98.39561446850546
131.12043994500985	1.0170694851537192	97.48064087533078
131.79327886166527	1.008962632359517	96.7036426294918
132.00833342948587	1.0079394428217248	96.60557541448155
130.5338529809498	1.0106031648941467	96.86087885099575
131.13136620034547	1.0158295166579325	97.36179656292254
129.20836420477397	1.0120107781105598	96.99579100836894
129.49281414331787	1.0264485169281823	98.37957063530344
132.024302163748	1.0088099841814504	96.6890121224875
131.73916801891053	1.015950042363772	97.37334830370197
129.3712751016876	1.0188622100455853	97.6524639158636
131.3347912523429	1.0114055114456362	96.93777945334885
129.22686896739683	1.007431382160404	96.55688053218292
129.6757264189479	1.0070389072900148	96.51926392638413
131.72681198105045	1.0141251161740645	97.19843894193308
129.33724958755198	1.012164432269273	97.01051793320855
130.97176959309894	1.0214674228702638	97.90215955561422
131.0748594490576	1.0136340907177241	97.15137679242524
131.9018122278005	1.0085914531228488	96.6680670956682
131.4712445940903	1.0119492321154995	96.9898921557051
131.19869577892845	1.0058820765659282	96.40838792232115
129.7394724422404	1.0087570034974558	96.68393420882951
131.26776669645596	1.0074419938571786	96.55789760625451
130.70668618378036	1.005293917608669	96.35201604908428
129.1165824433549	1.0206685248549427	97.82558947690839
131.80669229780787	1.0115441063106694	96.95106302587038
131.23364444367687	1.0118066238708414	96.97622392232844
131.5561205709567	1.0106410177073932	96.86450683959247
130.0548093836484	1.0048346840322275	96.30800098030436
131.3392486649418	1.0072544801650705	96.53992542721817
129.76004710712272	1.0273022441548185	98.46139579907053
130.0828612328891	1.0267164022833974	98.40524600605114
131.16294015787224	1.007115026676923	96.52655956028838
130.91653841554216	1.0117130218679367	96.96725267369345
131.50496274433476	1.0164161940970025	97.4180264406078
129.34041117747475	1.0029238034631207	96.12485335348848
130.20564717215868	1.0120265321492177	96.99730094825716
131.21013443981784	1.0111474872905408	96.9130492256042
130.56250912259114	1.0185504182144014	97.62258034550074
131.3812087830283	1.0193859400586471	97.7026606212649
130.13828489360307	1.0282022904555403	98.54766039700857
130.31539724169917	1.0148722189389794	97.2700447244157
129.6741468333992	1.0120656331323554	97.00104856722595
130.68175986941955	1.0049866698571615	96.32256800432268
130.08703920694487	1.0083356843453641	96.64355303373924
129.65855701896822	1.0083338093952974	96.64337332985787
129.49249551579433	1.0175674193839017	97.52836519365954
129.68287937646832	1.0103522023993738	96.836825445419
129.37370486766116	1.0030209941204018	96.1341685553475
130.571095768747	1.019053505746473	97.67079858010378
130.21655871849572	1.0115132835131593	96.9481088264782
130.75634140567416	1.0050695110980767	96.33050789178682
130.0198566772363	1.021264658909905	97.88272572037414
129.66671971587675	1.0037432826252903	96.20339602444494
129.57749695269968	1.021193614864492	97.87591653065964
129.72316632051886	1.0036430689436475	96.19379108195712
129.68614548930634	1.024153807649662	98.15963509072368
129.4803533548747	1.0073810313770035	96.5520546803546
129.6392543015463	1.0038055947821387	96.20936830959612
131.32495873285862	1.0152138585216472	97.30278904125244
130.0550235442759	1.013355669283588	97.12469159517057
131.36103069756584	1.0065257962635834	96.47008499374792
130.632592183759	1.005236055318519	96.34647025972703
130.9329456081519	1.007584171256535	96.5715245454259
131.0130151411674	1.0127601624414848	97.06761546668454
131.4844452842106	1.0092019484992525	96.7265797945663
129.88537803237097	1.0112201528514013	96.92001382885465
130.4298571549656	1.006862749751382	96.50238017359084
129.3845382351781	1.0073294558385788	96.54711144234331
130.56490967607238	1.0075625729095783	96.5694544600149
130.97815653069523	1.0055147804601416	96.37318456571109
130.9820559425155	1.005494216497948	96.37121362051724
130.99536634458704	1.0178221252444246	97.55277738071354
130.07198898927692	1.0056970384322061	96.39065301224383
129.14404539757595	1.0208340027494405	97.84144964324096
130.03899012796612	1.0106658869544336	96.86689042318726
131.17811122512995	1.0286459297105366	98.59018083393619
131.22053083063219	1.0154282382278363	97.32333618326683
129.97197965796474	1.0105350157882302	96.8543471256645
131.5342638295255	1.0277071563169387	98.50020445240037
130.4670153025193	1.0187810821193464	97.64468824039787
131.6475701449002	1.0068931540654043	96.5052942635911
129.9070827269881	1.011561528865282	96.95273288404046
130.0376697920557	1.0087959589802518	96.68766788237295
131.4279691904194	1.0067257102662361	96.48924567586748
131.37551969507487	1.0065678266956302	96.47411338464156
129.98231005221334	1.0038429135646159	96.21294511421534
129.35697212041015	1.0194463126345665	97.7084470080141
129.7969209861814	1.0081813989107058	96.62876560449497
132.01410634907307	1.0090872180586803	96.71558349879878
131.07911796915172	1.0117249221518367	96.96839325191168
131.68788311648663	1.010924689360168	96.89169524207064
132.0048037494881	1.010197450327416	96.82199329149891
129.17271726897945	1.0076835295031161	96.58104749906315
129.36656601418434	1.007141171132712	96.52906536578432
130.0814775586846	1.0056573090114767	96.3868451609113
130.24990348815345	1.0060361743635013	96.42315736755984
130.87965291968735	1.0095036178547707	96.75549318007006
130.5956749532516	1.0103473803879932	96.83636328155846
130.3141969219228	1.0087465453182074	96.68293184858724
130.90699428627835	1.012414262253376	97.03446279372764
130.30167545488598	1.0113409446453634	96.93159107274977
131.66909041860828	1.0122390670812873	97.01767127859249
129.46735509603386	1.0229119853189435	98.04061309820621
131.17001713247748	1.0059029280074563	96.4103864208633
131.69590483456597	1.0211760710263704	97.87423504811743
130.63999968163355	1.0114753316876932	96.94447134809268
130.5027927086472	1.0175160032907526	97.52343723762053
129.32265337382216	1.0052136952737982	96.34432716968136
129.3307237409505	1.0190127098153443	97.66688850948462
131.49027158217555	1.0125796384638934	97.05031321419752
129.19938246911536	1.024283455506277	98.17206114060075
132.03100526267968	1.0093095489985173	96.7368927238007
130.4507852559728	1.005151031208581	96.3383211560054
129.29190797755635	1.0269655300992488	98.42912356751921
131.77573751692773	1.0093237788862335	96.73825658201727
130.5131595074367	1.004656831370128	96.29095475904228
130.05248043027788	1.0264432654057385	98.37906730511719
130.6957217806647	1.0064212313561793	96.46006300966953
130.60850324543497	1.0057848878343778	96.39907290503307
129.48143296552809	1.009087743354422	96.71563384557086
130.15212553154487	1.005403254588843	96.3624954106759
130.73704817180047	1.0167241990183205	97.44754705602406
129.93743453607138	1.0239858589570987	98.1435381116832
129.72519105401858	1.0070363648760046	96.51902024967305
130.07805866493905	1.0157038592201861	97.34975297323561
129.9197187733994	1.0042410582145886	96.25110513789804
129.5086677067091	1.0087814932941128	96.68628142414553
129.78932063099208	1.0227013361119088	98.02042350447505
130.85544725693933	1.0090665784933355	96.71360530744944
129.9740028305064	1.003974710304064	96.22557712295634
132.03497780302558	1.0077138845078395	96.58395686303227
130.0426568705623	1.0071671705168048	96.5315572669383
131.51784191113478	1.015098146651112	97.29169868070055
129.302852249411	1.026241007266653	98.35968195012612
129.4217874551611	1.0051605219207032	96.33923078972616
129.95100279854947	1.0153134139534974	97.31233089403734
130.93926549806616	1.0066457418702408	96.48158113514023
129.9609112011991	1.0230575171532226	98.05456154192649
131.6365385355471	1.0067468922261866	96.49127585282304
130.88491972671804	1.005340540436315	96.35648459640055
130.94224030503895	1.009259722367873	96.73211710919543
131.70086288464577	1.0076736440113532	96.58010002783675
131.50876602769725	1.017775638642484	97.54832188989857
131.70229914398794	1.0162340791580395	97.40057170302872
129.21549576290798	1.0157124406335605	97.35057545556111
131.1991859662471	1.0060753689963573	96.42691396235048
129.36092082872122	1.0046145924557852	96.28690638624168
131.79679686838065	1.0100560696661518	96.80844271538922
131.68566062812224	1.0096825173924748	96.7726397387293
129.43458265447825	1.003530960862728	96.18304612526059
130.32280565766405	1.0043799864790335	96.26442066496031
130.93132730724903	1.0080421980011067	96.6154239458608
131.3055254520404	1.021700837820773	97.92453112343496
131.40637417594337	1.0140907410863573	97.19514427462789
129.1985011045289	1.0205627645536406	97.81545292075309
130.49218501767783	1.0076761276359556	96.58033806989923
131.83837711702117	1.0074409063148224	96.55779337116792
129.9984728101411	1.0186016576828942	97.62749137301627
129.4920795320585	1.0089968837975232	96.70692544563808
130.2176499697646	1.0054379022907078	96.36581620658212
129.5059765064408	1.0237738959992713	98.12322260200322
130.94281900646143	1.0083652504277036	96.64638678374031
130.32576208444857	1.0188383684666387	97.65017882872931
129.78206774169146	1.005942769997407	96.41420506135034
130.1821307121068	1.0042184926004403	96.2489423451282
129.5373567151878	1.0150483477102488	97.28692572001192
131.80172606721112	1.0262559539757772	98.36111451181995
130.1109335757707	1.0240731526329196	98.15190474109014
129.95186705350588	1.0166246328847488	97.43800417753668
131.72844101150235	1.025210281840905	98.26089246077944
130.40363442785372	1.0151106598211679	97.29289800076103
130.01204427941843	1.0094399504875542	96.74939100529274
131.8098444962734	1.0115258359725101	96.94931191220631
131.35205860176455	1.0067167358281393	96.48838552423581
131.8100094411612	1.0115856005573265	96.95504002627776
130.61678086994382	1.0152025144472365	97.30170177272277
131.25576373371538	1.0095401544335927	96.75899501467524
129.27459480864445	1.0144901014692829	97.23342081977653
130.91008513184903	1.0055243931252444	96.37410588796924
129.92918620489377	1.0041904595009166	96.24625552328644
131.10006121847928	1.0243535969565054	98.17878382142048
131.23001160050555	1.0070409132394107	96.51945618584678
129.7505763124506	1.003557531990074	96.18559282493085
131.81966862141155	1.0071269421205173	96.52770159148176
130.8407294808008	1.02130034810115	97.88614633743684
130.1154973189038	1.0125954832764439	97.05183185427525
131.15102897626326	1.020490499822371	97.80852673486343
129.2433766172629	1.0063913338333554	96.45719749288035
131.84934259890719	1.0172212245572767	97.49518428118527
130.75455609574615	1.0113978212973866	96.9370423939928
131.30559819100318	1.0111464644373966	96.91295119063071
129.59452215513087	1.014500705587114	97.23443716744717
131.29887927171973	1.0284597653007639	98.57233797635594
130.01083147593232	1.028207442345889	98.54815417799426
130.20025465480313	1.005238529493851	96.34670739612775
129.2064514130984	1.0088436566574412	96.69223944823797
131.5598629669716	1.020679198539066	97.826612492134
131.38666167202328	1.0104676015530192	96.8478858337386
130.2254770821048	1.028211663965246	98.54855879750795
130.37804056416687	1.0200097647359219	97.76245086197338
129.85220218046152	1.0234582939884354	98.09297384640992
130.93601958494943	1.017879280985613	97.55825545115225
130.89226504774345	1.0055823810541487	96.37966371912543
130.12553684555772	1.0042781994015817	96.25466492094513
130.69901902026925	1.0062774354697022	96.44628094721102
129.94680641682757	1.0038634977395897	96.21491799669546
129.57817929836375	1.0106036872583795	96.86092891679844
130.41917125882446	1.0109646286737957	96.89552321050877
131.38556923693204	1.0072630607885382	96.54074783383535
130.51392315650742	1.0105802621558755	96.85868374669158
131.05378836409878	1.0268425835570418	98.41733980259194
130.63424822373867	1.0209787684116567	97.8553246534891
129.7607845688637	1.0200130170642772	97.76276258015687
131.0618771954728	1.0091625222888743	96.72280100431546
131.46499161434025	1.0176692537775154	97.53812547267441
129.6175274483569	1.020804826582076	97.8386532644935
129.6312278733293	1.0159352188063644	97.37192754543793
130.04033725379125	1.0078471372783575	96.59672842452156
130.43844478558748	1.0279245990262462	98.52104516679243
131.4731953555121	1.0084247852941477	96.65209288054106
131.17907314568083	1.00617382985722	96.43635090639233
131.8978663344892	1.0074644670141522	96.56005153750137
130.83372388403325	1.0195569471736532	97.71905073364991
129.38281503409408	1.0150761567356488	97.28959106555388
130.87674415960106	1.0200363435267554	97.7649982961477
131.1504121575602	1.0285687309357914	98.58278174651217
131.9622791396216	1.012556306067553	97.04807692947794
129.7314343566355	1.0244303841528966	98.18614346127251
130.9413722624126	1.0101555872966428	96.81798094511714
131.70992008857039	1.0070939212394365	96.52453671759949
130.994171827582	1.0156870494189927	97.34814184418569
129.2995687882018	1.023164822395066	98.06484617232478
131.90862176137864	1.0073221956805787	96.54641559524042
130.96656822396793	1.0055299363909542	96.37463718017868
131.32810570528855	1.0077943075965	96.59166498360636
130.7234380881054	1.0150417187647194	97.28629037123
130.47938796111814	1.004611934482133	96.28665163376031
130.5858529881096	1.0118997868712898	96.98515309493872
129.7495813326896	1.0134586184173602	97.13455871603516
130.3948898100289	1.006711383147854	96.48787249861442
