133.10874839519408	1.010268351734346	96.82878881008183
133.71894775217257	1.012839653450888	97.07523425247406
133.28104211791273	1.062535685171391	101.83833165318235
134.71328685634495	1.042658279827391	99.93318924142375
133.12527275851141	1.0104298510787695	96.8442676537844
132.2791226241666	1.0083522530130402	96.64514105143823
134.32757706654058	1.0338409480060227	99.08809540142173
134.916096556687	1.0180572979415967	97.57531741909966
133.70161817361907	1.0167950147242801	97.45433436062986
134.23640765480422	1.0266589506599337	98.39973957688741
133.34319297459854	1.0339163164666834	99.09531906308324
133.5550272763824	1.024726548434112	98.21452921500781
134.6824329687293	1.01581510852113	97.36041562048956
133.1284639905954	1.0153008443326663	97.31112616347365
134.68452716918316	1.0308354591298212	98.80003545461139
134.55685197531514	1.0354323338567537	99.24062117755958
132.69089611092792	1.0090888045104673	96.71573555167143
134.40192636653163	1.0205101396719236	97.81040910883007
133.36497630986062	1.0156059747432074	97.34037127248958
132.67812953896387	1.0340613839502069	99.10922300128064
132.27758097771394	1.011232844692207	96.92123027354567
132.42230028007742	1.0634402887095165	101.92503303781906
134.33694435502193	1.0382808419930383	99.51363536461058
132.49500297177693	1.0093645918163359	96.74216828189664
133.16158402560984	1.0545826247452401	101.07607357880484
132.14727727302284	1.0589558602730755	101.49522468713616
133.66805990122845	1.0484146021606109	100.48490178252162
133.26749582631894	1.0394455971687158	99.62527088474492
134.93370180243275	1.0200074830836723	97.76223217787481
132.56349650586426	1.0126055279835968	97.05279458544057
132.25283671176018	1.0088713429543623	96.6948930309152
133.47063176568997	1.0113005372763462	96.92771824371951
132.1427449944845	1.0095455117681504	96.7595084863836
133.41593797557064	1.0449280566548385	100.15073514464207
134.14567435030665	1.0286780592694442	98.59326027938124
134.6812994422625	1.014663664214184	97.2500558755441
133.24378769037529	1.0242747009440203	98.17122206288597
134.77401453481446	1.0167345958508864	97.4485435365167
133.17791661988647	1.0172408516687634	97.49706543427676
133.1982541837528	1.020331680778866	97.79330478359063
133.03526618666015	1.0273596191030159	98.46689487932228
132.57238114514644	1.0473823333639158	100.38596436936912
132.31197697038257	1.013366528340926	97.12573237742201
134.4552002603215	1.0386738463259821	99.55130271654805
133.10814963454135	1.0100999120633265	96.81264477339653
133.02806202278325	1.0639583976370657	101.97469099240129
132.55944412087953	1.037363348865751	99.42569858216629
132.39926558364365	1.0421555315646076	99.88500352395756
132.59434777423795	1.0363133575860621	99.32506256432126
134.02744937646838	1.0642339480703502	102.00110101966308
133.3840701661553	1.0272743709110785	98.45872429854603
133.08050075563804	1.020139373095589	97.77487312628037
133.4057177695382	1.0190062369028219	97.66626811562736
134.10936299095368	1.0549579642731652	101.1120478541735
133.4836398748332	1.0539188485093653	101.01245419604348
133.61071518960773	1.0376278565902097	99.45105022516915
133.02894964969923	1.0107142694371087	96.87152762397555
133.2901247002719	1.0169972095519733	97.47371364756445
133.18589720518708	1.0324992694509916	98.9595027267793
134.6989580765659	1.014528583855663	97.23710914957259
133.01862594063218	1.0172706169540835	97.4999182768123
132.8398197350897	1.011180312221236	96.91619531869571
132.7883114046652	1.023124377118074	98.06096971001898
133.78523192907213	1.014374340782693	97.22232578046834
132.62108366643466	1.0210412926698855	97.86131726741704
133.01967224656687	1.0130910487123328	97.09932913640912
133.32518230384696	1.0154866089326664	97.32893070143717
133.20721198127782	1.0126130397690654	97.05351454968321
133.37155323909326	1.0356162632686543	99.25824982261246
133.11364161193063	1.0149112268286853	97.27378342087965
132.28096895697797	1.0256373238036716	98.30182213649854
132.92785199851778	1.0192695391206776	97.69150421730491
134.04233692554607	1.0447744296129984	100.13601081880891
133.11878786425044	1.0333197225394746	99.03813874333562
133.68566313857127	1.020428494011426	97.80258381131975
134.8835916708263	1.020832098090748	97.84126709194756
134.1633528177235	1.0629530840075694	101.87833708707376
134.50256587150008	1.04024067158977	99.7014744925016
132.31359335169458	1.0148457619813507	97.2675089672989
133.46890007234273	1.0391089321984877	99.59300335775963
132.51754471718223	1.0499000419849427	100.62727320175233
133.54663046944194	1.045586429895192	100.21383667933725
134.7305418390908	1.0216431002516035	97.91899728791302
132.93133150013898	1.0127546857223184	97.06709055260343
134.1587732341501	1.0386564426643312	99.54963466916675
133.33220564228714	1.0109313126595656	96.89233004970121
132.53537633669075	1.0104348828485028	96.84474992185508
132.1679437863888	1.0544964930868241	101.06781832251743
132.58540434416838	1.041663119434088	99.83780846918648
134.21891693043005	1.020877650945135	97.84563308808075
132.6033760027141	1.0297221503704082	98.69333079682363
133.6271598615947	1.0633123513619238	101.91277093103356
132.31677081654198	1.0208608398036103	97.84402183056727
133.99458080032085	1.0170027975028149	97.47424922260349
133.40330165271436	1.0255550750807727	98.29393903870003
134.79744757443123	1.0292125706907191	98.6444903247829
133.3091105522595	1.012403958788091	97.03347526198682
132.4176093968818	1.0084484596286172	96.65436193819157
133.3458790693915	1.044138616868258	100.07507158629953
134.1345673273802	1.0170888085752519	97.48249292137325
132.76689016015354	1.0581912726603673	101.42194307601706
132.88120087908226	1.0584672407700946	101.44839313531986
132.26681819749462	1.0631196693105855	101.89430339255777
133.454248544072	1.0213593029502497	97.8917968426942
134.5288498936685	1.048190518452504	100.4634245641065
133.50037946483366	1.0126673762282037	97.05872240709809
133.9409911678814	1.0592703274086388	101.52536467103737
132.39515908037282	1.03648988036823	99.34198132374331
132.74053786206986	1.0136616023074496	97.15401363035724
133.39161728010222	1.0260539211532826	98.34175075221246
132.5175910505545	1.035875545074234	99.28310058939307
132.8067422124288	1.0148535445029672	97.26825488014543
133.76777911548803	1.0239197382548204	98.13720079793296
134.68331675051382	1.0408244915559717	99.75743049677848
133.31206736037183	1.0382678322337848	99.51238844914593
134.5910247180696	1.0293119187616322	98.65401230313708
133.7759609656433	1.0198975765932945	97.75169823179267
132.83543259283752	1.0133964161270375	97.12859696099964
133.09179824799259	1.0313893867094075	98.85312643437709
134.70647279576488	1.0224155274463678	97.99303028081495
134.92337916842652	1.0185091224114786	97.6186223648582
132.44264075342255	1.0086026851086602	96.66914362110838
132.20435465113917	1.0293844369911915	98.6609627854746
134.01008687645748	1.035841706330443	99.27985732776807
133.16630354685464	1.016457280688145	97.42196436942625
133.82002032340725	1.0520372927644837	100.83211719593577
132.17804454739166	1.0614931324438868	101.7384085805635
134.67523833384175	1.01745048132116	97.51715730917853
134.2404689153083	1.0135174388536603	97.14019633854845
134.76097891114807	1.0302560212959513	98.74449945415365
134.71341180429698	1.0213806966983934	97.8938473184092
133.92144445341998	1.0506340145568276	100.69762052584048
133.8342500351156	1.0542324094385593	101.0425073249373
134.51692291141717	1.0643706658452172	102.0142046831862
134.16121055662524	1.0428452816211833	99.95111235775926
134.15280412346436	1.035625757917784	99.2591598336742
134.38155738716387	1.0179202191845909	97.5621791573797
132.37514834609007	1.0376184072136432	99.45014455323914
133.04491043806172	1.0101752542627322	96.81986591805797
133.7827437640733	1.036497268221087	99.34268940971155
134.15362281743194	1.0207056677701523	97.82914942559573
132.66462249986245	1.063750526349782	101.95476764734002
133.13658787822473	1.0278176318651837	98.51079293961898
133.87486550859242	1.0370042819317058	99.39128394741537
132.88274820155291	1.0133146292132111	97.12075812511735
134.12847695922738	1.013877793674847	97.1747344103563
133.8017813347598	1.0431998549768908	99.98509630719067
134.2981099404343	1.055380450443308	101.15254088166833
134.10332277838108	1.027657486091548	98.4954438283976
134.73717604349525	1.0147774033341168	97.26095715855918
132.4304893492638	1.030624788671783	98.77984382408582
133.19088091672526	1.0255445936650198	98.29293445136376
132.2601916019479	1.0287735949986876	98.6024168652872
134.3652462857472	1.017204641782884	97.49359491143336
133.9398149587581	1.015716426409731	97.3509574707736
132.69188112288344	1.0295878308473891	98.68045699284359
133.80018202117753	1.018247726458157	97.59356896838533
132.42257785812797	1.0334733448158655	99.05286261242608
133.7659631802963	1.0267025282096305	98.40391625068821
134.34697216305963	1.047540128566511	100.4010881909964
133.4592166798852	1.0405363327287782	99.72981202276199
132.29070925815117	1.0198628906215863	97.74837376792777
132.69041290322707	1.0195707080871932	97.72036964321359
133.85206325863678	1.0454547676705848	100.20121756312038
132.16406426952017	1.0181251465599794	97.58182034431667
132.80000222985765	1.0466104342235987	100.31198198764635
134.80062403682555	1.0165699183455557	97.43276008318169
133.3069141593437	1.0123094534711838	97.02441743556227
133.15424327266376	1.0406524772374923	99.74094384935678
132.49999610606685	1.027575892512719	98.48762352263515
133.70793901518533	1.050219552416257	100.65789655843102
134.32260279469094	1.0136584253596927	97.15370913699874
133.31555000775842	1.03506227750739	99.20515326644583
132.54498008710348	1.0218800356296562	97.94170626978276
133.21879535174273	1.0186022083939335	97.62754415570794
134.4483398374628	1.017351305896446	97.50765187803412
134.44350836353237	1.0457540062130972	100.22989796826919
134.62250174075422	1.017211913590926	97.49429187513016
134.0523147220767	1.029482641573275	98.67037516657356
132.0952032514018	1.028145573555883	98.54222438717075
132.1892439011071	1.0149773196597114	97.28011806332024
133.65415283943835	1.0215143725633042	97.90665943122083
134.36039300945185	1.0436521745233747	100.02844870337923
132.48171150532076	1.008586679959983	96.66760961367514
133.4315489793817	1.0110887019073054	96.90741496273864
134.67467163820618	1.014596879658781	97.24365493504173
134.12006567081067	1.0313464111060202	98.8490074538931
132.2811535932347	1.0549230304552273	101.10869963558024
133.66360324825303	1.020779167744882	97.83619400292851
132.74950364128728	1.052968860380754	100.9214029424637
133.11901243784348	1.02956206518809	98.67798749295422
133.13321839293647	1.0195857002772752	97.72180656401268
132.05608608892211	1.0382497200229575	99.51065249113628
131.9600930321496	1.0373421366373425	99.4236655041418
133.978414357153	1.0226126476452613	98.01192319186784
134.43549186852493	1.0145395277841815	97.23815806627027
133.30611634396018	1.0256104612658004	98.2992475066965
132.43288612668601	1.0095546303978196	96.76038245800208
132.81144387815303	1.0200956896272055	97.77068630074304
132.22526120192816	1.054234749068558	101.04273156589134
132.35327699071573	1.0452572525097852	100.18228679709269
133.26667038800687	1.0268143745438136	98.4146361203676
133.0531914993196	1.010301844399302	96.83199890191153
132.00575968515108	1.0405549886336576	99.7316000909228
133.7112933946434	1.0229524824365357	98.04449452915473
133.9920743809748	1.0310111047882502	98.81687014643978
133.9938022799478	1.0592971829592617	101.52793863114923
132.59505291251455	1.0089457908136998	96.70202845789039
133.49280935676896	1.0139881595609903	97.18531238705214
133.5992264004656	1.0321245714662546	98.92358993987533
133.8276223354991	1.0127645621523649	97.06803715531302
132.62864900968015	1.0099593245244793	96.79917021380552
133.16255786521862	1.01032349151878	96.83407366190643
132.20551645692262	1.0102811319587692	96.83001372586732
133.30626652017355	1.0629994718428333	101.88278311163388
134.432038800873	1.0172666017533172	97.49953344141053
132.3081440034839	1.0278357193536656	98.51252652812475
133.3269192838909	1.053307529647013	100.95386257044547
133.4210722349743	1.0471556993272915	100.36424271567998
133.7212347993221	1.0240923418358778	98.15374392300401
132.65186132294042	1.0579799391910616	101.40168789942683
134.41529288167047	1.0640566371567288	101.98410672207937
133.82677025608342	1.0577448809021193	101.3791588264543
133.44884804123882	1.0349898369300963	99.19821022666038
134.65940175737813	1.027834388708103	98.5123989929031
132.5044430177287	1.008841891120872	96.69207023105196
133.37093309817138	1.011653145945406	96.96151388850079
134.70496400789318	1.0183315338402599	97.60160145528688
133.68697603328704	1.0393101725653724	99.61229116475833
132.52543115189778	1.0137195435684299	97.1595669886439
132.38807506893866	1.0181454256294105	97.58376398407123
133.93998569734842	1.035787755374585	99.27468641876955
133.05640702085407	1.0445890082140752	100.11823917482306
134.13404391169817	1.0146062745720545	97.244555386958
133.49938136144462	1.037105768594537	99.40101089830468
132.45591466782508	1.041482496125492	99.82049669635683
134.42109746296478	1.0146917978226622	97.25275233062867
133.77746503446593	1.0120698674466742	97.00145440348344
132.61555180097216	1.0096247327197612	96.76710138858596
133.2216727922039	1.049760590723113	100.61390754820313
133.61093215829666	1.0115627147753232	96.9528465471407
133.29766952922907	1.010844753757477	96.88403384440528
133.1007778739457	1.051541622068139	100.78460982515323
134.06073538968872	1.0300807518575903	98.72770082099566
132.29893660054677	1.0090561219519032	96.71260310418307
132.0844438578346	1.0341476036364627	99.11748669456313
133.31108174168466	1.010691663208653	96.86936093854274
134.17444621411164	1.0195575224829143	97.71910587394888
133.79760806791003	1.0140208115174647	97.1884419014948
134.43806506269289	1.032193948953471	98.93023939894859
133.64949898886113	1.0118268286395005	96.97816044075356
133.97178957051477	1.035508413002305	99.24791295454615
134.7608057639879	1.0221210178534281	97.96480312005282
133.77319887488767	1.0643947938579705	102.01651722346055
132.80270185848062	1.043832356436978	100.04571817087245
132.3326605481247	1.0088050299918407	96.68853729005451
134.81055882988267	1.0150810044508674	97.29005569298906
133.07589070539447	1.0103341211877421	96.83509245851556
132.56801286059851	1.0242638439891436	98.17018148214416
133.32243140463666	1.0116369023018492	96.95995702261585
133.65349202732767	1.0184012628177366	97.60828460281144
132.60058295775718	1.0423967944230066	99.90812727154754
133.7702477408027	1.0299881517672649	98.71882560029364
134.2776338917665	1.0132645035950612	97.11595385416749
133.1205564036091	1.0162787536428204	97.40485351215855
133.80383495403493	1.0589345844979319	101.49318551849882
134.55643021503627	1.0453226528433384	100.18855506737441
133.4439936453503	1.0118131116981186	96.97684574568476
132.6049628049599	1.061776370503347	101.76555542545412
132.619347944329	1.0123901835500315	97.03215497949495
133.33164224293304	1.016696785282568	97.44491959686917
133.4226238825512	1.0110172420416088	96.90056591888603
132.5812577741154	1.060618719792264	101.65460083004704
134.09978454680606	1.0157755067323864	97.35662000199652
132.34013565310607	1.0098499343404328	96.78868575290882
133.1181422197617	1.0175636190697102	97.52800095398042
133.97810113426212	1.03315347178609	99.02220450263475
131.89392986061742	1.0629382699465588	101.87691723898831
133.70381007906545	1.0212421949995032	97.88057267536149
132.5388524271329	1.056508853500155	101.26069224669575
132.4180349852215	1.019488947793637	97.71253335874106
132.49109396861508	1.0091979525719528	96.72619680642268
132.968097499474	1.0644347125766351	102.02034321798223
134.23052599743465	1.0209359048721853	97.85121641372885
132.48130400671712	1.0356755259032087	99.26392982745051
134.49107512501277	1.032956258161524	99.00330263723355
133.24021538929202	1.0526563391271826	100.89144946088747
134.3579474162573	1.0536919068926571	100.9907030624573
134.46748788563826	1.0324708058888448	98.95677464740993
134.58120423066558	1.0310955701742561	98.82496569947706
134.50996902683744	1.034590201796426	99.1599073481303
132.69782869682263	1.0191252057959812	97.67767064428314
132.96296387065976	1.0509473605491715	100.72765305419303
133.4100989898208	1.0187908693993042	97.64562629855087
133.74919675776792	1.0627976236269354	101.86343704557599
133.95104680865572	1.034931043563492	99.19257519863184
133.3812602106076	1.041278285727287	99.8009242278274
133.60128252500706	1.0313033360248027	98.84487893899406
132.5747462676295	1.037868736118604	99.47413723263952
132.67759997801653	1.029473392665571	98.669488708506
134.0841408721226	1.0454640662124939	100.20210877835959
132.6710783868747	1.0242927020056876	98.17294736784632
132.8069004805119	1.0148730894853422	97.27012816160321
132.16986981069152	1.0169351393217014	97.46776454977466
134.15449864215734	1.0503729732578158	100.67260112107606
132.6251586266601	1.0373517523167577	99.42458711530557
133.344197898246	1.0620810460367047	101.79475693693814
134.2146665637877	1.0209479502127736	97.85237089485058
134.2766894559393	1.0134220310304298	97.13105201174602
132.22290921527963	1.011396366857784	96.93690299377812
133.5607294789603	1.015483849716283	97.32866624538447
134.33743138035646	1.0253742504537455	98.27660797058134
134.23317600692485	1.0283565908653372	98.56244926153934
133.5178206895106	1.0183789048828726	97.6061417149842
134.52216281895664	1.0140476719493001	97.19101632944461
133.93995724088265	1.0165784081272191	97.43357378310044
132.23219776695882	1.0411444679829573	99.78809851663638
134.33812850209	1.0274517331459698	98.47572351499747
132.47169151385674	1.0282539623464635	98.5526128698887
131.91353205098324	1.045162825474912	100.17323647358013
132.32556510228562	1.0242549616797425	98.16933016055255
132.72099249295238	1.0293049396622116	98.65334339398763
132.14825378202224	1.0576424441920822	101.3693408186492
133.58934289244505	1.0120964341853729	97.00400068252544
132.02665598354054	1.0255481594936753	98.29327621686521
133.46976591281452	1.0530731115693597	100.93139485828227
132.1792058696635	1.058810221127228	101.48126595817911
134.45996571455197	1.0181867944650262	97.58772896450466
133.26875276524862	1.0303471836608071	98.75323687660078
132.61714819492056	1.014094511622927	97.19550566028208
132.39469665314476	1.0457496490551756	100.22948035811298
133.6239517124294	1.0347684282893708	99.17698939906865
132.77372889215906	1.009288359790775	96.73486185218324
133.94562034592587	1.02085814291983	97.84376334875938
132.08442545153926	1.0562070223608544	101.23176335508646
131.88852563315777	1.0542707484145817	101.04618190962174
132.59290968800713	1.0280026854428739	98.52852932991759
132.88548873538008	1.0095834230143292	96.76314207546265
132.40697062689438	1.0107461149379917	96.87457984398645
132.7225915972458	1.0094621354088424	96.75151731069911
132.88444470813832	1.0126226290735172	97.05443363294859
134.073197514284	1.053091643310776	100.93317102604286
133.14729658643333	1.0102033666491461	96.8225603391218
134.26007368380988	1.0144320315920126	97.22785513431012
133.66858867862442	1.012286093374047	97.02217849587028
133.10979624043068	1.0125710164289499	97.04948683851305
133.74289046993871	1.0148994541054677	97.27265506866688
134.01159687017977	1.0461625470875224	100.26905441416014
132.44270554254746	1.0254548831116697	98.28433617724238
132.74544841870716	1.0389865105553158	99.58126990158223
133.46251958697727	1.011072052185661	96.90581917645267
133.41937017033823	1.0470016805082079	100.34948084010482
134.28788056535367	1.0237206001975865	98.11811448600915
134.52817923549628	1.0157669039367379	97.35579547029504
134.20617627893037	1.0418660557477357	99.85725882356247
132.597585909237	1.0104249589449097	96.84379876906131
131.92918325199318	1.0519490819460282	100.82366266333922
133.5582223283802	1.0609964345327758	101.69080275676946
134.03416588673656	1.021436222180215	97.8991691372543
132.477201384547	1.028444707515064	98.57089476856963
132.2858989306817	1.0110278969087387	96.90158713060403
134.37588095245522	1.039325129032227	99.61372466167813
132.97594811319195	1.0098404163728025	96.7877735068942
134.55569214190402	1.039970731949069	99.67560222953696
132.88512518817473	1.059282667800759	101.5265474312618
132.30007244605545	1.0356234904246686	99.25894250665252
133.6062627876042	1.064318147088884	102.00917104281054
134.29232707104728	1.0452251553254124	100.17921045457273
132.0475315592514	1.0366479916671594	99.35713544150444
134.12118837534584	1.0146579630035881	97.2495094451667
134.65793260360337	1.020214705042799	97.78209328832398
132.99287561706166	1.012887651469982	97.07983460449556
133.8659974568313	1.063794440082562	101.95897654248152
134.0189574529447	1.0144215468258229	97.22685022585252
132.64362460294996	1.0486959649585048	100.51186889367531
134.63576538219573	1.0248927109569705	98.2304549992872
133.04434033840803	1.0208744494227535	97.84532623937663
133.82456437365468	1.0142093936013312	97.20651648013592
132.5904325463077	1.0336471937638136	99.06952509921666
134.4625399871685	1.0441260072181118	100.07386301914121
134.9609837125758	1.01787352014575	97.55770330563023
134.1884373434839	1.024587063172308	98.20116030274392
134.5974703148069	1.0288715714440695	98.61180738071013
132.4617657102874	1.015477303030989	97.32803878080374
134.27736677706375	1.0132606695941886	97.11558638580114
132.08244680593117	1.0353089293538262	99.22879351955994
132.14417281145634	1.0287850118569186	98.60351110975465
131.9692788622248	1.0586503759693124	101.46594565935797
133.18114806923703	1.0567013866012027	101.27914550908719
132.91926136299597	1.0251564377666091	98.25573179580392
132.62408184586664	1.0106251060905578	96.86298179668327
134.68623716881856	1.0384755186709242	99.53229407731489
132.4501937656547	1.0411853816562389	99.79201987220772
133.99361239847926	1.0531364704386303	100.93746746519045
133.38687085345822	1.0115743392979528	96.95396069512404
133.07268351193116	1.0420573717883994	99.87559543726083
132.29504902423653	1.0301309094341646	98.73250815498866
133.00383009383404	1.0147897958484753	97.26214491441988
133.29476972675727	1.0512420861093277	100.7559009142515
132.14329769400877	1.0205107026024913	97.81046306269782
134.37583317335373	1.0595697148919498	101.55405935136082
134.464320033871	1.014987424314618	97.2810865401554
131.98654262088783	1.0631083330167101	101.89321686975059
133.84504529318698	1.0289875415972563	98.62292249626522
133.61324339508332	1.0123520874686163	97.02850367495243
132.3335382956233	1.0092706072660633	96.7331603681536
133.3410516974517	1.017916343664969	97.56180770966449
133.45145414703393	1.0623378904729646	101.81937409497637
132.68638012402002	1.0608096118907102	101.67289681116355
134.23026862876927	1.050435927080453	100.67863490644257
134.47472386564965	1.0489697484469085	100.538109568772
134.68659262451797	1.0211248958305437	97.86933018079132
133.24420962953158	1.0446062087173482	100.11988775056633
134.6127910682403	1.0194565434118847	97.7094275730042
134.0554509481761	1.0133390321957423	97.12309701976628
134.79794809629303	1.0157314309818755	97.35239557832679
133.50011581327826	1.0183310775547247	97.60155772277201
134.53524069537275	1.0488730140596751	100.52883809794346
133.8886818341847	1.0131451970939342	97.10451896760347
133.90544956802154	1.0184562354208628	97.61355343120671
132.31132119323013	1.0553122610009016	101.14600529030142
134.45403287903167	1.0153105606071258	97.31205741613145
132.2079231225863	1.0459237558998724	100.24616756292008
132.91154853376798	1.0421086511461775	99.88051028794982
134.55207859427665	1.0442991121191039	100.09045419303217
134.22679902772398	1.026893677446075	98.42223687709912
132.9120801004576	1.016786814438319	97.45354840731741
133.1553948885921	1.028943212742139	98.61867381388001
133.58854134320006	1.0202854615839	97.78887492229622
134.75890117947168	1.0179607649046192	97.56606524661039
132.77629710084253	1.0340824750672768	99.1112444714346
133.2910536771879	1.0616395013318656	101.75243725137966
133.56886429872597	1.05649813844054	101.25966526585175
133.09925311547468	1.0102198407055538	96.82413928883946
134.60811862564103	1.014638852488919	97.24767780510217
133.06811144758078	1.0232205114855297	98.07018367217842
132.31341785685757	1.0082793867616267	96.63815721307746
133.53102738905122	1.0452497167567312	100.18156453568588
133.48925060403676	1.0206098149584772	97.8199624490438
133.50088793894182	1.018455476102773	97.61348065465104
134.64900325385068	1.0163832981759275	97.41487354347014
133.69760303743794	1.0183835610503011	97.60658798359377
133.515626132976	1.0124943517971732	97.04213894582023
132.7221825201313	1.0111754109097573	96.91572555434722
132.5194258797143	1.0191898991345831	97.68387115290065
132.65787936828445	1.010105380277564	96.81316887232596
133.88751613562505	1.0129790201657687	97.08859180265286
132.7011465754296	1.0257829647466628	98.31578103770215
133.24991078287775	1.0115642327614653	96.95299203794949
133.0807719458661	1.0657451834480605	102.14594480396993
133.85431751722908	1.0128250779964005	97.07383727354076
133.61096045861817	1.0114262234849507	96.93976459093847
133.86626272128728	1.0369525831893165	99.38632890096662
132.20283327111028	1.012219167627248	97.01576402293185
134.01222367131808	1.0205430497529957	97.81356336312734
133.77235703012704	1.0338766375809971	99.09151605526286
133.5154377627439	1.0270278917391786	98.43510059535765
132.74058436172913	1.0188781424764162	97.65399095368231
133.28946785647014	1.062813076708316	101.86491814032757
134.57218120214907	1.035108593164838	99.20959237315043
134.8541593077667	1.0198957993521591	97.75152789278694
133.3827732474111	1.0196879947288346	97.73161093710769
133.9653837819154	1.0210552648689657	97.86265642756356
132.89321695080284	1.0351334099743252	99.21197093088773
132.92637816701176	1.03649061913305	99.34205213037859
134.7294650545098	1.0356571833923898	99.26217179642514
133.05768766794793	1.0614870957675482	101.7378299975986
133.68639986731964	1.035786855571195	99.27460017745332
134.12274877979274	1.0403371144036262	99.71071801758985
133.3159912199195	1.0518867396389642	100.817687488452
134.88842140376852	1.015160978746478	97.29772079916269
134.93264051150524	1.018746381012301	97.64136232589226
132.2747378005387	1.0618096139063276	101.7687416268639
134.65373659812732	1.026797127091398	98.41298304480148
132.81501924537775	1.0097848887114391	96.78245147915172
133.82251004143586	1.0451256212057267	100.16967064444414
133.93256850612622	1.0123491768470805	97.02822470753006
134.53321894163705	1.0343053870076802	99.13260938221649
133.1023494438873	1.016202318981155	97.39752766086424
133.28976812704218	1.0639761495204483	101.97639241496302
133.2844666927026	1.0405165098708369	99.72791210842544
132.2253257675032	1.0257281922118013	98.31053138477421
134.34098392281564	1.0134611437998395	97.13480076036558
134.30995419500866	1.0134456180941467	97.1333127049642
133.2108479480438	1.0580572172895046	101.40909458960073
133.73332357742626	1.0196081882860097	97.72396191872093
133.19275459774386	1.0202255635411648	97.7831340170009
134.24708574764597	1.0263673894935448	98.37179500695505
134.2741614953372	1.0141516822080197	97.20098515342922
134.4446372662183	1.0470007273945308	100.34938948928422
134.31221642357877	1.048217517691424	100.46601229596897
134.08428350092132	1.0280646906037014	98.53447219115105
133.48060879163697	1.013531990115489	97.14159099874553
133.5282576989063	1.064936081846716	102.06839676641337
132.82606322145202	1.0520588042878203	100.83417895976966
132.26335714496676	1.029662638247139	98.68762687983389
132.79908996819196	1.0138046101452527	97.16772016258807
132.55129378191484	1.0244933058974675	98.19217417212886
133.76979373309874	1.0246203285482411	98.20434861014301
133.3634261375328	1.0184853026410048	97.61633936794875
133.4046930233973	1.062025481216205	101.78943134769229
134.0424414461324	1.0604773474356253	101.64105104989103
132.74940132736359	1.0103370470149176	96.83537288331672
133.42099700458743	1.0537645333254664	100.99766391549447
133.55247324160544	1.0114324814959268	96.94036438763817
132.68126983520938	1.0403224689418515	99.70931432883452
134.49887901028916	1.0443967921903026	100.09981630258339
134.69317375246698	1.0220984918234615	97.96264412121391
134.12781086331077	1.0167322088924509	97.44831475938649
133.60926246289887	1.0502292162917646	100.65882278893108
132.45697003697006	1.008543207776948	96.66344303870227
133.37388352226932	1.0504428506066479	100.67929848919717
133.31371948088065	1.0112055308381462	96.91861238751382
133.73724657474565	1.0119875686106503	96.99356650261136
133.871909344724	1.02849790351612	98.5759933192101
133.35627706741803	1.0288830499048371	98.61290752944944
132.22615590220732	1.0626548945818883	101.84975723413163
132.60779316661691	1.041548998798724	99.82687061996893
133.94681564307464	1.0252283817105308	98.26262723595127
134.39325601883735	1.0332103138028452	99.02765250427362
132.79364460432004	1.011448353825235	96.94188566504913
134.3085606292489	1.0341248126697082	99.11530230295782
134.4308336230761	1.0390046702431095	99.58301041000381
134.34980891143837	1.054641257701717	101.08169323238525
134.18027465418496	1.012979369608875	97.08862529489546
134.1956866068659	1.056824131630468	101.29090996008263
134.19082826347588	1.0130112069547739	97.091676733295
133.1255628636397	1.0508788552263053	100.7210871873827
133.225122150621	1.0640588337299461	101.98431725181021
132.35055978001364	1.0267669061772238	98.41008653269041
132.02670195745102	1.0259807273015167	98.33473551511958
134.70225405453897	1.0214215098884427	97.89775904320308
133.88962009593797	1.062401234077627	101.82544523885392
133.18315259043692	1.0191458921305694	97.67965331821296
134.18131278647544	1.0230493493168873	98.05377869873618
132.8695506004216	1.0105515418036544	96.85593105537447
133.90963038864817	1.0188865607307034	97.6547977980867
134.72369690698886	1.029943118933003	98.71450944529306
132.05838589018305	1.0216857147020422	97.92308165382897
132.37009118945704	1.0300987982579126	98.72943047142229
132.51781345121958	1.0594238558951097	101.54007955086834
134.767558887799	1.0150110128434207	97.28334737379414
132.59147163495834	1.0405369424215347	99.72987045853407
132.82740427698093	1.0608499385820822	101.67676190767537
133.84117203293593	1.0138644838160733	97.17345873196642
132.3792627867369	1.0349490520678297	99.19430121693215
133.82126990274782	1.0626703535690534	101.85123889492091
134.31156733641893	1.0214665991428233	97.90208060576863
133.72725525405764	1.0117549096714347	96.97126739440768
134.51236352152384	1.0427788378264928	99.94474407733875
134.55736000880074	1.026604009510888	98.39447376319661
132.2957138658812	1.0464553484867531	100.29711785374104
134.4678515775073	1.0139956428184789	97.18602961704131
132.4599881205811	1.0220037248920646	97.95356122044736
132.42897174608387	1.0628841350975624	101.87172870482138
132.15075960988753	1.0422694619658919	99.89592314026156
132.2659413795501	1.0085214490388008	96.66135758065818
134.56438666271413	1.0180052312599999	97.57032710765642
133.232087075182	1.0605403375124554	101.64708831002696
132.99821719808315	1.0476817921972166	100.4146658882054
133.77307590805998	1.0220767570320186	97.96056095833265
134.31311370294432	1.0323040851226026	98.94079535850418
134.1257174679006	1.0226792076342854	98.01830260889041
133.8221881709041	1.0152491730555462	97.30617374942324
133.49161366777702	1.0111503886496251	96.9133273052704
132.8843048844029	1.0144536817438714	97.2299301849424
133.90909947451314	1.0133004374489203	97.11939792082609
134.77682407303368	1.0156374149796303	97.3433846500813
134.29565739987854	1.0215681910055205	97.91181763949938
134.15027195587018	1.0250401477114166	98.24458601936183
133.51227323075815	1.0177444604402393	97.54533362687374
132.397730237904	1.0086585519321314	96.67449815571506
134.63426803211013	1.0382765742177424	99.51322632129838
134.9336246169767	1.0163516495171425	97.41184018971579
132.34550460190337	1.0159446959567502	97.37283587933916
132.49268718211374	1.0146325934354357	97.24707790848377
134.22464492778036	1.021717439904374	97.92612234387065
133.92424186679042	1.0426633433727197	99.93367455501435
133.27710174980595	1.0105317973393315	96.85403865464471
132.45262832519722	1.047145267662866	100.36324289674093
133.50205556236054	1.028577813480838	98.58365225961366
134.79597491028665	1.0224496173052153	97.99629761046775
133.41716978199622	1.0317685382663093	98.88946607222404
133.32597098052167	1.0162814210344413	97.40510916730155
133.30422040117486	1.0424338212774527	99.91167609643482
132.9705057857141	1.0389852445077354	99.58114855772983
133.27090087768346	1.0106070401081353	96.86125026941764
132.49947732030762	1.0135198463820227	97.14042708719553
132.73130372079083	1.0579055260018433	101.39455579539613
134.57818361356925	1.0166236457913154	97.43790956993918
133.87515923801152	1.014395196887015	97.2243247259142
133.35329931955508	1.0188270248349407	97.64909160263127
134.39553102433823	1.0528726455679138	100.91218127004674
133.09987049776552	1.011251409433874	96.92300960420283
133.64394882313587	1.0536135641776492	100.98319433451063
132.66473396272707	1.015559127710891	97.33588123636132
132.12367981416853	1.017286249888131	97.50141660947489
133.22390360497232	1.012954385118557	97.08623066585223
134.09121567507702	1.0127244238422732	97.06419011413392
132.81148112049632	1.0543965626521838	101.05824052773166
133.56092741634419	1.0355248653980924	99.24948982820985
134.6967960937914	1.0240261998368867	98.14740456807836
133.6675122438362	1.0430763930646636	99.97326314681837
133.61560189153394	1.027072334270613	98.43936017300656
132.5441364552507	1.0098203955580336	96.78585461946024
133.8269785410396	1.025659162048681	98.30391521484785
133.65163235227024	1.0179936446198354	97.56921659050366
134.78145241181005	1.0314205271174257	98.85611107502854
134.00935563545235	1.0526724617827428	100.89299473072356
133.41880596057618	1.0109780565151278	96.89681019689243
132.51610839968137	1.0143770866942996	97.22258896132973
132.9792156080722	1.0487787055388564	100.51979913336574
132.6238219360516	1.021967889708313	97.95012661078796
134.94628441875307	1.0155188302816331	97.33201894446579
134.52321660499348	1.035602883452834	99.25696743921586
134.58416746468544	1.0225420329320523	98.00515515133635
132.19454469851468	1.0088484381619014	96.69269772972801
132.81352017301813	1.0413717743587083	99.80988461041532
133.32230935397402	1.0113069514812147	96.92833301076388
134.13927827730757	1.048618545262585	100.5044486321447
133.66118621891758	1.037553065339878	99.44388188601371
133.32760470049377	1.0641778408831302	101.99572344748363
133.86388485704998	1.048582346339316	100.50097916000857
133.4662461603425	1.0116771642963036	96.963815918276
133.80301160511053	1.0519584570913787	100.82456122060636
133.50193314916828	1.0448430791141694	100.14259050433445
133.8477160005266	1.0125530426908258	97.04776415236738
133.79179815452625	1.015357581088382	97.3165640764079
133.92260133384596	1.0186503962352138	97.63216270116523
134.55613306758454	1.0585813122450218	101.45932627277391
132.3306833512656	1.0290983991994411	98.63354760129947
134.51603207820853	1.0417135674940177	99.84264364444702
134.63672524231637	1.03058896410794	98.77641023228755
131.95963377540699	1.042094401399703	99.87914452637808
133.40503146974686	1.0287267505803062	98.59792707969054
132.70033800043902	1.05867581785452	101.46838412724172
134.14842525553004	1.0147283640997133	97.25625701164938
134.7382914337543	1.0415075959614908	99.82290238066328
133.34422607391508	1.0521150452387673	100.83956935248302
134.54936618472362	1.0347328178380757	99.1735763288067
134.4183815739549	1.0428729918123345	99.95376823056995
132.60265221160296	1.020087408208105	97.76989257125547
133.38589341768684	1.011324218156485	96.92998792873723
132.29534450854544	1.0437924021372313	100.0418887660954
132.93178860745286	1.0096859216483451	96.77296601834814
132.56405291794607	1.0234987083364375	98.09684734433833
132.8548930136858	1.0255683243007039	98.29520890518295
132.78595675244625	1.0101196401240595	96.81453560193044
133.20816780721145	1.0562083452804447	101.2318901498152
134.36818901914884	1.0285177682363444	98.57789724582138
134.38102221157382	1.0402670303794068	99.70400084074429
134.7845125152036	1.0147675609809397	97.26001382193428
132.76680642525713	1.0126305735069618	97.05519506417316
133.55758141941104	1.0157124425515105	97.35057563938632
133.12516046012146	1.0149612352871196	97.2785764627008
132.86932693658838	1.0537681034887643	100.99800609644805
133.69237903919094	1.0284224449887516	98.56876102513901
134.6276456007951	1.0202708336980109	97.78747291809499
133.56837410466983	1.0475027815713889	100.39750868234691
134.54571469516316	1.0625683202876988	101.84145955358558
132.21575233601158	1.0079924540654108	96.61065625712165
133.35193730693007	1.0256156266598162	98.2997425819361
134.35538729523924	1.0207647266855469	97.83480990504782
133.51345991080666	1.012175607590582	97.01158902766088
134.6815972309661	1.0443125737207213	100.09174441515763
133.76453506165717	1.0549151918706292	101.1079483493984
132.97393168870033	1.0298874419415802	98.70917310506739
132.61696256561456	1.039330240049239	99.61421452517433
133.04916298788325	1.031318688287788	98.84635037084462
132.6817715540475	1.0511980567749262	100.75168093931623
133.72195306354863	1.0510682676871523	100.73924135319209
133.21067926437865	1.0614475876434528	101.73404335635843
132.45105464471615	1.0091455097561945	96.72117044454275
134.6617928127233	1.0430331727892288	99.96912071583435
134.39911577130903	1.0160903775340937	97.38679867512694
134.25720312205905	1.0259884483366752	98.33547553481978
132.52410586472706	1.0347056664888146	99.17097401798604
134.16714243009943	1.0598021537766587	101.57633736852337
134.21418055486106	1.0611821311098935	101.70860077510548
132.62918743725058	1.0468432720056844	100.33429823697742
134.81914725869757	1.0167596872206752	97.45094840938249
133.30554380055025	1.018044579129253	97.57409838933174
133.74168034374998	1.0143779567388043	97.22267235041684
133.93715908826132	1.0129801556300675	97.08870063079996
134.15032907123486	1.0361745731556313	99.31176082297576
134.12504188794347	1.050969914686008	100.72981474692428
134.1217116771221	1.0128986340642392	97.08088722709638
132.87009112469795	1.0377732157086508	99.46498211500514
132.8851345098712	1.0610246104166716	101.69350326372546
132.5369243317363	1.064009647289504	101.9796029959932
134.36699471017135	1.0169106759989315	97.46541987183834
132.47928507551003	1.033111706825965	99.01820155579725
133.0382751799211	1.0200811719400251	97.76929485849544
132.37675710651698	1.0098510314896834	96.78879090876458
134.22151876364276	1.0132079615978478	97.11053460778835
132.98630200075598	1.0119739415155857	96.99226041882893
134.31536650734492	1.053495707488415	100.97189840462019
132.4436588759886	1.0576682174866665	101.37181105033957
132.7140015441597	1.0442984314544668	100.09038895498698
133.08168839069137	1.0590018594394655	101.49963345987477
134.5712032321463	1.0212294034018479	97.87934666951284
133.74535806866473	1.0119917694143623	96.9939691270574
133.8244034326337	1.0205915611427634	97.81821291896725
133.25123300157622	1.0454886869262696	100.20446854137745
134.76234486805035	1.015804803695569	97.35942795837359
134.6154584627503	1.0258756759528298	98.32466690826008
132.8351252251196	1.0397452065400028	99.65398683183766
132.3123833709203	1.0453456975485136	100.19076377844287
133.94821967359832	1.0284505999169127	98.57145952360052
132.48325817190175	1.0582413736154848	101.4267449831479
133.47238233222058	1.0288112436877541	98.60602528967894
132.19993813999974	1.013099903469696	97.10017781728605
133.5591271526484	1.0475814029495354	100.40504411865689
134.77021417834803	1.0147173470359168	97.2552010853286
132.41340917992315	1.041172366008814	99.7907723923935
134.20309873377101	1.0515625836852527	100.78661888343277
133.03212652489935	1.0266852100074946	98.40225639414186
134.69393279196342	1.0216011026092622	97.91497203973631
134.3704821606518	1.0213730254734448	97.89311207274977
133.00539918136244	1.012707025277154	97.06252255522779
132.43703212025278	1.0574014153892441	101.34623950402612
132.1081371881322	1.0403382929004068	99.71083097016893
132.5998684779956	1.0088620745442425	96.69400470364596
132.00851727235144	1.0586911586661767	101.46985446154403
134.38236015972177	1.0144817298421378	97.23261844433297
133.38271686026897	1.0181024121710303	97.57964137538973
133.87554772107993	1.0150226189098333	97.28445975284835
133.47603421487418	1.0164685723171853	97.42304661134922
134.6625706471648	1.04220384980559	99.88963456752509
132.502719801925	1.0177980277454448	97.55046776502027
134.02137002340038	1.0189621234819795	97.66204008145891
133.70989492630466	1.0230376455845676	98.05265695892997
133.06684928129715	1.0273543639985896	98.46639120582229
133.00222368859647	1.0299541836149708	98.7155699355595
134.451018846721	1.0227566825904815	98.02572816682131
134.08087001270405	1.017569691525492	97.52858296621255
132.10635113522952	1.0207186357534024	97.8303923370551
134.616302843378	1.0200007497256642	97.76158682171827
133.38086551156445	1.0496150155448105	100.59995495019129
134.63103350386	1.0182910793244477	97.59772410748987
132.3853933411134	1.0235377549611342	98.10058975334286
133.16114393011003	1.0185259350241758	97.62023376337562
134.4990896817923	1.0244500479877223	98.18802813409857
134.67951274218228	1.0145018398877284	97.23454588406135
133.21242235141625	1.0115713973232254	96.95367872266685
133.1949656153367	1.0106473146840234	96.86511037094054
134.64403029808713	1.0158820567902267	97.36683225206912
132.44316832395955	1.0124152299426694	97.03455554154267
132.16238721236007	1.0225114930902124	98.00222807172356
133.06213742343922	1.0291104110014653	98.6346988679302
132.24513206913528	1.0086245924766575	96.67124332452435
133.26481319272835	1.012129165508106	97.00713780379718
133.3573573590727	1.0375449472296379	99.44310380880223
132.66077715340282	1.0383096061235206	99.51639225183861
134.1592397451137	1.0129156659754048	97.08251964419274
132.1086895858162	1.050570345739354	100.6915182120638
134.93985767663108	1.0169242587046443	97.46672170114012
133.88103413047722	1.0203084454190667	97.79107779930169
134.7318397757224	1.0355285838349229	99.2498462203842
133.62078147438274	1.0268788019183155	98.4208111377563
133.95191015522525	1.0349357974082247	99.19303082908574
133.01105009650922	1.0602650887290432	101.62070719428331
131.94637186836357	1.050023273804319	100.63908430896221
133.1550391024927	1.0310067389004824	98.81645169957476
133.64713916185462	1.06261902884296	101.84631969592284
133.97996151263985	1.01350396561251	97.13890500083636
132.9022421965431	1.0480405730624236	100.4490531047965
132.80703081923727	1.0572028770614672	101.32721067294574
134.57841375030165	1.0514655726548514	100.77732089784425
133.13275978290403	1.0643053981730237	102.00794912778244
132.50611069115158	1.05146716507742	100.77747352298421
133.5537266842618	1.0255897663831826	98.29726401348401
133.99844507089938	1.0436337157880868	100.02667953286347
132.86003628419056	1.0421649332002143	99.88590462017332
132.97274613664587	1.039709938386635	99.65060656899135
134.43618059340483	1.031446272378398	98.85857861984793
132.90499292150088	1.029695082581198	98.69073649478449
132.19224916819496	1.0640485948968368	101.98333591471587
134.69375023725186	1.0402532417309995	99.7026792729427
132.71570272647674	1.0119559506721012	96.99053609322645
133.57525604023647	1.0296467888070826	98.68610779623461
132.26291414395953	1.0111002149790127	96.90851842875041
133.88096779781293	1.0309643523996543	98.81238918140318
132.83346732863913	1.0278840378197522	98.5171575932673
133.12415914192496	1.0416267361396638	99.83432132606657
132.55182226991684	1.0566000774250814	101.26943556934461
132.60025819321356	1.0496959871823623	100.60771564622681
133.01073251063056	1.0578948428076496	101.39353186868138
134.36568577550096	1.0467663293791327	100.32692369998031
133.6324253716547	1.054364072765209	101.055126546779
132.8953239664257	1.00975152974243	96.77925420135958
133.8401966549537	1.0192631507981393	97.69089193094273
134.07243697383865	1.02411062676691	98.1554964353165
133.65530455792626	1.017738023777475	97.54471670736083
133.82482945392917	1.0316266885128886	98.8758705361537
133.09211625392177	1.0524111599135972	100.86795035171303
134.39791127182826	1.0142032469520323	97.20592735685415
134.52276634862736	1.0184992684315581	97.61767791387244
134.37748635292633	1.0421239037566263	99.88197216864067
133.94366618172023	1.0364946552796432	99.34243897332524
132.13210646878332	1.0138774896316423	97.1747052694501
133.6854175643325	1.0145943628776404	97.24341371510336
133.89595137980956	1.01569821763477	97.34921225761103
134.72354309759467	1.039603903304711	99.64044367659109
132.58078469304564	1.0436642222398933	100.02960341222112
134.33953232031985	1.0317170961064122	98.88453561782735
133.76797773674429	1.0233619510244347	98.08373989139336
132.6387499441711	1.0335039638078234	99.05579727815206
132.6526042599925	1.0361129901684163	99.30585842481283
133.33851607217852	1.0436412519264782	100.02740183120281
133.4930164864015	1.0123230949463056	97.02572489759585
133.47863208017125	1.0149510651693077	97.2776017115982
133.0053057821735	1.0174382643299684	97.5159863762695
133.73843770431347	1.0545135684218678	101.06945490155898
134.59807462615746	1.0157436975398526	97.35357126194566
133.90156290065977	1.0132480238023032	97.11437435465147
133.83607751603338	1.026496804481493	98.38419873762265
133.2506328420137	1.0597824865126224	101.57445236702593
134.06250331174084	1.0160808407918487	97.38588462966645
133.5281069711189	1.0266438324651306	98.39829057921341
133.55830715507813	1.0113692513936683	96.93430412235566
134.54007019218847	1.0152389278602865	97.305191802551
134.55555794779482	1.0534114399759325	100.96382181669608
133.5497402615404	1.0233484732290237	98.08244811717987
132.2641416335537	1.0192576813034886	97.69036770929257
132.60954712739584	1.050059106232621	100.64251865452658
133.14223218207988	1.0201110231665134	97.7721559380298
133.25407446228897	1.0522682823250986	100.85425630317764
132.4171097968642	1.047415146686893	100.38910934992332
132.522762070777	1.0181077935581022	97.58015715240224
132.65865952791614	1.0259894266443461	98.3355693003492
134.0106756744684	1.0574767758788062	101.35346240170068
134.1295903077443	1.0431879961338701	99.9839597008579
133.4339380062395	1.0182865237271221	97.59728747798387
133.64054157746565	1.018847821344507	97.65108483624026
133.52547871587024	1.0164095805413411	97.41739256686199
133.99502703001744	1.012466081680176	97.0394294071282
134.1101525446674	1.0391194438864026	99.59401084651982
134.1104474409285	1.0372725900465483	99.41699983739997
134.1365944173422	1.0128914571038483	97.08019935403692
134.26720777978676	1.0163190702723548	97.40871764429733
134.08550061399168	1.036235140624034	99.31756588912144
134.34589289754032	1.0173440783629135	97.50695915781098
133.08006124298996	1.0125575374117668	97.04819494719928
132.99700316162435	1.0306441978971057	98.78170409396016
134.30705256111392	1.0321893554295234	98.9297991343798
133.83476134538137	1.021456122056564	97.90107643339105
132.7025592834423	1.017392876033567	97.51163615213434
132.05307807457456	1.033666071177981	99.0713343978516
134.60219945879203	1.0142186248225018	97.20740124304436
133.16022629437037	1.0233514377581276	98.08273225135278
134.9326598075289	1.0159374471719007	97.37214112229157
132.38203671909292	1.0196497010707373	97.72794069590265
132.000548171741	1.034577922528753	99.15873044635546
133.32129540410244	1.015361275372417	97.31691815366669
134.10718463841113	1.0159277900557095	97.37121553963566
133.44615737834113	1.0371587738121857	99.40609116338149
134.63609173285533	1.0468424999099322	100.3342242357515
134.4555543068001	1.0182343894372958	97.59229068665543
134.2611513727438	1.0387767677195738	99.56116717866549
132.66178955247278	1.0241069752365919	98.15514645577156
132.19142869766304	1.01724592452598	97.49755164036176
134.6437519019681	1.0311494217298978	98.83012708149933
133.64883822795375	1.02184705010592	97.93854478471182
132.4718026325065	1.0565147225080362	101.26125475954066
132.21808561088267	1.0456994236848505	100.2246665264535
133.6806668451661	1.0126606348752267	97.05807628466677
132.7670762381063	1.0220883554668878	97.96167260594446
134.6989580765659	1.035153344598178	99.21388155738586
134.14592183134178	1.0239705058617832	98.14206660005824
134.55845277510315	1.0143283271836478	97.21791562443734
132.2157615582722	1.0429223868910924	99.95850248324756
133.2884732207879	1.0127059996302776	97.06242425249009
133.58479777806699	1.0121744768153718	97.0114806489377
132.1676949741292	1.008493605401786	96.65868891777905
132.38066823048155	1.022132200075184	97.96587487587587
133.34531554314955	1.0163268685574256	97.40946506798619
132.33708636824792	1.0306348673886205	98.78080981489653
133.8779734287367	1.0285116931198353	98.57731497857282
134.84366790862535	1.0156441461172978	97.34402979343012
133.9324926317125	1.033881898093618	99.09202024710923
134.20447074642667	1.014331997376444	97.21826739268042
132.15180066313073	1.0177661263773645	97.54741019043894
134.83303394976875	1.0240118710151718	98.14603122757002
132.091355799258	1.035381354432686	99.23573507390383
133.10748539129517	1.011830076621348	96.97847174234765
132.87232782719704	1.0182241192769816	97.59130634701694
132.5233273874684	1.055669727047431	101.1802664885927
134.41409761110245	1.0273836879688096	98.46920175067865
132.55915666191902	1.0139174635349049	97.17853655311873
134.1096864213201	1.0336353930775481	99.06839406689615
132.08442545153926	1.0465217314005353	100.30348029905389
133.34864042360078	1.057203851427275	101.32730406066878
133.06335274894244	1.033268754459767	99.03325372697577
133.875670899167	1.0296118222667214	98.68275644137306
133.31961491333868	1.0354025044298094	99.2377621873943
132.79082437342768	1.0416588054413745	99.83739499618332
132.388139801716	1.008686172720785	96.6771454597771
132.61672124834405	1.0448813846297595	100.14626188201639
134.2860772501892	1.032735239226651	98.98211916085214
132.7487967485346	1.045093239438081	100.1665670261478
132.85935608071952	1.0099558130656578	96.7988336593603
132.95888527459726	1.045279289410297	100.18439891550362
133.50957032441448	1.0113705507801183	96.93442866155947
133.51010712893347	1.0610968992144438	101.70043175625995
132.25690625013883	1.0309487218849285	98.81089108061958
132.45138789140043	1.0578609910504257	101.39028735978881
132.81938631546544	1.0261644444900775	98.35234381970658
134.37814572658547	1.0150360484268626	97.28574689983857
134.5782315586467	1.0314160441951599	98.8556814110362
133.37456007286642	1.0197734640812581	97.73980271492727
131.84997528020713	1.0594034069240954	101.5381196269607
133.3555161778831	1.0493366378543265	100.57327394553047
134.7633356879845	1.0177273188532168	97.54369069793627
133.86872594761073	1.0294585523375266	98.6680663428666
132.95676675129542	1.0486102464676796	100.50365323727968
134.7954744055399	1.025231747778358	98.26294985545151
132.34797206949912	1.0330804810452912	99.01520873263586
132.3629545423014	1.048509802019549	100.49402617706494
132.7965766637856	1.063832475615076	101.96262204373747
133.71254070474708	1.0546019761171552	101.07792830374116
132.69049653506013	1.0092821948408088	96.73427097488093
132.5250326360164	1.0285141927026515	98.57755455014428
132.37925354050066	1.0283209527552055	98.55903354032667
132.63307725065238	1.0089620850700296	96.70359017473747
131.90734606570484	1.0576393578453667	101.36904500891329
134.6632044459074	1.0517949445489212	100.80888942269816
134.97500125470825	1.0155477595104234	97.33479165547882
133.67434887703592	1.0237493777294975	98.12087265769206
134.67985855080101	1.0363771082258841	99.33117272033004
132.9969004365631	1.036020396381277	99.29698380823731
134.23302348515682	1.0216270434926151	97.91745833390898
133.2363245384896	1.0127111869687744	97.06292143099016
133.3096643561644	1.0179733618061602	97.56727259188344
132.71867758359065	1.0647802665263186	102.05346270584795
133.00511898422158	1.0641118795734996	101.98940141066156
132.2720793612954	1.0363484428643304	99.32842529957269
132.61697184706674	1.0121424251877567	97.00840867278797
132.98015854602107	1.0586590881061282	101.46678067082236
132.58548783498844	1.0113254930434363	96.93011011979583
133.3616411396763	1.0146293574637353	97.24676775799767
133.009620972987	1.0136122664048342	97.14928504939468
132.9041537042661	1.0390969052558972	99.59185063998704
134.27274016147632	1.020783645686204	97.83662318952415
133.6037065785965	1.0114349520412138	96.94060117611859
133.329623438164	1.0126071414309865	97.05294922569658
134.17141793835563	1.0613532727619197	101.7250037821404
132.61756586288226	1.014118191397574	97.19777523934435
133.81214478876788	1.0120482623802496	96.99938367404756
134.21930767460114	1.0148738138815605	97.27019759108532
132.80667704333578	1.0337617575460682	99.08050542168066
132.78447699707925	1.0252026840441348	98.26016425281605
133.8506614937396	1.0244837895431957	98.19126208074597
133.10243363627265	1.0464166525620744	100.29340905744736
134.1674852211152	1.0134916145613775	97.13772121900291
134.5143366590801	1.0645894276901828	102.03517182963746
133.3829612049303	1.0161817803590558	97.39555914438216
133.89249183739727	1.0122837777311358	97.02195655394956
134.67919575276147	1.0199153265270697	97.75339946749503
133.51630427068034	1.0293784262434904	98.66038668763017
133.29999697882423	1.0354743633101648	99.24464947465624
132.55490056968117	1.010912996484516	96.89057454281767
131.99162433132875	1.0621137316457248	101.79788967679632
134.45350660821288	1.0137826406156176	97.16561450131337
134.3986855900766	1.0372562940878352	99.4154379573886
132.34614225278838	1.009422512050903	96.74771962491467
133.05784658222643	1.054067086568051	101.02666201682045
134.56402236784663	1.0408956794027453	99.7642534690801
134.78772676073302	1.0195737685029038	97.72066296760212
133.26548852991021	1.0415790846518027	99.82975418720028
133.49900472294414	1.01457852507466	97.24189574685525
133.0932292876775	1.0203511945204937	97.79517507079079
132.87463917160784	1.038343519911465	99.51964270604216
133.37348887123989	1.0156697949504916	97.34648809616552
132.22824051081008	1.053129844825321	100.93683243578388
133.0616793454627	1.044955369575737	100.15335294123535
132.67676383834066	1.0378477966924515	99.47213030124428
133.86772169689618	1.0122995907039813	97.02347214236278
133.06226830348973	1.0412565378094139	99.79883980684835
132.76007078877046	1.0143677659597543	97.22169561904568
134.7543612109819	1.0250640283519914	98.24687485034312
132.66507764115107	1.0594616741916674	101.54370423122606
133.78992471982923	1.0128204667293772	97.07339530839359
131.87270094093367	1.0642875190461352	102.00623550961491
132.52879546868405	1.0204932951420977	97.80879465122747
132.54089182359155	1.0153490913738212	97.31575038292057
132.38047405545973	1.0095212010863086	96.7571784382594
132.65205634305755	1.018976484994236	97.66341655517986
133.15053577853294	1.0141610650013895	97.20188444371787
132.46181200236026	1.025517578465771	98.29034518978963
132.3723284918933	1.0278458813375322	98.51350049963243
134.57714800954497	1.0162212419285124	97.39934132361054
134.5490403207032	1.0418422043612396	99.85497279642733
131.9205447830828	1.060995189424787	101.69068341986429
132.29805933551836	1.0619091401372236	101.77828068089441
134.0741482035856	1.0163152087418899	97.40834753736758
133.59543501559327	1.0598264456448736	101.57866561346259
133.3913729005455	1.0185346653715486	97.621070520224
133.5803850077949	1.0197589298481426	97.73840968684077
133.13165538918335	1.052288931303291	100.8562353966978
132.59945092868122	1.013890374930067	97.1759402560136
134.1557457628399	1.0487694864092143	100.51891552936527
133.5700238120841	1.0615936404500537	101.74804173247422
133.93070012684547	1.0122964687135658	97.02317291636992
132.80897662286307	1.0153327489912818	97.3141840534351
132.99098002772328	1.0168268503691995	97.45738563599966
134.68096323104962	1.0199139550116496	97.7532680151173
132.37176453624627	1.0438007610021405	100.04268991834726
132.39446544080846	1.0085046303706735	96.6597456017603
133.53477703618694	1.0114614132178616	96.94313733760569
133.71473300965934	1.023011157446625	98.05011821334776
133.42892492076385	1.0122158543112272	97.01544645940855
132.43456114910109	1.008747028922752	96.68297819948228
134.36907760082698	1.0287086196759736	98.59618933000894
132.9158385010172	1.017006369388173	97.47459156860731
134.05657242691535	1.0396427371122303	99.64416568821355
133.7620099286915	1.0123184201026203	97.02527683896751
132.27833794910345	1.0156356524179897	97.34321571802619
134.07080184497607	1.0535891717607282	100.98085645251862
134.58115628313672	1.0332302819960326	99.02956634821194
133.1859627776972	1.0254541335685192	98.28426433756206
132.42600142180297	1.031008477848938	98.81661836843304
132.74941062862237	1.029417132744318	98.66409649759083
133.17639930267345	1.0220862072069903	97.96146670678552
133.14200752321335	1.0270944626010194	98.44148105448123
132.5814247447617	1.0203526463622903	97.79531422201973
134.15197592135553	1.0652872568971832	102.10205500656181
132.00891253631147	1.0564369319788696	101.2537989556375
133.3985167096144	1.019975074826587	97.75912602070812
132.4291383104915	1.0185546692205694	97.62298778158222
134.36415712969878	1.0157747680343763	97.3565492017646
133.36467566728263	1.0113074592028368	96.9283816731511
132.30866120949125	1.008422927251059	96.6519147971026
133.67182754182866	1.0129272455368548	97.0836294828888
132.09865511164946	1.0570506715794508	101.31262259597726
132.04125896955608	1.0634780944615665	101.92865651585318
132.62461095134296	1.0097475073353348	96.77886867526995
133.4198779636193	1.0112505420738123	96.92292647240512
133.2577788758363	1.0625997746364355	101.84447428376669
133.08880533190973	1.0179438120859	97.56444041009968
133.02636155233031	1.0146523181048204	97.24896841197517
132.62271733144274	1.0099588960627048	96.79912914804848
134.05331259418338	1.0428452528187648	99.95110959720233
132.77686472655353	1.0292214707341474	98.64534334608565
132.17381419659895	1.0080541115758146	96.61656579793147
134.37164787533624	1.0282663488460246	98.55380004926342
132.59556321492784	1.056515557363735	101.26133477596998
134.3944508636404	1.0180826109370833	97.57774353359677
132.8270317586379	1.0135075772839526	97.13925116012241
132.09268121096548	1.0559986719624188	101.21179408979769
132.92252584993147	1.0269794490220758	98.43045762142337
132.23382132843517	1.0264373429272593	98.37849966740299
132.7367622061109	1.01424947652372	97.21035821270155
133.82789689701306	1.0229565336214292	98.0448828134416
133.63361442164486	1.0194575073882812	97.70951996495802
132.88277616556903	1.010107449735041	96.81336721869667
132.74365341634922	1.0360176400660441	99.29671963024427
132.5899222859015	1.0385731885226885	99.54165520738825
131.90088537978733	1.0548289445411476	101.09968200666137
132.1209908881574	1.0083719885128228	96.64703259296503
133.14548982842203	1.025356212336804	98.27487911407219
133.25207698596708	1.0495708134742943	100.59571841942831
133.48275500874183	1.0617239921503496	101.76053524198319
134.8532921775395	1.028673657146016	98.59283835952301
134.11762053221796	1.0280464135144758	98.53272043043356
134.60860791925816	1.0454328137500621	100.19911339789518
133.41312654178714	1.032685759933116	98.97737683664101
132.24076806027972	1.0100253083457713	96.8054944082493
134.74112808350924	1.0148574018517322	97.26862458628173
134.8110209549271	1.0189958281800386	97.66527049552134
133.83551885012437	1.0646122263452356	102.0373569581248
132.86542226941057	1.012514501988396	97.04407023329158
133.9439697369942	1.0540078873700052	101.02098809203059
132.78282045756063	1.0434385651127736	100.00797539005468
131.94354350832535	1.0523727493015296	100.86426890109887
132.99752612823505	1.0227199095531125	98.02220366893599
133.96070562019634	1.0503417401449657	100.66960759516499
132.70413932390647	1.0292467098202427	98.64776237676504
132.16527140960588	1.0453095858626842	100.18730266754622
134.71602616178345	1.0193854252318704	97.70261127788683
133.0526680582825	1.017201090642331	97.49325455370757
132.18057920685803	1.009290375064581	96.73505500534044
134.03835577866946	1.0400049629864134	99.67888309038953
132.8351345392704	1.0285071449479983	98.57687906075999
133.00608099974394	1.0422154420133463	99.8907456183016
133.2971158345807	1.0113542179521215	96.93286324782552
134.27148102193894	1.0315160248604036	98.86526402015521
133.44240382130167	1.04816555404488	100.46103185988149
134.41217566725325	1.019518904674829	97.71540456471061
134.33173057252677	1.01792283095501	97.5624294815296
133.80017255791097	1.0270555236423269	98.43774896468426
134.41656467638205	1.0352504557296716	99.2231891371258
134.77228269579027	1.0184381067513277	97.61181589571844
134.0801093736394	1.0244098827995947	98.18417851680427
133.2232568483304	1.0238982119264886	98.13513761511989
133.98371092170285	1.0135475172547872	97.14307919155029
132.76136389975036	1.0092907965252738	96.73509540008145
132.99972076879297	1.0203753739244157	97.7974925366323
134.49607332147806	1.0212007990294927	97.87660509424221
132.15872917047074	1.030229920732625	98.74199785551424
134.36347880590168	1.017222711648171	97.49532681085067
134.03853630221272	1.0125787845491245	97.05023137105883
132.86932693658838	1.029314512686647	98.65426091690097
132.63839712654737	1.0424955679398547	99.91759418198426
132.43702286549743	1.0093378859782505	96.7396086709264
134.70079342307346	1.0165013579625752	97.4261889391555
134.46930636764526	1.0314147271807395	98.85555518228624
134.33350664417648	1.0157005755437063	97.34943825050294
132.12711480689194	1.0079847548774046	96.60991833135354
134.86586684410472	1.0190551193313213	97.67095323353448
132.29541837983928	1.0623459621390217	101.82014772076265
133.81063038194105	1.015397967115029	97.32043485988673
132.9227497068014	1.0221798535802835	97.97044220808363
132.51105838409592	1.0382547517893737	99.51113475888903
132.86712761872877	1.0374751787132293	99.43641687168369
132.96842419944355	1.0397943516485746	99.65869712621713
133.3800949160761	1.061714974521868	101.75967095078538
134.30669941151672	1.0582575859786225	101.42829885097292
132.47201561046992	1.0168568115086676	97.46025725010206
134.07368236391954	1.0164816682854458	97.4243017894836
134.61017176767385	1.051056028155381	100.7380682598897
134.072893296933	1.0582110172787895	101.42383549151644
132.18025660819242	1.029650987561692	98.68651022428517
134.76704900901885	1.0181768511727258	97.58677595340758
133.11887207925125	1.0391354270977642	99.59554275137934
132.87045458333841	1.0097639852490605	96.7804479946908
133.09803707765354	1.0106144921857203	96.86196451098073
133.22689377197534	1.0179701296941694	97.56696281132976
133.34567244249536	1.021392045511216	97.89493504109016
132.36301924919053	1.0105018016768241	96.85116373169463
132.56027868665558	1.0311912850865645	98.83413945911624
134.64840801274593	1.0162323743721677	97.40040830847036
134.74919646864788	1.0147433032138407	97.25768884540364
132.85630923383889	1.0474832993507286	100.39564141626197
134.92499014895247	1.015718369822659	97.35114373645207
134.57549875232286	1.0587790221183924	101.47827570095443
132.16419327575838	1.0109537366185233	96.89447926558279
133.37526482109797	1.064395338877363	102.0165694606385
132.54834545728372	1.0194240198025883	97.70631035994839
132.19433265808252	1.0163611005476088	97.41274602016321
133.01436616480777	1.0283381935408467	98.56068597691828
133.76428916387513	1.0129703926409441	97.08776490079282
133.7050572334533	1.0124359124691964	97.0365378504903
134.4574681087121	1.0635262505610252	101.93327201902754
133.12486099875605	1.0486881148417975	100.51111650220281
133.50153766208967	1.014880613487108	97.27084929671227
133.05455620588862	1.013523918873784	97.14081741363108
133.51968565436437	1.0171315724768792	97.48659161138197
134.60237213259072	1.0177711223445762	97.54788902703044
132.6640559000572	1.0567629675182504	101.28504770883569
134.95368667852497	1.0153989965846362	97.32053352901262
133.62422534200292	1.0141866284577565	97.20433456354353
133.33386770083376	1.0108847741917062	96.88786958781684
133.3844930804403	1.0206104155224893	97.82002000987482
134.3959325050784	1.0231025765606772	98.05888024382469
133.54059981472946	1.031275780100085	98.84223785179144
133.90863492852975	1.0416380130035126	99.8354021528253
131.97299031324968	1.0322704411129504	98.93757076109917
134.5133788169713	1.0279190312205615	98.52051152255835
133.59585941247397	1.0125833697554343	97.05067083842675
133.81043161889576	1.0490766631109614	100.5483567643894
132.33480412148205	1.0134732488493248	97.13596096426402
132.93187256630787	1.0105279388272894	96.85366883701458
133.24063730370833	1.0106226541741314	96.86274679367895
134.69521069105807	1.0277286315202938	98.50226273515936
133.97393447783298	1.063242399196035	101.9060663920999
134.22529305575603	1.0275229528928829	98.48254954475591
133.42463638167803	1.041768667582047	99.8479246915847
134.6106227011118	1.051717234935845	100.80144137416715
133.17058326924948	1.013379005693895	97.1269282646073
132.37755225619975	1.0189878446290477	97.6645053150903
132.48350823535873	1.0087738398222228	96.68554788002132
132.5998684779956	1.0205267694813673	97.81200298663869
133.58662709818853	1.012344390690355	97.02776598014542
134.15974434275742	1.0173481119353818	97.50734575404158
133.3081249815194	1.0126649468370474	97.05848956301978
134.47903142261836	1.029143932016191	98.63791167693287
133.92314185126395	1.045600173711651	100.21515395023765
134.23307114816686	1.04468933460895	100.12785492026805
133.06320316911882	1.0148805785018562	97.27084594356401
132.1057435204555	1.064475436951581	102.02424643032603
133.23239643753286	1.0392362842118632	99.60520936340805
133.7760933978572	1.0378592103521205	99.47322423914675
133.96220486923568	1.021686808031117	97.92318644354141
134.37406537400426	1.060396850065047	101.63333580979457
133.01773846296626	1.0540223825612882	101.0223773781674
132.28706223915867	1.0180436535384831	97.5740096764338
134.88679216709332	1.0182416540629586	97.59298696195978
133.3940235314341	1.0595040856535023	101.5477691417759
133.24196869724557	1.0408240305714727	99.7573863138932
133.81534409944595	1.012530446046987	97.04559838556855
133.40352727822182	1.051757656025429	100.80531551823994
132.6557804159623	1.0150536780059256	97.28743660018895
132.36631938891	1.0092209907359075	96.72840489055035
132.88642091749134	1.0215751311352925	97.91248281361756
133.72299267175984	1.053060226157086	100.93015986080697
134.73661835643392	1.0190986342747534	97.67512390686144
133.09122771208186	1.0104141762223793	96.84276530309072
132.80793388794956	1.065267799711503	102.10019013994511
134.18553217281854	1.0152736332385381	97.30851812642872
132.86394061070888	1.0171390577133614	97.48730903104705
132.65054263152865	1.0439004501663296	100.05224458865773
133.0228486416669	1.0479332730501427	100.43876897562367
132.7461087694393	1.042931385702888	99.95936497096719
134.257756242659	1.0162614192402144	97.40319210288428
132.8242751926673	1.033597509595448	99.06476313885472
134.69636370692302	1.0168440587878163	97.45903497038604
134.0754316583696	1.0543093854340835	101.04988506017096
133.89636843411338	1.0423825587930997	99.90676286297287
133.11555970992933	1.0108927343172964	96.8886325230492
134.52677087846885	1.0156136431684266	97.34110624981
133.53017951121305	1.0629276486189931	101.87589924185717
132.4741732106992	1.0275712970685693	98.48718307402534
132.59265918605726	1.0239467395533979	98.13978872720251
134.24316704381837	1.017599307051199	97.53142145509452
132.05131196738978	1.0487613124870465	100.51813210288063
134.80868148496413	1.029685391297713	98.68980763737719
132.4904085287818	1.0086332882775022	96.67207677027379
132.77357070887433	1.0139379780870765	97.18050276262767
134.09737828984802	1.0292888793060522	98.65180409521409
132.99808645454277	1.0285866276853297	98.5844970537159
133.14050981853296	1.0303076811588578	98.74945077421307
133.56646992714482	1.0652716123660633	102.10055556238223
133.13981714252606	1.0143125734992973	97.21640571850753
133.18697447678053	1.03991885573895	99.67063017376064
133.0752455130479	1.010168012538838	96.81917183776498
132.1355327079319	1.0400199715894975	99.6803215842866
132.78493301854755	1.0379786367264288	99.48467061491056
132.1012050064155	1.053637813998183	100.98551854940573
133.3206663881502	1.0235583608259624	98.10256471467889
132.05396114658285	1.0245107155372846	98.19384279248524
133.9270109614418	1.025074502542616	98.24787874518968
132.66102792961811	1.0586703598419926	101.46786100609137
133.50854381678602	1.0606960543594162	101.66201293244303
133.35609858630025	1.0224262973627412	97.99406251938427
134.16995147075897	1.016333822800405	97.41013159477943
133.67419778280373	1.027935436607543	98.5220838906808
133.92611004321313	1.0284402381554782	98.57046640448726
133.62986805019386	1.025076946426386	98.24811297830708
132.63632668449117	1.0378654612147702	99.47382335071778
134.5022306926648	1.0375502631085176	99.4436133072068
132.01510839007372	1.037740554341482	99.46185169859802
132.3976654952344	1.0086188813006023	96.67069593901124
134.0586253582789	1.014687744690011	97.25236385965974
133.65260466250282	1.0119718594813534	96.99206086704386
133.40403493868604	1.011022896749604	96.90110789223924
132.22535343848415	1.027079080342553	98.4400067477251
132.10810956837435	1.043052496718948	99.97097281058377
134.14705454624482	1.0225709148162623	98.00792332462598
132.25151716725645	1.0082572168683204	96.63603234802234
134.18665612350395	1.0129941499856576	97.09004191452883
134.88914445258038	1.0177099827798544	97.54202912852898
133.5488826967885	1.0188979308994455	97.65588756761771
132.26539683559696	1.0083869820882359	96.64846964654062
132.44525088261798	1.021685820987164	97.92309184068635
132.35163186272274	1.0499324852179135	100.63038271116956
133.67054330693506	1.0140351977248978	97.18982074211563
133.59906606343174	1.0306385107898453	98.78115901531159
132.76901148195216	1.0098195424480523	96.78577285345612
132.7136018195616	1.0093325514565226	96.73909738570511
134.82597462426142	1.0150870120622522	97.29063149023445
134.46411905813815	1.0191934462609265	97.68421112588602
134.20461366624926	1.0667794329590485	102.24507205793611
133.9058098085779	1.040960786701542	99.77049365355622
132.53030622635808	1.045774163221649	100.23182990914486
133.05205115136707	1.0132499204003136	97.11455613337183
134.39749065880304	1.0148063286638567	97.2637294958692
132.958549292467	1.0572439852047262	101.33115066741865
134.36438642402618	1.0452990773594486	100.1862954840204
132.42999890031524	1.0335008316344898	99.05549707618124
133.39063976778758	1.0128018741404492	97.07161330872621
133.098878947419	1.0116299264888235	96.95928842844968
133.16949692181933	1.0651081092628265	102.08488466917258
133.55033396736255	1.0240343935169176	98.14818988824793
134.10624293007015	1.0472176341967872	100.37017883986728
132.19418515211453	1.0625375596930315	101.8385113160014
132.6268480961303	1.0176470414707663	97.53599654251889
133.88025709532982	1.0598084538012484	101.57694119200201
134.3965825273551	1.0189446848340469	97.66036868083063
134.0644804053856	1.0149991419093314	97.28220960859748
132.46943214409652	1.0130348247116314	97.09394036828564
132.06758592826995	1.0493313829653785	100.57277029268289
134.58311257441986	1.0321948185585588	98.93032274591995
134.66062127930945	1.0145582662781159	97.2399540501479
132.93847768827013	1.0096758060506406	96.77199649270463
134.58783095955448	1.043919578105762	100.0540778987921
133.35828736468514	1.021234278907316	97.87981396049402
132.0379665676559	1.0454816984950426	100.20379873782453
134.15435584376087	1.0175419106169445	97.52592031551973
134.6718286386555	1.016296971516273	97.40659959736264
134.0435246703398	1.0143569908331933	97.2206628811079
132.16041534486703	1.0469668826579743	100.34614565328486
132.66365649674012	1.040086733109955	99.68672031701331
134.97161240264955	1.0157602543676503	97.35515814485595
134.28193651375597	1.026384826993315	98.37346629753812
132.5664362725168	1.0087844784907296	96.6865675391884
132.69034785632365	1.0378283397219128	99.47026545524771
133.62114000482552	1.0317200995596825	98.8848234826723
133.52619464501967	1.0146558975819064	97.24931148560528
132.2226140702013	1.0431680329096331	99.98204633316672
132.1751874167083	1.033838615517583	99.08787184494771
133.36635740584722	1.0381330863946212	99.49947378505593
134.7400414859721	1.0204101547160327	97.80082608847559
132.4493976944714	1.009109064585263	96.71767737089235
132.15143214675058	1.0108572689579416	96.8852333590695
133.81950913939653	1.0290688376574	98.6307142864616
134.71616072749723	1.0267519934737803	98.4086572302582
134.22354884523614	1.016792565434265	97.45409960935294
132.6877924961635	1.0543220807690283	101.05110183975644
133.17543460824868	1.0110318800963773	96.90196889771966
133.3959504812737	1.0270657610625324	98.43873016635936
134.47885911423396	1.0255599167625438	98.2944030878617
133.9615216624497	1.0383539699401003	99.52064428509198
132.12833045215336	1.0103146306202655	96.83322439243318
134.8702710357547	1.015626014983202	97.34229202172696
132.79700484917393	1.0154199169952267	97.32253863786852
132.9702070784223	1.029655331835596	98.68692659957762
132.4357179586721	1.0127293662826213	97.06466382046338
133.78259239616028	1.0158100703598647	97.35993273982493
134.77965299277838	1.0285340942919259	98.57946201045573
132.6246759295185	1.0166321121790447	97.43872102767516
132.5629586455689	1.008795919624117	96.68766411029905
133.60292370236206	1.0357367369707564	99.26979657911333
133.64140988765445	1.0127412893924763	97.06580658642663
134.30164101531398	1.0160257639142656	97.38060580712522
132.84323838246036	1.0110923444300715	96.90776407895814
134.30098250145713	1.0162425162256836	97.40138035059218
133.8797453947913	1.0174163904865283	97.51388988600205
133.76613342187864	1.0345770615245071	99.15864792372852
132.52803546943534	1.020428599876202	97.80259395788921
134.79798659815455	1.0148256846850998	97.26558466641863
133.88478678433336	1.063102818887663	101.89268837013356
132.12769499831128	1.0163858458669357	97.41511772595308
134.10762220496756	1.0127987199081154	97.07131099251886
134.4710961921018	1.0651978649147729	102.09348726575189
132.85910450051205	1.0341575386295998	99.11843891023004
132.02198520749772	1.0490938982863092	100.55000866326456
133.71312657148334	1.0117409264198858	96.96992717494145
133.59939616955538	1.0320725218415916	98.9186012632475
133.4377662892336	1.0406127379532204	99.73713505265677
133.87770811215208	1.0222732901658687	97.97939760235806
133.4871418124705	1.0288874217801722	98.61332655019062
131.98037711180837	1.0511452046612564	100.74661534843248
133.28823863927096	1.0241757042550343	98.16173376259995
133.22424104594418	1.0145960116529102	97.24357174134671
134.68281722002246	1.0387994032070211	99.56333666841529
134.43006844372243	1.015509475941025	97.33112238122133
132.9861152605621	1.038223031508122	99.5080945405064
132.81989846542578	1.0265615259355245	98.39040194095287
134.7576122538537	1.0189813433376465	97.66388220127008
134.0743478502793	1.0153052781928131	97.3115511251257
132.31759291932667	1.0612149752472517	101.71174870905239
134.72970540647302	1.0249225412652416	98.23331407392294
133.5058599114429	1.0185244964001299	97.62009587899702
132.57330863346948	1.009008625009633	96.70805077768061
132.7341491404159	1.009282929180831	96.73434135742315
133.97363076943395	1.0209131588454134	97.84903632937919
132.5662786159001	1.0148222873487744	97.26525905000096
133.29161670040648	1.0641090293703497	101.98912823401656
132.2866375367488	1.0216255088397532	97.91731124568473
131.95812743652306	1.053323330566999	100.95537700365689
133.29961219270382	1.0362892902593324	99.3227558404759
133.0136468897167	1.0101186329531633	96.81443907001609
133.04840591898167	1.014556097333424	97.23974616846266
132.07105468870924	1.044472449328243	100.1070676324098
133.05882812072133	1.034554820471419	99.15651623839098
132.66224467302223	1.0646010806958748	102.03628870756914
133.22758743669112	1.0199006869826928	97.75199634589043
134.06188548351736	1.0526153748321296	100.88752325349155
132.3479443446061	1.0084632215924259	96.65577679304039
