153.85536443255532	1.1997715859711846	114.99165476074299
153.9417738756908	1.146858144926204	109.92018597785629
155.21569522429468	1.1619943934239454	111.37091400140433
154.89870110326373	1.1781207366006783	112.91653727571371
152.7031479282168	1.1870917150451143	113.77635731830425
154.39841067192003	1.1647969896998889	111.63952778353202
154.51348666262038	1.1491340399173695	110.13831827416664
153.93922404626946	1.143427541417477	109.59138107956625
155.61491376393693	1.1634078958687972	111.50639060965413
154.82934886262646	1.1547172323748385	110.67343724767721
153.24491218194822	1.1621946504973488	111.3901075650105
154.08493673882964	1.1573281038186458	110.9236752356422
153.86970619895342	1.142141720295741	109.46814203953258
153.92622973964149	1.1501324753380477	110.23401294016641
153.44279872872332	1.2030647546343953	115.30728726814421
153.7427450465094	1.1455538935327951	109.7951804953913
155.01424616696843	1.1780767907256884	112.91232529991424
155.1561452043559	1.1663560002593791	111.7889505621021
154.08126431765496	1.185032295810466	113.57897305916076
153.79486841108357	1.160492523229325	111.22696781953553
153.0435200408754	1.1677945743570035	111.9268301534477
153.5468405070939	1.1401081450202877	109.27323478490243
154.85256427433214	1.153145050269783	110.52275204729449
153.02369828137498	1.1699275329437884	112.13126276403663
153.50057334631242	1.1550338066552843	110.70377919008425
154.73959954951383	1.1521558655866866	110.42794401474623
154.0253938565659	1.1528874587936173	110.49806328949849
153.32615223462767	1.1778829628678247	112.89374794204456
154.79429859438153	1.1597840127303052	111.15906089820959
154.17870854948399	1.1456795904135524	109.80722786547871
153.98651138608227	1.1903215032483014	114.08591514943971
153.968778997019	1.1480406436281656	110.03352211956938
154.79574207349077	1.1711227000791753	112.24581310696924
155.560146997862	1.1656206213544877	111.71846844855781
153.22099551413135	1.164397832219596	111.60127068550959
155.3222723519068	1.1591782151061296	111.10099845360043
153.5424556971898	1.1563631682394357	110.83119134930222
153.8147974606932	1.176927671434371	112.80218839521407
153.7064869649316	1.1873872285214666	113.8046806958931
154.1246611043533	1.147728292979057	110.0035849895135
152.71539295515046	1.1875469195613384	113.81998622332851
154.71840021434974	1.1653486882450914	111.69240512233861
152.85274492322424	1.179206110009016	113.02056448032286
153.79735877193542	1.1503202424098442	110.25200940428334
153.8466389150835	1.1467128534310007	109.90626056934398
153.40762222947095	1.1507254552160926	110.29084687273615
154.4077539449008	1.1506573802483366	110.28432225314893
154.8903783913989	1.188996920538664	113.9589610196456
155.53630313458262	1.1610626002087758	111.28160663243507
154.43972852902922	1.1526214299351447	110.47256585398029
154.66399793858042	1.170408584386411	112.17736895796475
152.46923116684388	1.1910875596649617	114.15933753751916
154.06731353218697	1.1441152074646679	109.65729017227513
155.51066850710035	1.1618596128076508	111.35799600411333
153.4249760695704	1.155018954225172	110.70235566452675
153.518397237012	1.15820605230228	111.00782187664306
152.58598905791277	1.183083289138631	113.39217125042096
154.00514328462495	1.188898062300708	113.94948598914627
153.4671911353564	1.1478296109913737	110.01329577615789
153.68996252376976	1.1929648423941004	114.339264992046
155.10745237966415	1.1594702477780412	111.12898821480162
154.87158531416992	1.1894710025196207	114.00439922815121
154.70452164862417	1.1693081181225102	112.07189518431149
154.97661222784612	1.1566987588979458	110.86335590928643
155.12357057174128	1.1730982100774434	112.43515511702641
154.80668294969794	1.152748045115369	110.48470123813347
153.5029461605919	1.1498892672193017	110.21070274983279
154.01182949404512	1.1476546192664259	109.99652376033713
154.2130873629028	1.2048091166190027	115.47447498408712
154.92705310718682	1.1563680061426094	110.83165503630566
153.93267950966734	1.181958310467804	113.28434809437896
154.92210545705674	1.1674499767114423	111.89380232218959
154.0947530763398	1.1604663747864554	111.22446163189936
155.0405357296602	1.1642985443324048	111.5917544754415
154.23316009221986	1.174187442244157	112.53955216287545
154.54442505847499	1.1520996779161512	110.4225587286738
152.46335059276333	1.1837102111857418	113.45225835737217
153.97103578839796	1.1833140861523785	113.41429190308102
153.90016602426664	1.145897584237637	109.82812140125854
153.61124921473663	1.1420924607089087	109.46342077302745
153.21206785538257	1.1652209560927402	111.68016268241358
154.01993613683692	1.1437403048925205	109.62135777676805
155.20940677400384	1.157154705418732	110.90705593145788
153.55165537591478	1.1566625137049982	110.85988200245039
154.21724835215406	1.1463753499240885	109.87391267312674
154.04316222772118	1.1924441969974702	114.28936393054217
154.65614618873198	1.1546398968145346	110.66602505009295
154.27489138786314	1.1692022151740973	112.06174495619771
154.1031340914571	1.1479664286709488	110.02640901501003
154.71294707202114	1.1585603995707279	111.04178415682642
155.44974104126675	1.1612649805072777	111.3010036957493
154.83895391903027	1.1675010454119426	111.89869698251131
153.4069966494969	1.1900834655451291	114.063100515635
153.81306394032575	1.1610985914525653	111.28505619960988
153.90342654668004	1.1500723269829658	110.2282480437787
154.29674133715383	1.15048796418176	110.26808463420004
155.0854902352128	1.161297995184971	111.30416797507023
153.5232073063948	1.140909021754871	109.34999451320901
153.24594391035703	1.1518079989283974	110.39460286619719
154.15853419271426	1.1691685312557274	112.05851653375674
153.40603541905273	1.1890804700550668	113.96696879150649
154.26741789064778	1.1944626825652234	114.48282491783397
154.08649961818352	1.1625837451644787	111.42740019650387
154.43304891459132	1.1595798961642911	111.13949742299104
154.2416616235183	1.170485504993154	112.1847413844816
154.54798490627863	1.156226508150382	110.81809321465408
153.91063209209173	1.187710551010952	113.8356694178482
153.33024536399967	1.1492371818678084	110.14820387547184
154.70517704292251	1.1513018276787568	110.34608907384782
153.3383724837551	1.1948784760951294	114.52267649175168
154.59476698468245	1.176098702543598	112.72273618480187
154.22799130737297	1.186911726840016	113.75910641672958
154.84028733322327	1.1556734604280874	110.7650865644784
153.4543962848516	1.1435033864350705	109.59865041664708
154.22225807103305	1.1743825356023283	112.55825081214442
152.98967423063954	1.1839266788472316	113.47300561867421
155.47421345746292	1.1617563300749498	111.34809690958537
153.31342008504947	1.179283766587215	113.02800744574607
154.12561581286167	1.151782985268329	110.39220544139025
153.76767437134268	1.1537948356100023	110.5850304779431
154.05930240938534	1.173329254743758	112.45729950585324
154.3511580735595	1.1905253147378465	114.10544938471924
154.69867175831237	1.1602027120290215	111.19919097444203
154.51793150272616	1.1769304086890715	112.80245074635756
154.69298291297022	1.1526963005445416	110.47974179927535
153.70599355837516	1.1586387114805756	111.04928993226414
154.93940204206882	1.1753800884474923	112.6538608880272
155.04795002443092	1.178982015579947	112.99908623436119
154.97210746288155	1.154646157055068	110.66662506048372
153.42570891666895	1.1700609728703604	112.14405226342726
155.61036475453378	1.1620161698939073	111.37300115894753
155.36384115894887	1.1596320495882944	111.14449604822747
155.28532650330212	1.1707670863638058	112.21172944465876
153.69631219444938	1.1736917478325761	112.49204251911506
153.17332736456478	1.1733252081196202	112.45691165869032
153.477773757642	1.1505829827377287	110.2771916518287
153.34112770267618	1.1747675500597634	112.59515237747982
153.58182048519987	1.1691100908037915	112.0529153307014
153.87026451294284	1.141969333891638	109.45161972970473
153.52778834908915	1.1625102238252132	111.42035357149521
153.10672036991832	1.1570168527826932	110.89384349759412
154.77251144333707	1.1902257159246554	114.07673444956322
154.19735976315417	1.1493658624663237	110.16053721886144
153.2750295400161	1.1564501665632574	110.83952967080828
155.0730411770609	1.17491003202944	112.60880850807858
154.54579173080387	1.1869697634010064	113.76466890900973
154.26812581943898	1.1812985644472387	113.22111498608258
153.6661947169413	1.1445179356887714	109.69588950689015
154.4806172991783	1.1752175627304093	112.6382836720245
154.03464322957467	1.147606508089632	109.99191256275861
154.86229017472306	1.1541496587731295	110.61903837007235
155.60226122042937	1.1623178395988591	111.40191457794262
154.87378895871578	1.1550700094083544	110.70724902928625
153.49940997390198	1.1449944995903931	109.74156559414503
153.65014000402812	1.1454838126505462	109.78846361968668
154.08992263049853	1.1688820677244824	112.03106054474047
155.0401472645025	1.1787461340945455	112.97647826243477
154.25032298764162	1.1988333098727613	114.90172604227546
154.15165600633335	1.1511980624407074	110.3361437337769
153.47399598495693	1.2043515211842921	115.43061692238304
152.72859705025647	1.181022627489844	113.19466791256338
154.29135595323194	1.1628936724352972	111.45710505878233
154.51705835203575	1.149716699487754	110.19416306074444
154.70628005938576	1.1522573251793136	110.437668371102
154.14701928444973	1.1766594672599422	112.77648246735919
153.0020844260993	1.1680484771552184	111.9511653712979
153.43985042845756	1.1552654857691442	110.7259843872966
154.65394427659396	1.158204661806359	111.0076886050864
154.22409571878808	1.1748665733382555	112.60464322622703
154.16649558931536	1.158467937864699	111.03292219951503
154.59164673922166	1.1831972910698072	113.40309772248044
153.2050671034437	1.192570044321552	114.30142571981321
154.76916236710545	1.1676910773732103	111.91691052410467
155.07221468786864	1.1823390696119318	113.32084181081673
153.89454639367042	1.158212069657191	111.00839860775304
152.41857503490954	1.1871750389097802	113.78434346265956
154.07092163210936	1.1589726562928975	111.08129674674171
153.632587190713	1.1393277539847313	109.19843850068602
154.16309447699544	1.172589184407863	112.38636774387541
155.12600619415645	1.1708646864565544	112.22108388870562
154.53041267187007	1.1528551172760784	110.49496352895844
154.96410086427477	1.1850715287864197	113.58273332893116
155.39292436404497	1.160230083608373	111.2018143931326
153.11251935243286	1.1692624002495728	112.06751337203765
153.90157887080747	1.1425688921067705	109.50908416050945
154.30343516599893	1.1518365696341228	110.39734121470242
153.69322965227033	1.1432961043039755	109.57878353903833
153.66054451530368	1.1471271423134977	109.94596793089876
154.4879269975452	1.170507301133788	112.18683042735294
154.8058325465071	1.1907196698451048	114.12407727660812
154.34468927335723	1.1603873134555722	111.21688402848538
154.3627110321041	1.1496694999605037	110.1896392398723
155.0166556395315	1.1851804295123822	113.59317087790257
154.76257759610317	1.1706674156499457	112.20217654271313
153.899079267626	1.1842079077346481	113.49995989522874
154.06767275928541	1.1556465868642152	110.76251087789345
153.88115385342593	1.1897735140213062	114.03339332883648
152.94571686964895	1.1842053156586654	113.49971145868464
153.7355205804068	1.1448499553168623	109.72771180281187
152.5396368039646	1.191528642112649	114.20161291821539
153.30762631097684	1.1565556324185773	110.84963800589956
153.69584979173482	1.1682476596192477	111.97025593937427
152.95348162088916	1.1689984195677563	112.0422122432379
154.59505355577426	1.2002396249312626	115.03651377819364
154.17668574925764	1.1532556703833299	110.53335439031987
153.02156026455927	1.1627975191762616	111.44788928596655
153.7894244128913	1.1732231821477908	112.44713301793368
155.08502004780127	1.1801721596832153	113.11315514667652
154.0726243177402	1.1746767933384048	112.58645383378058
153.1123079108646	1.1642261586856928	111.58481670045694
152.7004969966069	1.1793744861445357	113.03670242747214
153.56260686437128	1.1393517520600611	109.20073858715708
154.48424811988306	1.1813398686458012	113.22507377140207
154.57897839660808	1.1528899077159698	110.49829800553694
154.48705480506388	1.1622645066224457	111.39680289895071
153.61756592271615	1.176302097311948	112.74223047959576
154.88287889197903	1.1764938094090576	112.76060505317464
152.70155436218485	1.1770003710827541	112.80915626557027
153.93703200036535	1.1642576363240635	111.58783366282424
154.79882175386564	1.178500811998891	112.95296545878236
155.3996505482608	1.1726460249173813	112.3918156010537
155.00436798543825	1.1771049606158444	112.81918060988825
154.18087263871166	1.2038614758937407	115.38364871649524
154.25629792415373	1.1609122174663622	111.26719325525576
154.7125952941123	1.1590418412354473	111.08792775144408
153.3119601266304	1.1462970047263874	109.86640370722728
153.92860743396773	1.1624045871576096	111.41022886496509
154.36337405401613	1.1539080438395952	110.59588087797395
154.56728610018996	1.1749380544743029	112.61149430872837
154.76767224185497	1.1648186911783789	111.64160775354587
153.53129740431848	1.139420419941457	109.20732003432833
154.53562278696427	1.1796528621059423	113.06338326641021
153.3740585354304	1.1705729607513466	112.19312354861228
154.7630742016805	1.1716463441314657	112.29600157349287
153.72130858988564	1.2001725140615727	115.0300815622216
154.92552197782555	1.1581235836801567	110.99991770268639
154.029885580657	1.1564598899673517	110.84046160680326
152.90040101057275	1.1871269202015495	113.77973154323332
153.36363600438696	1.1421467014168334	109.46861945320339
153.74587931013463	1.168014072806139	111.94786789944754
153.07968882338025	1.1757247096853292	112.68689098047807
155.1546171210329	1.1720410315591525	112.33383024101062
155.63651175235512	1.1625738095663	111.42644792284699
154.13475763371696	1.1772672579850714	112.83473593997687
154.6855860046092	1.1528775562186449	110.49711418093834
154.53838709339644	1.151629039093791	110.37745052840415
153.5122096774249	1.1648921652423667	111.64864984747338
153.82246027937325	1.1656469261653295	111.72098962322328
153.55268285767912	1.151935891118398	110.40686064487033
154.7763257299741	1.1956198550912234	114.5937336817723
153.37898160099604	1.1837727275296515	113.45825021275516
154.37087362928128	1.1476115948808208	109.99240010433991
154.8911670870776	1.1786670954113914	112.96890282968383
153.85596896475082	1.2008780282390912	115.09770130224432
152.36280635750026	1.1913738087723147	114.18677297515843
153.79319798170323	1.1412422473774553	109.38193239721771
154.9633745776826	1.172726973225127	112.39957406105276
154.01196978131432	1.2031196608429664	115.3125497329784
154.1946922938647	1.1548968078535293	110.69064859164514
154.57902613055379	1.1662799824240933	111.78166466137478
154.20563055082903	1.1672255846779132	111.87229555244076
153.41526761394275	1.1754150998202928	112.65721653983697
154.35713912249923	1.149522702213938	110.17556946526678
153.34979085610993	1.1428506342277698	109.53608762774299
153.8457866561567	1.177111579012058	112.81981494757501
153.96062493672332	1.2035955927581494	115.35816524773159
153.29090541394052	1.1821150206454167	113.2993679221964
154.19720284608567	1.1840689029761842	113.48663703662608
154.7941702888665	1.1895247395663562	114.00954963511062
153.85613947618108	1.1434242644355244	109.591066998468
153.2286521537254	1.168641412140667	112.00799500115374
154.69344628545446	1.1516815391513315	110.38248237660109
153.30572572031565	1.172009414320483	112.3307998987054
154.08528056475956	1.2026390117970367	115.26648210660942
153.7072887689278	1.1420978112514053	109.46393359375327
153.79270305866572	1.16751653225835	111.90018131345917
153.34855745350814	1.187077073547604	113.77495400950231
152.71163846609653	1.189873735839506	114.04299905116952
155.0130819359965	1.160169969649757	111.19605279346119
155.50920207801167	1.1642755565257918	111.58955121779427
154.4671446661378	1.1567602034037157	110.86924503474752
154.9499498947879	1.1567445249829147	110.86774234242421
153.62037892329758	1.1410006439587626	109.35877600875493
154.4034060026011	1.1503940298370614	110.25908153239128
155.0618290394853	1.169197053371164	112.06125022514408
155.2034943872456	1.1710207418857381	112.23604096240703
153.96728494561853	1.1431587324857653	109.56561718897787
154.1307029275844	1.1454913457281992	109.78918562467072
153.33042797069552	1.1586115856781576	111.04669006997099
154.43570790255163	1.1847321379651186	113.55020454377875
152.85190665284702	1.16237361261664	111.4072601217783
155.0367969873592	1.170297585878428	112.16673034786746
153.70989478877382	1.1402504792099912	109.28687675158545
153.6466162637563	1.1780873662340787	112.9133389055238
153.04678981758354	1.1848564880302475	113.56212282883064
153.89575715822406	1.1698598081738911	112.12477170903098
154.76485244493142	1.1535218263390188	110.5588640074228
153.10021299414655	1.1734878777247577	112.47250266558926
154.8349219478917	1.168788122069983	112.0220563589481
153.2722806351461	1.1780400876498842	112.90880750746867
154.76459611435703	1.160233793296938	111.20216994683275
155.57395176175498	1.1647785032933915	111.63775596087962
154.93525822719698	1.1554956439740627	110.74804381356556
154.97275326073728	1.160593114549792	111.23660895667389
153.71914886896465	1.1479534529069984	110.02516535781236
154.42338060270765	1.1586720514509632	111.05248538914059
153.04995446706133	1.1589360800616053	111.07779111166053
152.84005367462834	1.1809206975746855	113.18489847832208
155.30292653720767	1.1690696767717852	112.04904186305946
154.1494158716996	1.1578501175292568	110.97370744268297
154.94798193734027	1.1642653019350904	111.58856837041944
153.0622546555981	1.1853897552139012	113.6132336207472
155.14252560784288	1.1568344528401682	110.8763614439562
154.2327358698456	1.1480303534323055	110.03253585963158
154.0915795821754	1.1658337367201808	111.73889441033467
153.40728655071533	1.156666420006211	110.86025640041557
154.815718134856	1.1867687037296342	113.7453984207042
152.5136388161707	1.1799988901574137	113.09654819438282
155.13396411747772	1.1562689364422427	110.82215973827141
155.33988073000612	1.1662097849290611	111.77493660896198
154.2566596065189	1.1462375452793638	109.8607048389724
154.46004646426155	1.162083187879237	111.37942447245311
153.1200265253839	1.1701209162430428	112.14979751335424
155.5272828074908	1.1638199810366308	111.54588675700887
155.25167891943659	1.178108420370464	112.91535683127802
154.70300311303674	1.1590899318354648	111.09253697684925
153.91925322539495	1.1424769643399313	109.50027337839818
153.50965234027095	1.2022604988061827	115.23020367188427
154.35380914323363	1.1937084581604187	114.41053656446442
154.13090643154726	1.1599920550692804	111.17900063765565
154.28463357213622	1.1479121804617585	110.02120961587812
154.267181918417	1.1899643593581093	114.05168482810097
154.3514421045195	1.1473228235349602	109.96472292370296
154.04640824483818	1.1479125876260308	110.02124864038409
153.92529736553604	1.1741125504693695	112.53237418899153
152.90773382423538	1.1907198006829072	114.12408981670791
153.8986601013087	1.202018014727216	115.20696287686998
153.81780041802412	1.1943979320450242	114.47661892866788
152.68946392956443	1.1948329205249892	114.51831023532816
153.24979804537674	1.1696882755993006	112.10833123417044
153.9298662949642	1.1521567584930428	110.42802959501887
154.68073038501635	1.1630941280643927	111.47631765288386
155.55077185868834	1.1616931615451043	111.34204254568753
154.65692807008256	1.1781790160535273	112.92212304787235
153.59051077306046	1.1919066271615457	114.23784075254295
154.66375852237724	1.1641249264554303	111.57511413556117
155.48787402412546	1.1617203816631327	111.34465144762478
153.67070644911828	1.1417047354439143	109.42625939136481
153.28909709823597	1.1595579883193978	111.13739767386716
154.42089682423153	1.167017029995968	111.85230670767615
155.49225350045768	1.1652017012351465	111.67831720785594
155.11391146820975	1.165090371619466	111.66764686286639
154.7820161089731	1.1574186144710779	110.93235019495805
154.14498313104127	1.1460968789262727	109.84722272545993
154.18629928653147	1.171371801795686	112.26968816695587
153.97569002261986	1.159987946558517	111.17860685899242
153.55510602106312	1.1591717521651366	111.10037901546063
154.19105239719445	1.1509757846048727	110.31483959850803
154.91116585001944	1.1594445684384909	111.12652698819602
152.8525054149616	1.174864753790074	112.60446883231842
154.53274756995597	1.2048692541578454	115.48023884379644
155.56227668120135	1.1618812863074526	111.3600732925204
154.46888780971926	1.155651801562801	110.76301067871094
154.85703292894019	1.1628122908469258	111.44930507116528
153.29569267960747	1.1680634190152266	111.95259746823005
153.88520353092122	1.199159145437587	114.93295562898787
153.91249589642067	1.175709270323202	112.68541120064312
153.48673840596948	1.1424110393215479	109.49395481989696
154.35180503723575	1.1772584279807101	112.83388963154206
153.42740369736273	1.1966904036108148	114.69634000051575
154.37407933507853	1.1740275801902373	112.52423024466317
153.64909360753657	1.1662092219698081	111.77488265234487
152.98820040024003	1.16488276784256	111.64774915723629
154.06609531825197	1.1444796759312048	109.69222251486872
154.2781488923273	1.152915262593969	110.50072813424767
153.2572042840054	1.1457502969818598	109.81400470982742
152.75484392938813	1.1794519522962859	113.04412714154428
154.5770850175756	1.1694639134124039	112.08682732506085
154.81040578515643	1.1863612042407405	113.70634178601645
154.0047848617146	1.1434423662907904	109.5928019639528
154.74063994463407	1.1543008995736168	110.63353398750382
154.81525266054052	1.1594318610903918	111.1253090572143
154.83023212773958	1.1532248502655835	110.53040044776863
153.49080861111034	1.1407360858339457	109.33341953514878
154.8198435518237	1.1548187976811035	110.68317173611672
154.94643348232273	1.1755948065694162	112.67444046536997
153.04816112348342	1.1610377877562248	111.27922849228665
155.1955155733148	1.167726383652027	111.92029444107024
154.024832441875	1.1967189207535112	114.69907321529266
154.72950179387146	1.1826218539512399	113.34794516907066
152.59181970369158	1.1756600305403118	112.68069183223932
153.50600814773406	1.1380334767329263	109.07438898605797
153.29589026638655	1.1674473281307294	111.89354846997095
154.0233042035297	1.16205082206304	111.37632238301732
153.87347503363821	1.1422843241679879	109.48180985383716
152.66654735887926	1.1720862175542601	112.33816107565465
154.22866680797335	1.1956983889676618	114.60126073151413
154.22858826054443	1.147738593352921	110.00457222495824
153.39174282362993	1.1501723424499335	110.23783398845582
153.53514406991798	1.1944150751286764	114.47826200104925
152.72120441441788	1.194983438735477	114.53273659639389
154.00378753520536	1.1549125388018902	110.69215631845259
155.47799820059123	1.1616479567543043	111.3377099095775
153.38876927205922	1.15842109577687	111.02843263728928
155.54291782574418	1.1674383210180213	111.8926851866535
153.38934870922628	1.1488471163330498	110.11081819153708
154.1900013091174	1.1668043621709845	111.83192364026968
154.82602483363164	1.1546855847309674	110.6704039911969
154.06014557702963	1.1454469071042934	109.7849264215374
154.93953104270093	1.1559634018001734	110.79287588583725
153.5105864308833	1.1391036691057377	109.17696117004772
152.87423376734122	1.195305949171011	114.56364748734455
153.44509036344039	1.1628486875988377	111.45279350411302
155.13563720879569	1.1693346624323617	112.07443931366913
152.88650518640358	1.1604456779518424	111.22247795159862
152.37684191967602	1.1916237642219205	114.2107298608713
154.89731648871245	1.1682923351116494	111.97453784507914
155.4849602680375	1.161504541336812	111.3239643130252
155.28323554391457	1.158021761264363	110.99015857168115
153.91634815115015	1.1424390471934822	109.49663922380994
153.8632863850082	1.1440491114452944	109.65095522424858
155.1630064080072	1.1666560572076081	111.81770940703788
154.14477952391292	1.190216496954464	114.07585086084525
154.33585629491847	1.1657412496621378	111.73003002316908
153.42406003704798	1.1542354843203995	110.62726428725252
155.60885962136905	1.1623081274097484	111.40098371684353
154.12572537167358	1.1575490687335594	110.94485353450098
154.87578365412278	1.187728974215669	113.8374351829498
154.212710549481	1.1750143855474786	112.618810231623
153.83785413868233	1.1944678964912012	114.48332464460113
153.46696178660423	1.1586067595614222	111.04622751263427
153.2316243859553	1.1692952267761452	112.07065961808544
154.00146577233144	1.170539525365735	112.18991894669969
154.3715842214655	1.1982806442634442	114.84875601557384
154.00455111011985	1.1624670242585322	111.41621312533391
154.3450521170122	1.1765978538716722	112.77057715541864
153.13409448262672	1.1712399147004764	112.25704749810099
154.9353065948803	1.1738444444197706	112.50667766587394
154.20743570003512	1.1469718035422527	109.93107954500697
154.10720041885946	1.1634348242146229	111.50897154679473
152.69863552935817	1.1718952836368435	112.31986108641468
153.6702752628007	1.2055226437280686	115.54286272050923
153.83549960290287	1.1953519108309103	114.56805266528774
154.6160770014162	1.1798152332646537	113.07894566882409
153.879664463722	1.1652016149885835	111.67830894158668
154.55699784864342	1.1735224055108335	112.47581196821196
152.66083585889683	1.1746371385611096	112.58265313661983
152.71762799653644	1.182560731698039	113.34208692978542
152.96426858333828	1.1609456143773569	111.2703941695832
153.02597197826753	1.1833529841579833	113.41802006774475
153.38930296376154	1.1412593320893256	109.38356987497768
154.14606384002468	1.1755585728088416	112.67096765426541
153.60765346782225	1.1435402283711793	109.60218151810612
152.39334542186364	1.1920063625792927	114.2473998560082
154.22671889755242	1.150601710475937	110.27898660482782
153.16411179122622	1.1704633074900412	112.182613873175
154.55194260400452	1.1495616928443662	110.17930650752174
153.16486829604028	1.1513042778225628	110.34632390695603
153.07875350774393	1.1665809751202822	111.81051319272055
155.2544853264829	1.1672764840475598	111.87717398331075
152.61931185375178	1.1909626902635708	114.14736947687925
154.86713032202033	1.1614636851961502	111.32004847164609
152.92033435282514	1.1911291594104076	114.16332464941812
155.48642533641433	1.1687407781467836	112.01751869850074
154.7133788057032	1.1561281387632567	110.80866503787811
153.67809923456176	1.1974045768276127	114.76478966288954
154.53945158493423	1.174454192384347	112.56511872936758
153.76069070642848	1.1576601169783263	110.95549691160151
154.51937623154782	1.1495658724878797	110.17970710387655
154.91169742144243	1.1536771348377388	110.57374949185588
153.33178233985592	1.1614625207726574	111.31993686791597
153.8987842980835	1.179177969416937	113.0178673558977
154.19006405952533	1.1485388856833585	110.08127594127008
154.69836810997944	1.151217581715691	110.33801455131945
154.63606434443298	1.1834417886477557	113.42653150054458
154.66335950006726	1.1604237134448998	111.220372771722
153.9667091346026	1.1866963958254688	113.73846809692469
154.20515966169341	1.1521884487957483	110.43106694011904
153.2162054598358	1.15201809641728	110.41473958071035
153.92635405853162	1.1631169517559747	111.47850518098792
154.42045388100485	1.1779415483552178	112.89936304596856
153.14535678364794	1.1644007202908608	111.60154749160976
154.58793793316096	1.152810497540175	110.4906869672141
153.70775135848706	1.150967988149697	110.31409235020476
154.23246877020742	1.1953347445537437	114.56640736993272
154.7826573536627	1.1810929597329654	113.20140887985592
154.3509845005275	1.1570365534510825	110.89573170071918
152.74766845870593	1.1777760631806442	112.88350218187983
154.33817467740388	1.1576641926003473	110.95588753805563
154.9997454107241	1.1563514057950197	110.8300639822573
154.21797070080194	1.1786651932349324	112.96872051629916
154.45350443931488	1.1490010353050535	110.12557049730655
154.144090403172	1.1522005441501635	110.43222621479715
154.48006241270951	1.1664666959270233	111.79956014658143
153.27493841190017	1.202546021182893	115.25756945629945
153.30508714999505	1.1521680387108002	110.42911074323172
153.3746071944544	1.1562878959428629	110.8239769044514
153.5216600300291	1.1827159337404403	113.3569622109528
153.5817897821732	1.139098578814965	109.17647329305012
154.9905834391904	1.1671430303975103	111.86438316859862
153.2358557948397	1.1825204371230542	113.33822491145662
153.84972275854986	1.1515355394796036	110.36848909317713
152.5261464056106	1.1892133677244825	113.97970631846466
153.02374345243496	1.1805046996573987	113.14502731497302
152.90122567312454	1.1863852364347587	113.70864514258031
154.24664432721053	1.2036104114964314	115.35958554410838
154.11714978805693	1.1446538621989566	109.70891733194856
153.79511589051845	1.1856333116654498	113.63657719690677
154.77645395065358	1.1533295433144939	110.54043471352131
154.12943497493077	1.1578506226355436	110.97375585440433
155.28617600291255	1.1580886701266628	110.99657142633113
153.26728467753864	1.1683067399287461	111.97591846933616
155.27255463456066	1.1621253746020166	111.38346784297303
154.97640231155083	1.1648545707576643	111.64504661827847
154.29091509116893	1.1647563870390463	111.63563623683046
155.2645549507144	1.1606199574544882	111.23918170474168
154.26626951142939	1.1886211853232036	113.92294881975448
155.09937261400057	1.1566407001066275	110.85779128634888
153.3331215540604	1.1945613644099835	114.49228304199401
152.94747389601483	1.1696406357195286	112.10376520787707
155.26863611908263	1.15906689519203	111.09032903845524
154.22357739552547	1.1459367615600722	109.83187633693846
154.9016476719591	1.1555575111712042	110.75397345172162
153.7312145653218	1.1816888037771147	113.25851732734478
155.267264776113	1.1768082588478281	112.7907433409334
153.44252374488022	1.1886606006764886	113.92672656941136
154.1094371523635	1.1448102276450225	109.72390411910101
154.1988662122406	1.1456357017990646	109.80302137779046
153.6870809825779	1.1555476773346454	110.75303093136877
153.45769763413358	1.1492186871673857	110.14643125789131
154.05903697299857	1.1746324771529895	112.58220636571818
153.7050684442593	1.149806446780968	110.20276485618423
152.43958890578085	1.192339262445304	114.2793065180011
153.7751389141658	1.187891707872345	113.85303232884428
154.2397913766645	1.1928896922796084	114.3320622576906
154.51720122932917	1.177202690185007	112.82854746355312
154.96124425071022	1.1658786403692993	111.74319818363394
154.0298387881384	1.176922484000986	112.80169120761947
154.47977704690865	1.1749680727728045	112.61437140121679
154.39362169881193	1.1577789661949074	110.96688796990085
154.40120857743455	1.1497067842197917	110.19321273562947
153.72265078523918	1.1655033554310998	111.70722914039692
153.07508796370652	1.1679821395996373	111.94480727332473
153.40388421048584	1.179207484186662	113.0206961878606
152.95866427479413	1.1994537061291115	114.9611876872746
154.760447101603	1.158698447890614	111.05501534593463
154.3623163837941	1.164947224740084	111.65392700424792
153.12685565973672	1.1533611576329361	110.54346477593845
153.91965716328983	1.1740358668736637	112.52502447870808
154.84943022935744	1.153078953943709	110.51641706987235
155.08787372677529	1.1690883773692986	112.05083421476894
152.38305913669663	1.1870083393970294	113.76836621078667
153.35521236405094	1.1618355779603031	111.35569239324211
155.4935378470354	1.1680986448516373	111.95597367522359
153.6144304469424	1.1578738195364497	110.9759791526152
155.0845336557719	1.1763092938093382	112.74292022517153
155.52027647994979	1.1608395043546207	111.26022409450907
155.56557886028776	1.1630821498891573	111.47516960920002
153.38071935505664	1.1536378599190171	110.5699852020967
153.4758618669865	1.1541667840839394	110.62067973902236
153.2566578572318	1.1637860498072807	111.54263463114036
154.79086663206152	1.1581539251046642	111.00282576506486
153.7104345270171	1.1626604780509175	111.43475463103903
154.8812054697405	1.1688231933559572	112.02541775311342
153.48952322054862	1.1424619954043407	109.49883868641705
154.05365072182536	1.148627399193098	110.08975948519847
155.06131067327996	1.1758291580390174	112.69690179350955
152.8273828594328	1.166500516163112	111.80280163434267
153.06337037086226	1.1901014114087032	114.06482053015496
155.47548046262355	1.1690149700680494	112.04379851969091
154.18633065752658	1.1456481500155984	109.8042144724051
154.34918571721965	1.1966885958496076	114.69616673632525
154.6529710245394	1.1681374737920696	111.95969522036195
153.07808975359754	1.1577633227483648	110.96538862967216
152.901450585119	1.186268546329821	113.69746102352141
154.32890231855913	1.2125059777810592	116.21217773670908
153.66690299599438	1.1997475623243923	114.98935222338474
152.85511017216882	1.1622243754529051	111.39295654215505
154.4291400375169	1.158723867117993	111.05745164218737
152.81373081848943	1.1718971683357617	112.32004172467106
154.5710557210298	1.1549173820295968	110.69262051578387
155.45546237825312	1.1655168740940038	111.70852483153986
155.64518910833965	1.1642150845525776	111.58375530434884
155.14826188891138	1.1775303462858289	112.8599515388509
154.5667294493265	1.1498918138589498	110.21094683154854
153.85761211791797	1.1550663011063347	110.70689360847899
153.82911856186868	1.148182604784979	110.04712833305587
153.75828081583086	1.1984031747247164	114.86049990138096
153.81134600303957	1.181396761296158	113.23052662599935
154.055727037412	1.1484016593337592	110.06812353359372
152.94062659395604	1.1733950265622988	112.46360338097337
154.67364018723606	1.1515928727698188	110.3739841807353
153.70378875289634	1.141335961325982	109.39091437523857
153.87936969803647	1.1729985064193853	112.42559905755652
153.55200808936016	1.1874632697264187	113.81196883647726
154.15817378983198	1.1537864763823091	110.58422929092036
153.0655717723313	1.1731678377175119	112.44182855190532
154.0312114012885	1.1532322040555338	110.53110526899047
154.4825991284654	1.151662277071585	110.38063620983894
153.41351250512173	1.200781880595583	115.08848606764663
154.71022890699567	1.1731874834873557	112.44371149330001
154.63938105162774	1.1529232919517367	110.50149770501196
154.35109495596663	1.176447649228877	112.75618084813003
154.77884217214276	1.1642178005152668	111.58401561476755
155.31154290924454	1.1585222600000864	111.03812868407542
154.32163484585922	1.1859803931631203	113.66984309203269
153.75392499684605	1.1605343495687308	111.23097664924701
153.89018496956507	1.1536740711315558	110.57345585209329
154.53681426401425	1.1864012852002117	113.71018333044698
154.24040430077216	1.161418762721573	111.31574289402785
154.9431594399196	1.1893529807982544	113.99308748081837
153.9439973919684	1.1896113800750923	114.01785366196485
154.18018262090297	1.1894201229145567	113.99952269161017
154.17699935202947	1.181735833483098	113.26302487176171
154.47728814919387	1.1488292921728875	110.10910984163468
155.20087251169824	1.1603681357321896	111.21504594682709
153.99043613815547	1.1439980439380006	109.64606067828926
154.49241526425317	1.1894558713096246	114.00294898304095
155.1574620276147	1.1567137193356223	110.86478978678817
153.53278390283478	1.1409791599369419	109.35671688079344
153.82250672705433	1.1989472750404355	114.91264899075095
154.63129728725397	1.1512897382127576	110.34493036354273
154.75495344380258	1.1635698112215624	111.52190932551918
153.27026088854555	1.1849416846832483	113.570288469877
152.99901523228462	1.195569890677185	114.58894486136965
153.40940749613327	1.1708239746604399	112.21718188197512
154.22926377572233	1.148769381143076	110.10336769159795
154.48983005953426	1.1862646469246938	113.69708728650895
154.92208934242433	1.1667285861934895	111.82466092031102
153.7706104984381	1.1474236138078238	109.97438312935867
153.88912963776772	1.182111981211628	113.29907660881226
153.7907698487732	1.1425134148898222	109.5037669675929
153.59794414973302	1.1396379568131958	109.22816977368306
154.19420590068123	1.1467394998037288	109.90881448087949
153.08429041075485	1.2004820626187578	115.05975012683483
152.92567621238263	1.1871274448420275	113.77978182720189
154.1677809108335	1.1905548524425524	114.10828041487672
154.0625815379692	1.15628409720604	110.82361281595458
154.49398553860436	1.1928209126162193	114.3254700968164
153.53955841309096	1.142616155135865	109.51361406769189
154.3168907408337	1.1468881944703682	109.92306606507341
153.1305730760854	1.1555244796355497	110.75080755665574
153.21805469056932	1.1507283270961073	110.29112212699208
152.64837552229287	1.1909007912708052	114.14143679128362
154.36230059797953	1.1695761064193053	112.09758042145606
153.7228050646477	1.1416342136219721	109.41950025396174
153.0087956505486	1.1829454762677545	113.3789626278342
155.17977667777524	1.1782193981727802	112.92599345684847
154.83150086833226	1.1786791628208562	112.97005942598871
155.3543722963937	1.1684897843210305	111.993462290018
153.74356331826368	1.1423757940837764	109.49057675338734
154.5430266739546	1.1525806431969874	110.46865666445802
153.99828729572548	1.1600842981541848	111.18784164130786
154.43721161112026	1.1995338794781052	114.9688718716446
153.8133425346204	1.1413732514812949	109.39448843609802
153.4795175133812	1.176146300179439	112.72729816224162
155.52185892116566	1.1608860374073382	111.2646840373812
154.0981771039908	1.175649042412131	112.6796386792417
154.75516163787032	1.157363422143353	110.92706030714159
153.12096317002002	1.1646947707949213	111.62973065117158
152.74223953225368	1.1962822109914915	114.6572169330036
153.20037057860299	1.1964449180800087	114.67281153248291
153.5770465622949	1.1737912560375694	112.5015798454597
154.72425437011032	1.1674289948709284	111.89179132560588
154.5823518014283	1.1532400369333105	110.53185600820416
153.93283494412503	1.1483486057415602	110.06303863207638
153.9174666467862	1.162648050409215	111.4335635084113
153.61343147094746	1.201819410494054	115.18792772911286
153.500848888823	1.1856666060579082	113.63976828538378
155.16310397346467	1.1590741508750206	111.09102445665256
153.91819679994438	1.1658049577165388	111.73613609759427
154.8283692752063	1.164579714995636	111.61870317152099
153.05960123429006	1.1767102491315304	112.78134963667213
155.42146509429946	1.1596617263351243	111.14734040482483
153.54451003465294	1.1402889731795567	109.29056619156754
154.27937645750686	1.146827395727903	109.9172388325525
153.7662991326073	1.1481167685320004	110.04081828224137
152.70669280366099	1.1943506649534195	114.47208863211567
153.47055512832776	1.1377970946674563	109.05173303622385
154.78041306391495	1.192856959205619	114.32892496857036
153.7751389141658	1.1427359455943387	109.52509533896512
154.35177347767905	1.177566675988622	112.86343354550115
154.83974110737267	1.1547269043932096	110.67436425862692
154.93319462069684	1.1631135859047674	111.47818258224952
155.1922433265632	1.17710559716438	112.81924161964236
154.1974539138219	1.1523684129883085	110.44831554022106
155.07800065101907	1.157880367035028	110.97660669514484
153.68409188589138	1.1517006519289483	110.38431423355696
154.04361477475155	1.1532161631095448	110.52956783057736
154.32496093486722	1.146980669873989	109.93192933522532
154.63840832148512	1.1987566593628203	114.89437950308462
153.59474940275658	1.1694807632238946	112.08844228888262
154.13756026686764	1.176928473870366	112.8022653043891
153.58852989090983	1.1513080371050306	110.34668421396506
154.84406302095357	1.1579477628537764	110.98306622195182
154.42320657268323	1.1505850654000156	110.2773912638094
154.91264783296694	1.1606888610272474	111.24578574166267
153.18932917242378	1.1578041605325264	110.96930271167946
153.45783519861797	1.1827511611545283	113.36033856915822
154.13756026686764	1.1861001116759187	113.68131746769981
153.55795886987968	1.1407462616310666	109.33439483058262
154.1932488293494	1.2028461072822307	115.28633109521225
153.66096015935838	1.1420681800659602	109.46109360396964
155.24032580403292	1.159337274242611	111.11624341649392
153.99428355292773	1.1959417911098038	114.62458951794689
152.8762861382019	1.1670742469000521	111.85779064024953
153.4973282678252	1.1452841157430393	109.76932374496943
155.6552279927656	1.1629985027733851	111.46715248296442
153.33782451587186	1.1942734064464473	114.46468381967891
154.93122789364722	1.1539664447070213	110.6014782870669
153.9274574128389	1.1614792998303765	111.32154505036921
153.70972515888016	1.1416687924828597	109.42281445183048
155.15832368809154	1.1685393367673054	111.9982116255259
153.54049348319413	1.1576807663367619	110.95747604156594
153.8572400748306	1.1475106653514782	109.98272655169953
153.05836506374698	1.153624245469513	110.56868033032325
153.50686556296537	1.1681739135684697	111.96318777697553
155.0928035295788	1.1729544177831448	112.4213733988589
154.3040810095602	1.1628502599856307	111.45294420893164
154.68167269053083	1.192794389880222	114.32292803519671
154.66666358170627	1.1854748415155791	113.62138868521264
153.49330304584845	1.1893228623279988	113.99020078740602
154.8703307651509	1.15648479385667	110.84284851067409
154.5104868044322	1.1770746792622713	112.81627830498581
154.92449052944983	1.1549888297081927	110.69946839156842
154.3634214133359	1.1554700662730664	110.74559232846879
154.78522248482935	1.1931569412259648	114.35767663207147
155.62144919008924	1.1621216165220944	111.38310765122154
153.46742048594723	1.174090023125828	112.53021506425355
154.26984065551554	1.1688882825311449	112.03165620053903
153.4057607876994	1.1763836138124502	112.75004339781505
154.05430638372513	1.1644147746899436	111.60289453018451
153.8704196021304	1.1419856368878503	109.45318228422258
153.86058863983155	1.1637677353595324	111.54087928980938
153.54032486172915	1.193265483259816	114.36807980233284
154.02162011939276	1.1942529832520847	114.4627263663247
155.1602584617151	1.1568807625461646	110.88079998024617
154.27822758076522	1.1511173972782895	110.3284124117349
153.53112883721175	1.1384218013198284	109.1116078095026
153.1895866058261	1.1662488367887425	111.7786795197116
154.5066303279224	1.1560121147111142	110.79754475639794
155.2012796182001	1.164025753274325	111.56560891945459
155.30668665661696	1.1609729886285263	111.27301784435313
154.405761711291	1.1866211818255292	113.73125923949269
153.82904113093184	1.1497066694484483	110.1932017354134
153.75925401612741	1.1587552727857011	111.06046170655367
155.11144449538352	1.172627818655407	112.39007062874738
154.60589771329205	1.15623509127464	110.8189158609586
152.79400411762066	1.1945418044185283	114.49040832199661
152.85259523033127	1.185093868661732	113.5848744858475
154.27707875184223	1.1502232621956838	110.24271437226578
155.08320422957627	1.1638490846548015	111.54867618230625
154.72537416169914	1.1535184632879945	110.55854167706687
153.81270796273554	1.146172961699599	109.85451485014923
155.01629986479855	1.1653991360813558	111.69724027616202
153.5311135129787	1.1764409031687633	112.75553427454497
152.99245666423226	1.1989223890204237	114.91026379955704
153.81585000724115	1.1694314449000327	112.08371539274903
155.47158091581366	1.1663174145930062	111.78525233347412
154.77892231746853	1.183163952767082	113.3999024254405
153.18566478038247	1.1698969650940574	112.1283330000181
154.7231186288442	1.151532862593802	110.36823252806795
154.3248978773123	1.1736169593072165	112.48487444113357
153.97365078122266	1.1830837421266325	113.39221466688497
153.28046737204235	1.1506027068532607	110.2790821022363
154.250370153134	1.1710869630155727	112.24238790159849
154.26030814560573	1.178393121038805	112.94264385936472
154.490464442967	1.1488869120282676	110.11463239492292
153.97449136653916	1.1712360533906243	112.25667741231582
153.5097901549971	1.1380867007540323	109.07949022226958
154.01410535230875	1.1446871057568035	109.71210354820141
153.8097984014661	1.1415859768252574	109.41487701638933
154.4915746493951	1.1565830979172598	110.85227042625293
154.96544051125372	1.1557238924149962	110.7699201992263
154.98124695350992	1.1652885197877538	111.68663829925782
153.58713260737358	1.1941773780612064	114.45548001534485
154.97029931181848	1.174123572487494	112.53343059015802
153.2492972822286	1.1703111859892474	112.16803384535511
153.29242509468457	1.178464763231936	112.94951037832146
153.45022429083957	1.1655108831620429	111.70795063292756
154.27231083595635	1.151202831203507	110.33660079404726
154.86997692857977	1.1651436673771152	111.67275497463987
155.46957378090428	1.1604454524806016	111.22245634139266
153.18790575845438	1.1490203855976469	110.1274251187957
153.5018745426386	1.1518554300854957	110.39914888754471
153.5929525152351	1.2045371497554287	115.44840842271148
153.60912859102825	1.1727414686347117	112.40096336811258
154.22368734207282	1.1813861350800485	113.22950816032757
154.11265961621092	1.1845578853373637	113.53350336644948
153.55312760007848	1.1384675446992019	109.11599206643119
154.6930947607753	1.1512834750386738	110.34433007198693
153.46211531292002	1.1755893098199788	112.67391363149507
