141.0205082261624	1.0404828283587724	99.72468391661592
141.92737820140192	1.0464196787708617	100.29369910328624
141.21149379141144	1.1137209297968889	106.74416210261325
142.55543640612706	1.0708866980849359	102.63873133349279
142.0719772577492	1.1245286656153513	107.78002546236762
141.86608057271027	1.0642283246766717	102.00056204761873
142.5145861881346	1.092822858625553	104.74119435992043
140.5739334787447	1.0489417981382183	100.53543068198644
140.62700612889492	1.0913631142769036	104.60128571385681
140.86312670971233	1.050327619256303	100.66825418392153
141.25954681330182	1.0418802009671355	99.85861456677624
141.18911526307022	1.0589735030560656	101.49691565301194
142.33686145813758	1.0555611653991204	101.16986143839084
142.67868913412076	1.0676131617844045	102.32498048248162
142.15405886704545	1.0813084835078035	103.63760342327214
142.3720538203447	1.0629755856875913	101.88049375210142
141.85597194925847	1.0902688580440192	104.49640713828211
142.73577572496774	1.0655473831240871	102.1269867065855
142.6319391451112	1.0516921771809988	100.79903972311286
142.79541089757237	1.0746472577313764	102.99916075324823
141.4338099892413	1.048142370349358	100.45880982733571
140.2355207823884	1.0990036165084283	105.33358676605664
141.46228262677798	1.0454903058458298	100.20462370611159
143.260730304341	1.0541309779492134	101.03278566212988
140.74913283619858	1.041602263149055	99.83197572151985
142.81571430168677	1.0560960595138535	101.22112816290255
142.58308071444006	1.0498298127992114	100.62054211195644
141.96223717098295	1.0744444502694626	102.97972274861803
142.17484794833157	1.0968918456312022	105.13118488349231
142.27034422235164	1.04736059112355	100.38388049254866
142.58616087499277	1.0800132699341813	103.51346416723297
141.1766608100647	1.0416072394720028	99.83245267531431
142.58658806763626	1.065380087776193	102.11095234711817
140.67529917148065	1.0465929829532081	100.31030937722336
142.0336352941137	1.1191268069442994	107.26228635716528
141.8861939785596	1.0683427644276937	102.39490897241308
143.09213871569662	1.0544148043619626	101.05998889751939
141.85625947171576	1.0456490990283833	100.21984317875128
142.60634465607208	1.0936956596461087	104.82484764426565
141.82380315123	1.0863238343029413	104.11829782700873
140.8381684527551	1.113604065408628	106.73296127943503
141.55153089654993	1.0652337603706348	102.09692765216897
141.4400224801321	1.0712744341059974	102.67589374606659
142.9337568500587	1.0698434347292676	102.5387401509858
140.51591470867743	1.0834250816536948	103.84046797357948
142.25016864361706	1.0681097539996374	102.37257617589414
143.1247250549869	1.056851581280199	101.29354086139924
142.2678329339007	1.0772404719958564	103.24770639552591
142.18973029984738	1.0496924933244896	100.60738077873786
140.91709173372902	1.0482774396869976	100.47175549701504
140.6022486618261	1.0517480045120475	100.8043904725832
140.71836636079613	1.0531800310052752	100.94164251125704
142.00125018790536	1.0510785394532685	100.74022584673803
142.16619485829355	1.0472255832935558	100.37094071804638
141.62859654507332	1.0489959298075453	100.54061891139915
141.46568124089393	1.07388640513587	102.92623712344293
140.82589436439804	1.111572818176759	106.5382771552634
140.5313421536319	1.056346402427005	101.24512218491266
141.7946499911059	1.1102306201783017	106.40963469476186
142.13791978452198	1.050571814316684	100.69165896730361
142.07005493316166	1.046225054011209	100.2750453666654
142.08852600649988	1.0461996416210533	100.27260972572374
141.6442455212453	1.0490951579078651	100.55012939121711
143.34877681579368	1.0541554373231274	101.03512996158962
142.8269151731584	1.059710946076049	101.56759560088804
142.46503975381472	1.1056624514171005	105.97180028426311
142.37792753460135	1.089307919717688	104.40430636713542
142.5307735097609	1.0487651446972424	100.51849939962025
142.3824144598181	1.0653268899564063	102.10585362216214
142.52022076479594	1.0547792098889937	101.09491520769981
141.47456268573399	1.0436051470938619	100.02394137714977
141.75363108262417	1.0533842773501916	100.96121842508545
140.6722706444875	1.0434394281486106	100.0080581073987
142.44120062405491	1.0678830634388148	102.35084910466455
143.19009736986325	1.057991183175258	101.40276557484769
142.86779855874101	1.0847590065354544	103.9683175003341
141.9271566798245	1.0911262845162977	104.57858685485138
141.60942235443923	1.0929124668564718	104.74978282698702
140.83791969469033	1.051657264183167	100.79569350001483
142.80030228111593	1.05098677845773	100.73143104875912
141.32379048625089	1.0942009226133889	104.87327438263505
140.69962069531758	1.0569090287336436	101.29904689088902
142.0392756743397	1.0459382844824716	100.24756004943495
141.23407955143983	1.1065172840149304	106.05373139191501
143.01620727091577	1.0663347731997805	102.20245381116179
141.05481072858203	1.082794807003887	103.78005953768836
142.0639995960639	1.0973222118066484	105.17243316712084
141.61211703254594	1.0780702800694573	103.32723903709947
141.62741923852977	1.0944075508593216	104.89307858886727
141.28334646588957	1.0441364071991035	100.07485980139352
140.06503678140078	1.0882579098635639	104.30366856903065
141.80482218064915	1.069261487896457	102.4829636764717
141.63687156157752	1.121365662327597	107.47686860624144
141.77773455671294	1.1070217290202276	106.10207973302691
141.98073029510843	1.060637386854524	101.6563899675828
142.64108929079887	1.0504531673997246	100.68028729833514
142.8072166762225	1.0545896028776216	101.0767423952688
140.76869748954326	1.0391779432632458	99.59961769721066
140.62969794337897	1.0917659873568102	104.63989893212161
141.59598434765576	1.0574244067793688	101.3484431051337
141.99571443654634	1.110834049939344	106.46747019242285
142.1615738843415	1.1050690158368017	105.91492267508285
141.3029850046198	1.0422009772648055	99.88935924993794
140.07709374394466	1.0982934940921187	105.26552535112654
139.88214872163934	1.1158129863359074	106.94467447187398
142.15660826404206	1.0831261703698687	103.81181893441591
142.5505386628088	1.0499576241853192	100.63279214601097
142.3935274373377	1.0501292207968704	100.64923875846983
142.3392760538363	1.065717865386496	102.14332651467144
142.4435088800998	1.096744871518258	105.11709820511778
140.7040206156458	1.053289664221894	100.95215026551888
140.65745415596206	1.1036511878308304	105.77903148506036
141.23397046753786	1.079131682453642	103.42896874794741
140.6563336807912	1.1112661283775005	106.5088825872245
140.60056993141052	1.1056777056127194	105.97326231688395
140.08437408422589	1.0991166158845493	105.34441714860532
142.81596292744322	1.0868163740240175	104.16550511064854
141.9605966627905	1.0847142128556517	103.96402426700239
141.7679326904051	1.0474575684091225	100.39317524387681
141.22369592328272	1.0982098007692007	105.25750379618451
142.35448209347325	1.0879313177521654	104.27236647139752
142.44369937265128	1.0891389049458429	104.38810721012861
141.16277201585353	1.0954467775846661	104.99268288206464
141.1938233344253	1.0908054672734937	104.54783824731878
141.97017453159225	1.063277383032776	101.90941940472644
140.48732924921276	1.0806562689742543	103.5750921675058
142.0798785476818	1.0521899520277243	100.84674876539435
141.94435000527926	1.0865244565012318	104.13752638587184
142.8017031481768	1.0766053373683324	103.18683215690513
141.56156072086205	1.112364330718354	106.61413937602788
140.53207282625928	1.0858065251352846	104.0687165251115
141.05810327986046	1.042290913567083	99.89797916088007
141.4225157193801	1.055099555809606	101.12561864153486
140.09784137072083	1.0963491074196257	105.07916634447969
140.59392016469502	1.0529736610713227	100.92186306283905
143.13100850213988	1.067061639026528	102.27211999194493
141.88792030064369	1.0657691969246823	102.148246366572
142.16356696847515	1.055541231302703	101.16795086244456
141.9642878906576	1.1216537818477588	107.50448331289034
142.79577236667797	1.0638201888986925	101.96144442804372
140.28289185619707	1.0728184448171305	102.82387886983312
142.64532173987538	1.0494059663938855	100.57991871323395
142.2286975354643	1.08399287888261	103.89488828464951
141.9157276497485	1.08440691334619	103.93457126151921
142.7635456436107	1.0732104266328149	102.86144821898985
141.08593088746056	1.0438091784671024	100.04349668709908
141.87035032359387	1.045146276507136	100.17165034401064
142.67981571418102	1.055457598649018	101.15993512232225
142.0645217670972	1.1107927472167782	106.46351154856971
141.4488331754372	1.0927149902102644	104.73085575237587
140.0458349033767	1.1004451206106303	105.47174718258495
140.260044442538	1.1004223530990034	105.46956503902749
141.26624877134353	1.1071174389230298	106.11125301253186
142.94207529180176	1.077572240924275	103.27950466323215
141.0761023521695	1.0411179730652376	99.785559121249
143.25296650485882	1.058010758344644	101.40464174956817
141.27722069826206	1.0878581581262055	104.26535451466411
141.5995249095735	1.0958244632988872	105.02888202677319
141.66569184986687	1.0489097006881014	100.53235431399631
142.79687938450087	1.0565320492079198	101.26291543055042
141.77410276113895	1.123365649076254	107.6685565812
140.47407327129	1.0808482414053628	103.59349169269855
142.37163989280532	1.0499246257430723	100.62962942277025
141.6607807575877	1.060789170705197	101.67093763345432
142.37611499086324	1.108995867891697	106.2912903279536
141.42411493226345	1.0456201017842044	100.21706394882897
142.00897253979102	1.123194672731963	107.65216941802257
142.33003199611588	1.1215044527875135	107.49017092548073
142.09156079478856	1.0641243503957527	101.99059667191284
141.29215983223781	1.048566290095977	100.49944025542673
140.7108369937439	1.117162067668782	107.07397666296437
141.58817849362526	1.070907150387146	102.64069157667765
143.07670750301656	1.0530120999016708	100.92554721802367
142.15468228688573	1.0649110959430252	102.06600200190596
142.43937427414537	1.060176041852184	101.61217252998466
140.94010869392184	1.0638940731213191	101.96852583347115
140.72777437601215	1.0663722505060678	102.20604580943575
140.71350125900136	1.0437323388528714	100.03613202327897
143.20181773008593	1.0555005798123283	101.16405463569494
142.32726027307862	1.0572979007457128	101.33631818209217
142.91296773684488	1.0541507890742765	101.03468445193313
140.19074637847396	1.094509479240408	104.90284787607598
142.80233581260913	1.0512022584723666	100.75208364942134
141.72398291600865	1.114991664666801	106.86595520653569
141.87412264285433	1.0536960885861713	100.99110385529364
141.06216767594861	1.0600777111680588	101.60274806268313
142.2419693581309	1.0840952773931019	103.9047026312336
141.78848815195087	1.113852120476765	106.75673602380337
141.9733010846804	1.0501969468535597	100.65572993680759
140.7327812460245	1.0704447626721323	102.59637420067693
142.4155490233149	1.0544919946592808	101.06738717242763
140.1672179622758	1.107040009008748	106.10383177162622
143.1439539336632	1.060407287153237	101.63433614857229
140.9655880124947	1.044181741819206	100.07920488094409
142.6617263505322	1.0872182200505582	104.2040198913712
143.06548724249387	1.0576080457048873	101.36604390862894
141.65827035995233	1.0450850204525435	100.16577928058152
141.91929337203572	1.0726804884913352	102.81065649786383
140.863938320688	1.049071110092577	100.54782453743853
143.0942770061998	1.0636282972274405	101.94305264324895
141.24552388967604	1.0715730904288299	102.70451834858999
141.1950767215334	1.0476287736852474	100.40958434893946
143.25979400673654	1.0599590946336488	101.59137930571863
141.42818989204156	1.0707007122787837	102.62090559410912
140.891725582493	1.0834055725165488	103.83859812769414
142.83903480702313	1.0588516827373597	101.48523983055101
143.3344424528273	1.0534963896427358	100.97196378544356
142.09499602400635	1.0484847754941105	100.49162751918145
141.65043176764215	1.051519049622375	100.78244637760974
140.92234648645731	1.100998345046372	105.52477076979429
142.57658385924154	1.0616593986088345	101.75434429837982
142.7117325354404	1.0515471376400003	100.78513846305621
142.25975313082455	1.1123746355799333	106.61512704159601
140.6807962855426	1.0893582312330263	104.40912845533116
140.43876717631048	1.0684598116346642	102.40612731778151
140.44529858762476	1.0767975985306433	103.20525935543097
140.66011539163125	1.0450400144561802	100.1614656978492
141.05582128872624	1.0615944829153787	101.7481224782453
140.41959641496138	1.065761632599506	102.1475213666809
142.57197594694418	1.0586767208525856	101.46847067475046
141.00322538675798	1.0784379013885812	103.3624735636591
140.97152073557731	1.0536959913332329	100.99109453412245
142.86917897428745	1.0569449981771946	101.30249436862822
142.6435769306632	1.0536622214526339	100.98785787266411
140.4688470370116	1.059772123028548	101.57345908280688
141.42329341180604	1.0988552488846386	105.31936652716118
141.28381603259135	1.0725713772454797	102.80019877169275
142.4723274420284	1.0986485888879467	105.29955927778944
139.89619566830166	1.1100001285281575	106.38754330956112
143.16130032446273	1.053517744738576	100.97401055654312
141.30790141527197	1.0824417978510723	103.74622550869273
141.5642635491199	1.061104949673859	101.70120334950364
142.5953689231053	1.0814943548301752	103.65541819000107
142.0938064486752	1.0547485224951907	101.09197398602481
140.75778044085726	1.101377222568596	105.56108414289099
142.69976099257585	1.0497683186899527	100.61464823226768
141.56474699875434	1.0669613356702927	102.26250645462963
143.30342213380766	1.0543407947122794	101.05289547058311
140.553579011753	1.1171060460130233	107.06860728851557
140.50402526538235	1.1157483766412646	106.93848198008016
142.901404925906	1.0659105295789466	102.1617923414689
141.75380761807025	1.0723069716675817	102.77485691888845
143.15024019410004	1.0648136309684613	102.0566605082105
140.4441509673253	1.1031159161504052	105.72772857290745
143.14979602592268	1.0536585422602596	100.98750524185984
143.17917797178032	1.0648267912219422	102.05792184773759
141.05953773185553	1.0596197433856	101.55885431344967
142.30009986904187	1.0621257931080768	101.79904570310242
142.00947187564847	1.0964004163581444	105.08408403032364
140.45529585944587	1.0763515546798403	103.16250845092596
142.00125018790536	1.0472357075263776	100.37191107131945
141.89920942581512	1.0573146814554633	101.33792652288372
141.45957487991706	1.119215994175515	107.27083447367423
142.45977094616214	1.055102965471408	101.12594543928319
142.31324784770112	1.065873616250434	102.15825439743186
141.09138967073378	1.0417829370150307	99.8492923400025
142.75800378696164	1.0814695497920275	103.65304076048336
140.89300330739871	1.0488411293995634	100.52578212473107
142.80853867107885	1.0589005840113983	101.48992675470171
141.98061940231338	1.121754480191793	107.51413470766211
142.00750785341765	1.0522086784199425	100.84854358938756
141.5874749332437	1.082870475289165	103.7873119359271
142.16176316782543	1.0666039399531315	102.22825199703011
141.11305717349904	1.0917853915496698	104.64175871966144
141.46843320746066	1.0674790195947803	102.31212367495385
142.3031714771312	1.099840971281345	105.41384271817736
141.83699952712075	1.0531175077809642	100.93564999642459
141.31606382007732	1.1038190811351416	105.79512315543475
141.78992363066092	1.1044263580794351	105.85332738492218
142.61083245381784	1.077196149837728	103.24345835501109
140.88928933976257	1.041190351523477	99.79249620725713
141.72490912686987	1.0812717453822578	103.63408227149733
142.62424234945584	1.0568918344725622	101.29739891342626
140.69596519313035	1.0438057239776608	100.04316559286256
142.13141015485863	1.0596958055964778	101.56614446733886
140.3025528288796	1.0774330410682207	103.26616310557459
141.5337067756078	1.0612243283971095	101.71264515816983
141.13768474749386	1.0686358271108995	102.42299745465797
141.19098971532972	1.043281622280067	99.99293326349759
140.97038185427758	1.0726231388631775	102.80515984440173
142.11394456616108	1.118453606586238	107.19776372297041
142.904349129459	1.0608260281620694	101.67447022249507
141.21046891593784	1.0516856048823722	100.79840980363194
140.49431831024555	1.077540026379354	103.27641707233472
142.43964317980877	1.0501201823074344	100.64837246786173
141.66510821685907	1.046257540578471	100.27815902944141
141.2598305897582	1.0538059915942792	101.00163746761892
142.4872765853785	1.061470844019266	101.73627235491928
141.33922585838917	1.083618838550521	103.85903853021532
140.2572240066015	1.116002685887696	106.96285615380627
142.2793190557799	1.0561938435143627	101.23050023351928
139.95417597305564	1.1125524798544626	106.6321724589546
141.04800903726377	1.092918053943202	104.75031831920562
141.17822968976546	1.0937021326035237	104.82546804242564
142.38225780138066	1.0498281079067096	100.62037870717818
141.6463148477898	1.0521293899279527	100.84094421380308
140.8561798977342	1.087907886236121	104.27012068658729
142.4651967066933	1.1119114843761304	106.57073648930051
141.2292473825918	1.0724666270896475	102.7901590325487
143.18374827923256	1.052585395342667	100.88464988064084
142.62564882652603	1.0900918016721592	104.47943723715746
143.0867820820518	1.0523631220105087	100.86334617702512
141.12845467048822	1.0900423653548799	104.47469903198932
140.72403036385694	1.0584813221481395	101.44974275968305
141.52590062505064	1.0609725367800897	101.68851228568431
142.1554170429061	1.0472387641616072	100.37220403336917
143.02513210691987	1.05304368046987	100.9285740456615
140.89761640260755	1.0397695986406532	99.65632468351683
141.1194984701265	1.0801384425169926	103.52546128618167
141.92274862777614	1.0623987848573146	101.82521049425763
141.89090832249548	1.0461909154012956	100.27177336448509
142.32537157742993	1.0475718540190175	100.404128905016
142.72632377184772	1.0698847727658762	102.54270217950003
141.77295477713386	1.0542279150894982	101.04207656574808
141.5786373838935	1.080170495298844	103.52853337295873
141.6549123700168	1.0889667999463744	104.37161187142172
141.45379815938483	1.0498087960983506	100.61852777419594
142.03647760149983	1.058827842563651	101.48295487810124
142.67295529187786	1.085498177219666	104.03916303553596
142.02679673233473	1.0513214600478766	100.76350847942919
141.320610045959	1.0505842592134738	100.69285174373866
142.2107144124459	1.0867203103247005	104.1562979216502
140.49824809820973	1.0821338270599885	103.71670816447589
141.48319359795119	1.067114455711918	102.2771821872186
141.87538384069796	1.0450992096252114	100.16713923647966
140.1979693460957	1.0917437632265556	104.63776886874666
140.7453439397366	1.0466424521841007	100.31505073698433
142.6690805868751	1.0847393969027284	103.96643802248782
142.56232337833367	1.0489598470786954	100.53716057587323
142.55124633046486	1.1038513841376054	105.79821922451198
141.59038818379597	1.0468619905189862	100.33609230581885
140.98678444045245	1.0493049207229872	100.57023402905001
140.6369989201703	1.0642331502531739	102.00102455317698
143.16044593889467	1.0525509754332008	100.88135091741107
141.58417713917706	1.0523929292079826	100.86620303661522
142.45650908552875	1.0522068933308566	100.84837249819797
140.7898801594767	1.0503683243556905	100.67215554880674
141.8427036804949	1.0582349975231733	101.4261338689872
139.84979798246522	1.1120408308769671	106.58313365584675
140.73421650357494	1.0492995343645302	100.56971777555697
140.8925376917212	1.1120234653193615	106.58146926053327
141.97942177761848	1.0582187627320732	101.4245778515626
141.6461827602948	1.10021312344456	105.44951150177856
143.3419007538589	1.0540444553891328	101.02449294001998
141.65975676281062	1.0975101411291142	105.19044518209193
141.561351972517	1.0735500975311507	102.89400384801993
141.26480787705262	1.045425632863632	100.19842514854597
143.09015975426917	1.0599811057443247	101.5934889523125
141.73603616687646	1.0507738141804739	100.71101956799649
141.5317962859437	1.1077446711061383	106.1713698443507
141.43596837794883	1.1066449246528713	106.06596506067592
141.96965346061882	1.0468633549264303	100.33622307693528
141.45936659835084	1.0601842914674122	101.6129632112421
141.78151016777488	1.0537963568264281	101.00071402693122
141.51298114756406	1.0715660595440384	102.7038444760912
140.6236361943988	1.098841851728209	105.31808248176043
141.84712600216372	1.0826174591169113	103.76306169640745
142.91263926965306	1.0525584388566425	100.8820662464135
142.127126558515	1.05206380749898	100.83465849065463
142.48673819346632	1.0780246642021218	103.32286700151404
142.2390916008047	1.0595299276755985	101.55024596062873
142.4363491985075	1.115940962285801	106.95694027848242
141.7596226400675	1.0627375682147673	101.85768105726679
143.03914759885947	1.052038500351497	100.83223293665719
141.60316471903624	1.044097223193587	100.0711042251762
141.7738268007793	1.1209849086951025	107.44037541806408
142.33195442215612	1.0961712249052002	105.0621172620327
140.85460023756085	1.0701485571388272	102.56798449315068
143.17859674563664	1.0558236571672137	101.19501986281684
140.77634418007705	1.0761132580622346	103.13966900156511
142.63746501896338	1.0524273226495628	100.86949946304044
141.5043555671794	1.0472024511374416	100.36872362527568
141.30773752643103	1.0849927796969479	103.9907234007514
140.69619163189054	1.0807527017346905	103.58433472902782
141.93852214782137	1.0718758639701214	102.73353756436236
142.14192618336176	1.0503473682741447	100.6701470210816
140.90976857327428	1.0430818148162928	99.97378279255663
142.30752794128426	1.1185934729021543	107.21116915722187
140.75418517522016	1.052114319315513	100.83949977664273
140.6643499762769	1.0710786091997109	102.65712498184467
142.84092315149013	1.0864726766958563	104.13256356997178
142.93535468277486	1.0613247135266395	101.72226653301567
143.22726468075655	1.0633918168773777	101.92038727336515
140.62839508592398	1.0729343006868122	102.83498303192883
140.98449510728034	1.0873558872820501	104.21721455520611
141.0188686853519	1.0941685913018133	104.87017560028171
142.06314413756482	1.0570490562662223	101.31246777689064
141.14996535198748	1.078094799534862	103.32958909600544
142.3256397896514	1.058949111935733	101.49457789529099
142.87435026564927	1.0597435866108966	101.57072402062917
141.87955489604482	1.053986537419163	101.01894181405143
141.82074223286273	1.046002288043076	100.25369444654066
142.2552339934818	1.0991822788305183	105.35071058887488
142.2077940964261	1.0783304077074234	103.35217087236586
142.10260116175346	1.0517293358459396	100.80260118132725
139.9275165296231	1.112069354948053	106.58586753467252
140.7758689255883	1.0391534345610014	99.59726866989575
141.43371138508647	1.0876471274849884	104.2451283625177
140.92475195272553	1.0668118574134393	102.24817976752745
142.31930371040465	1.0697624895972178	102.53098199536011
142.16233102310764	1.0472172893584846	100.37014578897032
140.36542841337823	1.0992287566327472	105.3551652362848
141.03827544664742	1.1083585778126728	106.23020950089746
141.47625145236165	1.0654335533298718	102.11607673292804
141.8773642139574	1.1169819022118403	107.0567087727537
141.1065841397334	1.0646504967774533	102.04102497325418
142.7497656699155	1.0505765994380052	100.69211759545033
141.19781249356473	1.0426522683368389	99.93261307238105
140.92301827082628	1.0645716530213676	102.03346822321454
140.96005727123253	1.042168291380583	99.88622648370308
141.38938297766148	1.0833026940437285	103.82873777930182
141.02429785031498	1.0531683502488844	100.94052297357007
140.51136049405608	1.108069061980258	106.20246096522777
141.90246387680332	1.0452268282932415	100.17937079954278
142.15698678958196	1.1127368719213666	106.64984544700164
141.16109475043274	1.0840516495163626	103.90052113385643
141.15695630441746	1.0418227795918402	99.85311103673682
142.93885652249736	1.0584557704493534	101.44729376675829
141.57208727472457	1.1091878950036036	106.30969509400681
141.64107567223778	1.0864031147118796	104.12589642787617
141.55632032863434	1.1153759847426679	106.90279021913179
140.56323365332312	1.0583281919666916	101.43506605524664
142.82717516712478	1.0812462206982003	103.63163586778906
140.2820153733755	1.0996278389493634	105.39341513027301
140.87878788501655	1.0474041017016347	100.38805074748055
141.0668845615296	1.04072287953475	99.74769153096159
141.95906705383229	1.1184269091938963	107.1952049214793
142.78984239373503	1.0584448875528578	101.4462506996518
142.01674061737486	1.0676248277822378	102.3260986056402
142.05024758635955	1.0460312205225326	100.2564674691126
141.0776243338332	1.0417580385776606	99.84690595867157
142.3956988795345	1.0541533047641694	101.03492556728128
140.9507107304543	1.0918698882206581	104.64985727119603
141.67399566979591	1.0799784460100565	103.51012648137076
141.66388591548673	1.0914418393770666	104.60883109136432
142.76649180563368	1.057044274415682	101.31200946223069
141.4236439253949	1.0445909943735894	100.11842953753195
140.73772389693164	1.055487292191306	101.16278108867395
141.84744663737675	1.066958753843354	102.2622590004013
142.4545476018334	1.051639936260833	100.79403271183979
141.37065924953583	1.0729117213868795	102.83281892745015
142.39396395579706	1.054501565328442	101.06830446960058
141.1502811198343	1.0411459779893273	99.78824324262692
141.4575030687382	1.0665431765230096	102.22242814900741
142.3030821182504	1.0971813541112234	105.15893271447462
141.64230836496438	1.1214998187124174	107.48972677430244
141.23906496176633	1.0812828280415752	103.63514448479606
141.16283736509126	1.0805631377087392	103.56616603651824
141.7956218275456	1.087706530980351	104.25082186810678
141.7080418311131	1.0920908315552795	104.67103350169985
140.61123519232808	1.1038406271016772	105.79718822046407
143.0302539344325	1.0537260037640817	100.9939710642279
142.60854913082764	1.050536799728683	100.68830300733416
140.7384901624406	1.1145303717928061	106.82174276515913
140.77571770926372	1.0402470960505144	99.7020902425165
142.44934729079267	1.049719892310178	100.61000682417846
141.32450092401018	1.0461787019022912	100.27060276628342
141.49914369869836	1.1148231638804245	106.84980531227207
142.18637688027925	1.1098288199026345	106.37112429901443
140.82221817306956	1.0467833001608164	100.32855025814455
142.99779569365725	1.0628836150962293	101.8716788654899
143.32659662965625	1.0542814642495963	101.04720896478365
141.90901777250932	1.0569270601634697	101.3007751064741
141.15937398305368	1.0502174510486233	100.65769515364342
142.07135499333225	1.0474496372599083	100.39241508587425
140.8978005027435	1.0425810118369065	99.92578352004334
141.67472260182794	1.0814411322630542	103.65031709314613
142.80444852660005	1.05908689729178	101.50778388072929
141.17124640613903	1.0552982967889142	101.14466689567479
141.95617424044588	1.0617634598648586	101.76431801018181
140.44510552805718	1.0607878964850876	101.67081550630893
140.91837015502594	1.115675630498027	106.9315096534422
142.2979442858653	1.0539166567862475	101.01224413116859
141.15571484299738	1.095873708457504	105.03360191041146
140.27617969190058	1.080426734532618	103.55309252559314
140.16148160130692	1.1135188876833912	106.72479745251309
141.5057491572245	1.1071437654257394	106.11377626624619
140.98794542506542	1.0979475720444085	105.2323705830444
142.03585583131812	1.049969325938958	100.63391369617125
142.71316438052227	1.0501682949129323	100.65298380237385
143.32410365265872	1.0561846221880575	101.22961641898047
140.71494671323407	1.0479881312343915	100.4440268375848
141.45189101558978	1.0513429605284983	100.76556918487826
141.4237096469921	1.0768821532637352	103.21336347190596
141.38083542803062	1.082329763599218	103.73548762811508
142.65483498875946	1.086829763051823	104.1667883769644
141.30028666529074	1.0488672537204773	100.5282860004075
142.35667398344808	1.0982947668878322	105.26564734175125
140.19617683860483	1.0909984769181678	104.56633718385417
141.98870420667544	1.04612235342026	100.2652020672939
141.41938317685714	1.0597870339148177	101.57488821107273
140.84048304788502	1.1168340368685234	107.04253667474053
142.0435508460756	1.0766373792241017	103.189903196476
143.0194545166607	1.05492684564832	101.10906530132205
141.2610748610552	1.0730903666329268	102.84994111362153
141.17309834398972	1.0725423254279898	102.79741431121208
142.2381770038334	1.0474756103628826	100.39490446812437
142.68597862136514	1.0704041743551314	102.59248402875549
142.16329973413582	1.0527968431407961	100.90491601503399
141.23226879215179	1.0415215627757908	99.8242410247076
141.8143558597943	1.1098200861942404	106.37028722003025
140.69178166413758	1.0451280417804962	100.1699026435192
140.72661985044587	1.039108682605801	99.59297943564279
140.9392198804589	1.0493742184508155	100.57687584361481
142.76827540288187	1.08259663042219	103.76106537802441
140.41572674964775	1.076181510361157	103.14621061739106
142.3125551634501	1.1080886975999051	106.20434293378068
141.0649607966982	1.056559460542708	101.2655426595858
140.82086670490423	1.0393852999270705	99.61949171838077
141.9395968098476	1.0566977163126712	101.27879373166834
142.4430830761984	1.0559627877859155	101.2083547844465
142.4018780007101	1.0578500258133172	101.38923640077736
143.18440936152405	1.0539080576197777	101.01141994730436
142.5688967827809	1.0820698683534034	103.71057806638674
140.91446999652965	1.0835891952812389	103.85619738226087
140.97132549679972	1.1034487824214487	105.75963201500335
141.39933341728525	1.0424587394752274	99.91406437169427
141.92487507120111	1.057737604599007	101.37846143192922
142.72860197884847	1.0558052073974993	101.19325155160308
142.9516763536267	1.0518390688375647	100.81311849848692
141.19622114823662	1.0963779064436212	105.08192657606332
141.91231722381465	1.0738316135167225	102.92098564138878
141.64725047856362	1.054369680846835	101.05566405124549
141.14398794753654	1.046871349692088	100.33698933223185
141.1481361186961	1.0760926587792958	103.13769467106778
140.71538898798747	1.0823257464305023	103.73510260409597
141.6308742248382	1.063524299131486	101.933084985
141.7304447350095	1.0747224127966104	103.00636396210562
141.5767030252484	1.046005210657605	100.25397456342695
141.8574206387934	1.0460890365335416	100.26200882286302
141.8347114361155	1.0467070562425305	100.32124268857743
142.65402431173206	1.0497322017362283	100.61118661647161
142.72349309630007	1.0498841927169853	100.62575413464783
141.39240400446192	1.0441528158249564	100.07643247994439
140.47693882360488	1.1021402249514816	105.63421381825614
140.62606941360042	1.052934904380269	100.9181484424151
142.3046235842209	1.0701939081473435	102.57233114344255
143.1677486360973	1.0610140917188386	101.6924951031023
142.53544447021685	1.0754662266131627	103.07765451657396
142.48450618062122	1.0759596974495178	103.12495104260623
141.5385712003652	1.0444594065675614	100.10581755393572
142.16990311937826	1.0795314269591934	103.46728210918411
143.32801471826394	1.054000543742108	101.02028424478691
142.25752140051202	1.0894325548612944	104.41625197542639
142.0145987127474	1.0579047120314051	101.39447778070674
142.62809057806874	1.049958686641022	100.63289397667674
142.13127663394914	1.051185426598689	100.7504704048425
141.7238947064401	1.0883330838584893	104.31087359219715
143.32601339721452	1.05741772382673	101.34780258006074
141.41915317345436	1.0458749297745753	100.24148784137215
142.52123102425767	1.0803443687449852	103.5451982077694
140.85359404356421	1.0805224218642138	103.56226364176933
142.62007944219252	1.0558611580606319	101.19861412179044
141.88736698506324	1.045383376041091	100.19437505934087
141.67283921106272	1.0561291618208726	101.22430084102314
142.02529816125448	1.0998402188835636	105.41377060489603
142.53380508615945	1.098493345992421	105.28468008106978
141.0524963029574	1.0545315574388747	101.07117905210342
140.8649988469887	1.0572029902507916	101.3272215215338
142.30417677696713	1.0511374881793707	100.74587576513899
140.91232504867088	1.0427321508228249	99.94026937909587
142.96799284517667	1.051283279111075	100.75984904195421
140.00058927388457	1.1046214051698542	105.8720215996759
142.8001667157306	1.0634985360322202	101.93061573047606
143.13477673451752	1.0664123241339933	102.20988665117706
141.22098042380674	1.0575132839517027	101.3569615041662
142.97879074112694	1.0515141706554028	100.78197875486204
142.69112818881862	1.053930449006819	101.0135660413429
143.1626331999087	1.0525373965712577	100.88004945651396
140.70432258610165	1.0692575711300116	102.48258827547026
142.09576315015516	1.0553889930934761	101.15335964874896
140.77006904965873	1.0737290234773362	102.91115293779008
141.06868884301383	1.108690363005733	106.26200932748215
142.7447107199937	1.059473269515591	101.54481558067046
140.85694810797767	1.0853294549002366	104.02299190852052
142.40602028742344	1.0991233467028572	105.34506226134525
142.85674550333277	1.0774295680616508	103.2658302365709
140.45560696724576	1.0925888977444544	104.71877046758843
140.9300400816007	1.0609638528515812	101.68767997783448
141.22708779624745	1.0444300373940536	100.10300267658731
141.09987272417925	1.1026290214007173	105.68106232941945
140.92555380245457	1.0911965994593698	104.58532616402724
142.0534463836483	1.0565183920598775	101.2616064663517
142.11460079255983	1.0463554292787667	100.28754113496966
142.97829161923673	1.0523114562413942	100.85839429088745
140.8182611846809	1.0446548288128237	100.12454772526377
141.11805127628784	1.0421911375804993	99.88841616910995
140.13969396699068	1.096009336162665	105.0466010966151
140.27524989663777	1.0717265595823484	102.71922754167655
143.0478044976963	1.0531173296515317	100.93563292367635
141.92507443043706	1.0668506843936185	102.25190112478609
140.66905911046177	1.0716744923155117	102.71423717414123
143.36238347479664	1.0536743723867177	100.98902247435457
142.19420934774902	1.0468443194850838	100.33439863224503
142.02998275031362	1.0558989419709348	101.20223550641056
140.031425243524	1.110731869777627	106.45767677339462
141.50098698616222	1.08263394265546	103.76464155493737
143.018875444445	1.0695779035529864	102.51329041562936
140.59566321657243	1.0679829547161088	102.36042314642927
141.83353980167297	1.0533722350888526	100.9600642390932
141.84356599912212	1.0498744497966264	100.62482032812386
141.27725345420527	1.0613991877656468	101.72940448834036
142.31043248889688	1.065678066162934	102.13951197311277
140.6570016531561	1.0694427357392569	102.50033530754637
140.67176411278265	1.0894541476939306	104.41832153231941
141.11880207044038	1.0412647931491479	99.79963103676889
139.98639500873068	1.097467420963135	105.18635068390994
140.6418991792187	1.0594018103570135	101.53796660459142
142.36233314086212	1.0488548141534937	100.5270937348057
140.07731724671393	1.1026774400923367	105.68570300064034
140.94875925381587	1.048300573071472	100.47397270751746
142.38280610834357	1.0540369061544073	101.02376938646745
141.6695682447998	1.1107249251762876	106.45701117070075
141.24144331283247	1.119783418407634	107.32521903500712
140.4592760480693	1.0647644674672017	102.05194845099079
140.7786017048545	1.0462483966693117	100.27728263491973
143.07849255564943	1.0694287313617534	102.498993063271
141.957016572974	1.0555189939046394	101.16581952742145
140.68241320634465	1.0432912317596894	99.99385428044455
142.06317746681	1.0808818458451555	103.59671249754527
141.3655829480399	1.0424403142177632	99.91229840984786
140.87892861051552	1.0514038354275472	100.7714037165982
141.4884255813266	1.0845116035572682	103.94460525528093
140.95865842335184	1.1058807708275342	105.99272502574367
142.88292895329445	1.052106977810182	100.83879613283558
141.624459602815	1.04366067101743	100.02926304664467
143.05417899528362	1.0551116166735386	101.12677461048568
141.9380789957194	1.0453536286100975	100.19152392804652
141.38700789012333	1.0449820474515135	100.15590987216864
142.70298464429	1.0522422857633693	100.85176467253201
142.5903992599785	1.10387425614903	105.8004113838131
140.84656211082162	1.040592666822039	99.73521134266527
140.74283976621487	1.0442454073585223	100.08530688052703
142.9654525557695	1.052437833346167	100.87050685678885
142.34874567148705	1.076883091016876	103.21345335050177
141.74368001255837	1.0862878864149956	104.11485241525837
143.24255609116383	1.0540389077084826	101.02396122466224
141.13343955369646	1.0553394138889678	101.1486077486083
141.67044928991066	1.119466006783461	107.29479683770661
141.39512966720827	1.0528524786542948	100.91024837982364
142.23180880838046	1.05285203028481	100.91020540601964
140.951014300851	1.0593726889517965	101.5351754745013
142.03988638812518	1.0487823440529762	100.52014786537805
140.85099751418048	1.049912858172013	100.62850156436416
141.88561855259886	1.0503474018206516	100.67015023633391
141.92942732782822	1.069744940561128	102.52930001462057
140.56376052252142	1.0934238375638226	104.79879495939788
142.19795337585495	1.0718887303418736	102.73477073690609
141.12142450517203	1.0574454392036188	101.3504589498965
141.5368911032475	1.0446994321404943	100.12882271436725
142.59937204809015	1.0548641068444795	101.10305212435094
143.0504291766319	1.0523077966716836	100.85804354080997
140.59038046166376	1.0960278365110874	105.04837425552601
141.39398027155025	1.0686111305920738	102.42063042613368
141.84531279773137	1.0451841115908225	100.17527663332437
142.31226468618374	1.047459611370449	100.39337105073395
141.87965447503962	1.0541861769438376	101.0380761889328
142.21332279592153	1.0871174635838714	104.19436292585571
141.66453560310163	1.044922476586603	100.15020032510843
142.0645328771855	1.054219050759071	101.04122696734446
141.72605589041768	1.0479769698704473	100.44295708087084
140.31723703932101	1.0860451425465631	104.09158672082083
142.82304935946715	1.0795442710705572	103.4685131481893
141.16877364037342	1.0936253378160217	104.81810767500644
141.6621571311086	1.0481077531199035	100.45549195204615
141.91052353229597	1.0827180280292688	103.77270068584903
140.13790364385676	1.0910399426172976	104.57031144813456
140.7592488570108	1.0406825847356609	99.74382949115359
142.14315043267308	1.0649378309246826	102.06856440613083
142.6792749521259	1.0556772032773785	101.18098304502985
141.10299444456655	1.0506738203541894	100.7014356974625
141.1639047490799	1.055079656151929	101.12371136635664
141.8164771843618	1.1143951703393644	106.80878443289062
141.20340443741054	1.0979483825201768	105.23244826278847
141.66525137142924	1.0746971429945749	103.00394198746851
141.28180675759245	1.0754522448956434	103.07631444413622
143.07977738456123	1.0552812702270384	101.1430349912791
142.91041934980097	1.0520680476751043	100.83506488873465
141.82017869294393	1.0481277777570606	100.45741120583546
141.53868101279363	1.0458021888403328	100.23451601398834
141.00854416762564	1.064725443669331	102.04820822981482
141.31691620311162	1.0471808791368389	100.36665606502103
140.37782930947938	1.0640081741380636	101.9794618023495
141.95328161369562	1.0488679179196905	100.52834966033036
142.71839608808253	1.052102263123977	100.838344255516
141.63209563645663	1.0530118847815846	100.9255265999202
140.39704746478276	1.0761145605471831	103.13979383774333
142.71302908606322	1.0568561656482232	101.29398024842197
142.65944036991786	1.05772091986329	101.37686228973266
141.38468764714526	1.0522006091314198	100.84777019147513
141.3101522145725	1.0534403780884485	100.96659537916646
140.3399086130063	1.0877780790296792	104.25767936388625
142.0637218480016	1.0516844192530712	100.79829616743915
142.36782522970432	1.0575323481587258	101.35878870589184
142.61020255972198	1.0935459993101437	104.81050350585973
141.71315647712535	1.0746162210414585	102.99618605341895
142.63641831310528	1.0496787439408632	100.60606297425441
142.51141004205184	1.0810110323464952	103.60909432900011
140.80420901744344	1.1194437989827772	107.29266833943322
141.55104758737863	1.0437119616519113	100.03417897814504
142.5994957459804	1.0815961394971914	103.66517370298898
141.5018428235422	1.0661608882841185	102.18578787705924
142.26839098570744	1.0540253104592088	101.02265800143836
141.69975380507307	1.1046522283477505	105.87497583552606
140.15569262634745	1.0798492581959938	103.49774452409848
142.4174975730211	1.104009924533503	105.81341446891004
141.1985972868411	1.0461850573754294	100.27121190420725
141.51986302987868	1.099556138993107	105.38654307503131
141.5493121104042	1.0943034988001727	104.88310575853632
140.19807604509248	1.095897601433349	105.03589192366206
142.46271915869917	1.058512210408728	101.45270323335927
142.76231531310796	1.05143495614567	100.77438647007904
140.9546573002804	1.1145386440017793	106.82253561190552
141.31168194701547	1.0920949626227225	104.6714294422995
143.07189846195828	1.0527907428647447	100.9043313363786
140.03915594027703	1.098437490190567	105.27932660282582
141.1064209657233	1.0631495834522635	101.89717050217473
142.17586148340123	1.0760387166224539	103.13252460540765
140.75935683060533	1.062829279970973	101.86647113592046
141.6229083467121	1.058065804362587	101.4099176143788
142.72036941661702	1.052124538657868	100.84047924565309
142.67015060187973	1.0864252293637309	104.1280159983349
142.61686189864685	1.0499923948783356	100.63612472995769
141.78485549068552	1.0521032568175759	100.83843949570388
141.44461391147007	1.1020456926465805	105.62515340517749
142.48877963101316	1.0631961518038398	101.90163382825268
140.98544988653762	1.053657053482912	100.98736255055694
141.77659751937372	1.113123838311228	106.6869340945636
141.55513390856112	1.114573293476	106.82585657768252
141.69563239986994	1.0440907002724304	100.07047903826026
143.31864934396432	1.0581061548296475	101.4137849896625
142.2947501949091	1.0984694217017927	105.28238706646559
142.54730375597876	1.0536832854786577	100.98987674628698
140.7178053920376	1.0596514642173418	101.5618945845938
142.06365518872366	1.104369521433565	105.84787989805378
141.515439627292	1.0876038223063256	104.24097779401586
142.5694474203515	1.0494210307476985	100.5813625505386
142.72160984025135	1.0774874619870733	103.2713790579989
141.42748879781053	1.0678520721320945	102.34787875457071
142.827378641749	1.0637576992989788	101.9554551359481
142.760159496682	1.0884483751094982	104.32192363862931
141.5400427089197	1.0561958156148072	101.23068924874194
140.6202987976214	1.0684292141846137	102.40319471673152
141.21372897129962	1.0781384125193527	103.33376916604067
142.67298908442132	1.0638497394180766	101.96427668641921
141.7193080460036	1.0682680734252676	102.38775024148035
142.68854769508022	1.0829468037280243	103.79462760633669
140.8930357923871	1.1131361876797015	106.68811771512324
141.9014565215417	1.0520394344283195	100.83232246289765
141.5367812951376	1.0568218108812792	101.29068752875266
142.27052280828158	1.049576245618355	100.59623906122526
140.25900812659475	1.0845399047664934	103.94731777399582
142.331652640447	1.048018222969104	100.44691096853913
141.1859223309881	1.1170721908198626	107.06536245030692
140.85834390263577	1.0801162915215556	103.5233382323857
141.57541716193046	1.078801266605774	103.39730016573576
141.01587205859022	1.0744967382721913	102.98473427250157
141.06392830052204	1.0975735751966735	105.19652499635171
140.6949408409689	1.0517711707017179	100.80661082728726
142.09022679649	1.0595042989088583	101.547789581155
140.23715458864714	1.0739998992575217	102.93711492469022
142.69597406951775	1.049667925164261	100.6050260526949
142.27786777794788	1.0490565913787202	100.54643299678952
142.6659945850919	1.0585507230769504	101.45639446550707
141.36672069082508	1.1156077012645742	106.92499900170422
140.86913296553962	1.0410630535588743	99.78029538189294
141.27445836441424	1.0438443261066495	100.04686539934372
141.24007956438345	1.0517673261899627	100.80624235150933
142.0178726498421	1.0700690240918054	102.56036167828145
142.33062436267588	1.0770511799303406	103.2295637689616
141.45117859725522	1.0678287523462815	102.34564367850236
142.96600823132164	1.0697325933265944	102.52811659858763
141.59190534674187	1.0967899485402972	105.12141859527921
140.3415460071956	1.0716494560013332	102.71183757805966
141.85927856844987	1.121798141056551	107.51831936676349
141.28395799556253	1.1158277438711384	106.94608890226742
142.65059036046227	1.079658382144306	103.47945008097744
142.67944393954897	1.0526755112025972	100.89328700121838
141.25182003531688	1.06096363880226	101.6876594623581
141.48477300137301	1.043654848692276	100.02870500808812
141.44897565089548	1.043020973735329	99.9679515021183
141.9421893994644	1.062199111681216	101.80607289406822
140.68309232969577	1.0578135213657913	101.38573764578418
142.3972435787107	1.0509652266481768	100.729365423708
140.5124990065236	1.0663183330825199	102.20087811432886
142.32959610880772	1.066641928448152	102.23189298999525
142.51151104669708	1.097484457727168	105.18798356612753
141.82746105569655	1.0538493893021457	101.00579690454737
142.4838780969231	1.0821908321161722	103.72217179256722
140.7419654957934	1.0800676806995533	103.51867914650076
141.0131796026115	1.0498049800009384	100.61816202178
141.90692529310147	1.0497214901489953	100.61015996843673
143.1515613368611	1.0583806101049413	101.44009005192008
142.07523317547904	1.0614927563040795	101.73837252958566
142.93439144322434	1.0580603936529873	101.40939902695969
142.95125690027172	1.0520944819882134	100.83759847549601
142.46753985549202	1.086338959885726	104.11974753278103
140.1378290485134	1.0882962557887608	104.3073438197561
142.16095036797034	1.117061734397112	107.06436025841555
142.29590048783825	1.0998104163153515	105.41091418899578
142.34885748546424	1.0639096697582313	101.97002068724848
141.92972639734685	1.0778760916095667	103.30862711746464
142.80835788308477	1.055402940509668	101.15469643358894
142.32911552008738	1.0903387302303011	104.50310401160056
142.4228621288353	1.0827612809157359	103.77684624242512
140.59609360968838	1.0529487309843746	100.91947364806627
140.72765568515584	1.07621243280118	103.14917436698228
140.52292948840977	1.1045667852674799	105.86678657575106
141.37453249600034	1.0595635099916534	101.55346464503417
140.087918860649	1.0878564100953503	104.26518697530665
140.66141912891632	1.0567163559283768	101.28058023859947
141.35071830997086	1.050624967885162	100.69675345100967
140.07690217097166	1.112850073982489	106.66069525581774
140.4079133474516	1.0604157909914238	101.63515119573323
140.68436436495827	1.0538072439284878	101.0017574971184
141.40847571800083	1.122271062463944	107.563646340534
142.47773232247752	1.048883877266495	100.5298792779004
143.33324146798907	1.0557338840704074	101.18641559424151
141.67553766070841	1.1165200177992225	107.01243963558112
142.21413655373414	1.1026549338601102	105.68354589930837
141.273508509331	1.1188067842459894	107.23161390244978
142.4201517706244	1.086362336210186	104.12198802777466
142.85251508893097	1.0688302410090207	102.44163098133491
142.56834615212392	1.0521595299044872	100.84383296847663
142.64142697116904	1.0756469942122835	103.0949801188745
140.80606798463876	1.075395258408873	103.07085259582331
141.71054396714052	1.1004632364794105	105.47348349118971
143.03990870005177	1.0672882524089868	102.29383966604337
143.18085331473193	1.0551273902763139	101.12828642548936
142.8656940753029	1.0516424961044923	100.794278059089
141.1540378341172	1.0417522798400531	99.84635401463943
141.53823078352087	1.050782128100411	100.71181641251448
142.98625557007242	1.0513891856295512	100.76999961223935
141.10767198118927	1.0919085729777351	104.65356499713512
141.33941172668608	1.042559992296517	99.92376891012927
141.5726807021066	1.0514702844405854	100.7777724971693
142.0434842168858	1.0648614197917723	102.06124080994114
141.58360554587784	1.0820478750740845	103.70847012883257
141.45498194388443	1.1024075502800945	105.65983551346554
142.13504875367613	1.057407353559588	101.34680864572117
142.57187480308116	1.0796095406331996	103.47476888478243
142.37999750579192	1.0614989206269538	101.7389633467846
142.0245100440199	1.0609650823603654	101.68779781963977
141.77411379958843	1.0537007904860785	100.99155450711535
142.14556564136586	1.1166740676430684	107.0272044847129
141.78804647538468	1.0448072136817501	100.13915299550291
140.32186890740167	1.0802880052843709	103.53979607316322
141.6004485798192	1.067295495488624	102.29453387627704
141.50952413491018	1.043510058002101	100.01482759904472
141.9884269258422	1.1070253374294354	106.10242557964531
142.7143031255134	1.0498140003089487	100.6190265697962
141.8735694970647	1.0477217337148466	100.41849406788529
140.89029630464174	1.0766489708292502	103.19101418949579
140.83225269622844	1.0479671949198632	100.44202020442201
140.95566568094102	1.096731845611389	105.11584974199104
142.44216425022273	1.0641353935560154	101.99165509943957
140.81549365436567	1.083745707191676	103.87119820723571
142.6644404039344	1.0976386782047127	105.20276476958178
142.59505408609357	1.0688550301979245	102.44400689178782
143.27575954445274	1.0539499332751876	101.01543350368965
141.84317905923353	1.1097111670232678	106.35984790320381
141.16857756770426	1.0521518028912447	100.84309237580922
140.7657061160273	1.1063663286451797	106.03926313148474
141.4504990701258	1.076637297064225	103.18989532189363
141.52855742055993	1.0909059374109795	104.55746776972006
140.74102648278128	1.1133717644632732	106.7106964830178
141.91130964753765	1.0580810993563896	101.41138355728617
140.82239116381865	1.0473972809097964	100.38739701126157
141.29347051446416	1.0489078096237507	100.53217306564747
142.99896462940126	1.0557669596473513	101.18958571042815
141.3243369758582	1.0431802280023992	99.98321516722942
141.1079983386188	1.0422512703878823	99.8941795753343
142.6193031600415	1.0867880051353696	104.16278610522494
142.000351552465	1.0533964604715316	100.96238611175134
142.50853711823808	1.067234389252746	102.28867717216605
141.62875058744214	1.0701834176086236	102.57132568171896
140.87629819645798	1.0797324620404154	103.48655024065596
141.434270144778	1.0656083710456015	102.13283207090097
142.4992575105551	1.0608302688073576	101.67487666554196
141.23239968802415	1.043758313957821	100.03862159740763
140.7342488783126	1.0478289306447197	100.42876831716367
141.72968382438233	1.0569487108849123	101.30285021169793
141.57876927498106	1.0511220654098645	100.74439757561755
141.56655998066574	1.0608339894015597	101.67523326448877
142.2071253487766	1.1130413569581061	106.67902870040916
142.02594198564017	1.0763858500052377	103.16579547344267
141.64146088511504	1.0442007496541406	100.08102667970819
142.87554982175965	1.066996814372489	102.26590689744894
141.23399228429756	1.1173482932349883	107.09182538205992
142.3196501039907	1.0860429826044486	104.09137970198421
142.58785842825736	1.0494976316301678	100.58870433320313
140.7633736253484	1.046227024777924	100.27523425405724
142.57947248047685	1.0694267616615147	102.49880427809515
142.10413568886594	1.0471293833583364	100.3617204715694
141.82779260250518	1.064440940623007	102.02094014273574
141.15604154013252	1.0666301576028614	102.23076481777169
141.73434873881703	1.0663401453560093	102.20296870344762
141.7173787004646	1.0604898219655452	101.64224666650226
140.59856844648078	1.0991585923861973	105.34844037056023
140.6613760295846	1.0823585796619746	103.73824949277235
142.32815435830972	1.048247097570884	100.46884736834983
140.7311410055292	1.0440389968462584	100.06552354289612
143.06406644537955	1.0534534222714749	100.96784559396463
142.83134658740912	1.0641220281514174	101.99037409728113
141.47547285738247	1.0455321177470402	100.2086311519997
140.76040418740092	1.041827151712771	99.85353008101703
141.25488658133122	1.0449044850125402	100.14847592948395
141.19731110485927	1.0415493313112718	99.82690248950856
142.05526802333637	1.0492474573799118	100.56472647662454
140.7986325595797	1.0548357764075413	101.10033680431694
141.23293418336755	1.0420364662505994	99.87359175388191
141.4159222955896	1.1183980021084963	107.19243433279115
142.38853576397375	1.0608428605550135	101.67608351684282
143.15169800912193	1.0576829800500458	101.37322596265402
142.03340214410508	1.0699978178883722	102.55353694659273
142.26658292334278	1.0725091309536554	102.79423279934993
141.97929979912206	1.053616948375144	100.98351869164203
142.05690089764963	1.1022091010025636	105.64081521737236
142.30149602812372	1.0994864581010937	105.37986453623985
141.64962816835757	1.1103876862026345	106.42468862857386
142.05454602311124	1.0854206213250246	104.03172972009031
141.62769430741682	1.0840402136238871	103.899425065059
143.01317597182964	1.0515408359722447	100.78453448208899
143.19733670817797	1.0526479216295739	100.89064268900664
140.47023134261897	1.0819787352049028	103.70184344417017
141.12019488031007	1.0416978887654114	99.84114092262224
142.14607763791622	1.062710835673139	101.85511888690557
141.53074225700132	1.0565755531372782	101.26708504823769
142.29550960824915	1.057440641953178	101.3499991592389
141.66234432113706	1.050842911832691	100.71764220638985
142.74588413824696	1.063851160290966	101.96441286944493
141.89757121996615	1.0557887738535932	101.19167648479085
141.46139464350486	1.1163749905681484	106.99853955536452
142.653900459621	1.049431868992865	100.58240133805529
142.24116624429067	1.0481562397583546	100.46013913560549
142.4648491689288	1.062479360638335	101.8329332495733
141.99061194534931	1.0867263407126606	104.15687590190784
141.55927552799324	1.0479377713077185	100.43920010942298
141.65457108005063	1.075747825756341	103.10464428015224
142.01611912153393	1.0794767531808518	103.46204192153752
142.3296072853517	1.1042857334467537	105.83984927008663
141.82573705162946	1.0684386670747223	102.40410072541566
141.12453679931141	1.055145970886721	101.13006727707992
141.3650797246702	1.100692548374154	105.49546180317944
140.58651829297716	1.052823583679053	100.90747895182905
141.508613283177	1.075498135440844	103.08071280611793
142.64955459859416	1.088676150120469	104.34375464857396
141.79298245692314	1.0454986910034632	100.20542737837967
140.08458697631116	1.1068099507723514	106.08178192680249
141.29752294369482	1.1152167595711704	106.88752934267485
140.57155672467493	1.102653580530493	105.68341618994205
142.25814627367942	1.0616665341487688	101.75502820151125
142.62669527479102	1.050563044315298	100.69081840983134
141.19594866310987	1.0540377050128817	101.02384595275637
140.68010641628965	1.057083074698524	101.31572826069312
142.05515694561922	1.069458671018988	102.50186261841685
143.18367989199092	1.05368703969137	100.99023656738723
141.168686496862	1.0452148993293633	100.17822747250288
142.55163948409373	1.0533900735235593	100.96177395713391
142.1460553770742	1.0861787888491696	104.10439600024456
143.13827203702942	1.0587530901288256	101.47579025920336
141.49969228836568	1.0980280268864153	105.24008174700599
143.37084262097292	1.0549953558203937	101.11563163290285
141.90823169738388	1.0762462200527914	103.15241269335877
141.926569652932	1.0468158153419664	100.33166666340786
142.1366511666791	1.0641499918867103	101.99305427093438
142.37498498580993	1.0628776949617176	101.87111145243239
140.49912858733947	1.087973589794892	104.27641801937555
140.87012867191245	1.057925499367796	101.3964701351162
140.7328244110237	1.0473862880600004	100.38634340572251
141.32771442611713	1.0448561122115299	100.14383965663114
142.4894077847058	1.0850401797016	103.99526643630446
141.02084482780674	1.1026020270461505	105.67847506569596
140.91859767436208	1.0399566334237746	99.67425096170213
142.34323359303116	1.1139377652979974	106.76494461936468
142.31280095339514	1.0482716646653172	100.47120199224206
142.72065132798164	1.0498607475521209	100.62350704167163
143.38718188498433	1.054309368005829	101.04988338976649
141.40837716848813	1.115430141818048	106.90798088357806
142.67632341056412	1.0748252355229981	103.01621896750213
143.18042022660913	1.056115319036639	101.22297408459372
142.75755234294013	1.0685619813651324	102.41591973703063
140.02478017841318	1.091720281303858	104.6355182527298
141.84802157520258	1.0986725011772895	105.30185114213498
142.44083086612068	1.1024703158159732	105.66585125255874
140.4845811458672	1.063196835910044	101.9016993961536
142.54551791998287	1.0960870393057274	105.05404852503008
141.25275852946086	1.0557751061172487	101.19036650576027
142.72043707517838	1.0564358105579599	101.25369147347372
140.28650484602713	1.1155060698626162	106.91525817834798
140.49762532312585	1.0544380872291788	101.06222043513878
140.86651392641133	1.0975192963616263	105.19132266189611
141.399924600625	1.0877276566322054	104.25284664823413
142.0397753486345	1.0629352064958253	101.87662362370916
140.3542939277658	1.0649174390715932	102.06660995666911
142.486267105949	1.0966777710045008	105.11066698170623
141.60098739613875	1.070027277172744	102.55636046058288
141.4688059965731	1.0435034890852957	100.01419800369318
141.38375739408355	1.0986835899911518	105.30291394531372
142.01190205636786	1.0513267549810366	100.76401597029916
141.31539722386827	1.0420720140580213	99.87699882006548
142.83529228307358	1.0589837473924113	101.49789751756191
141.48807456994436	1.0528407395008983	100.90912324509773
141.33801226627028	1.0883759419486836	104.31498130967353
141.03485396697354	1.0605330069088623	101.64638571109278
141.45514636082618	1.0436648581753931	100.02966436321904
140.7805676764495	1.1001101902619572	105.43964590974781
141.06562378006865	1.0421278041848232	99.88234600370883
141.01800007795288	1.0737090211729738	102.90923582447907
142.36355230325714	1.116680560567351	107.02782679658978
141.7548558114941	1.0540134513158548	101.02152136632024
142.14900503559528	1.1250167518049996	107.8268058989689
142.44395709917904	1.049824760440989	100.62005787058982
141.73653248123816	1.0467923501097685	100.32941764708563
142.42949312909732	1.0614711218565012	101.73629898412422
141.33402185202482	1.0469491328041485	100.34444442524526
140.88575972077354	1.0776734098471499	103.28920116045528
141.2677661255295	1.083888501004301	103.88488422630412
141.48656086431194	1.0976221323629283	105.20117893962176
141.76137722450522	1.0533243151340566	100.95547136911489
140.47979381626328	1.0858507905148667	104.07295912370799
143.09207047413236	1.062862365872701	101.86964224168212
142.2492984434891	1.086589223093957	104.14373391550313
142.08853712256385	1.088036892449407	104.2824852384017
142.13536032946791	1.1109799582313429	106.48145471759116
141.2668164087709	1.0418285266013532	99.85366185669417
140.6240022458786	1.0911934798944203	104.58502717050224
142.42031976319063	1.0525950250805491	100.88557283923306
141.12540740863162	1.080066145017973	103.5185319596794
141.99115544391645	1.0975308215624404	105.19242729041753
141.2228452676611	1.0415443872558543	99.82642862838338
142.3383146712341	1.0855417743755629	104.0433415884856
140.9315681160359	1.0698669612805847	102.54099504441584
143.16616495037698	1.052659485048257	100.8917509805053
142.10598163926667	1.0760037028767477	103.12916872616765
141.77055955837773	1.0559673503114027	101.20879207797952
142.1410803580406	1.0468816248359736	100.33797414951883
141.27041888665826	1.07093920792196	102.64376411900065
141.24040686032396	1.0415630468228732	99.82821704754058
141.93991810555525	1.0863559604887896	104.12137694916417
142.97225723804365	1.0638113490393697	101.96059717506385
141.35244625412219	1.071881963282817	102.73412215068528
140.50585091125023	1.0622414512882015	101.81013091771716
143.0867934542408	1.0540848181401983	101.02836149265949
142.7457938741826	1.0619958143960164	101.78658794251011
141.63116031830378	1.0653873780271887	102.1116510784729
141.43854323899305	1.0784004156101443	103.35888075337516
141.16370869710786	1.0441361936876081	100.07483933746485
142.3080529800112	1.1238619147116533	107.71612097369164
140.2987461553446	1.108746316057719	106.26737212662826
142.52617040499175	1.0558156383763342	101.19425130483198
142.3039868852496	1.0500975562996615	100.64620388668774
141.2658121319394	1.0419024628820859	99.8607482516111
142.9456683558674	1.0545487727253866	101.07282904474063
141.11920467522881	1.0421188817623375	99.88149083749376
140.79247329235025	1.0961973867444708	105.06462473364185
142.6236347653415	1.071384216662124	102.68641581371719
143.2277324712785	1.0623526377530785	101.82078754247199
142.93719056340723	1.0595849370905919	101.55551831724348
142.79319696484222	1.053585417364923	100.98049661386992
140.65582732097377	1.0533247901813878	100.95551689984701
141.87988682688518	1.0577460298597987	101.37926894786939
142.69902837766273	1.0523567150599669	100.86273210526898
142.09340622485377	1.1129353457077988	106.66886809214121
140.96551209590288	1.0851130583762816	104.00225146536866
141.15658604049824	1.0499245895696903	100.62962595574612
141.15584552157384	1.06658898290745	102.22681844463283
142.664147593382	1.0977298092834065	105.21149919341849
141.0173269184104	1.040541543913337	99.73031148677886
142.31516954463478	1.1118820664845115	106.56791694258311
140.74347659074797	1.0791885235813172	103.4344166643727
143.152233312999	1.0554302337072186	101.15731233980534
141.29766494904976	1.0645130356900443	102.02785006722105
139.99748657666652	1.1029601904524888	105.71280310217487
142.7171444802534	1.059736578079953	101.57005229062649
142.3588212463884	1.0506145850725748	100.69575831425661
141.29718431731337	1.0579738639055432	101.40110561597965
141.1523935534188	1.0797316965790276	103.48647687529818
141.8411780803085	1.0470615180012748	100.35521594204
140.84609695880445	1.0505347468778263	100.68810625261872
140.98297618074943	1.0406894627118914	99.74448870818908
141.27572486840631	1.0499655954375202	100.63355614766914
142.00795169271086	1.1225312513244579	107.58858404365235
142.3957436526628	1.0973943575365375	105.17934794736809
140.79328367587632	1.0392379646654992	99.60537042585244
141.56371418077458	1.0688015430656905	102.43888043778949
141.14541417955547	1.1059601002226873	106.00032832167639
141.62305136810502	1.0437850111156752	100.04118037642435
141.75625711860064	1.0690936421795703	102.46687656709605
142.07828928699985	1.0719937301632065	102.74483440514581
140.70322256023076	1.0513031386484013	100.76175247181254
142.72851175056488	1.078031497991225	103.32352198345099
141.94608964559347	1.0691266580541738	102.4700409611344
141.9045118664872	1.0470179195089808	100.35103726100391
140.77280149006313	1.0705891856484229	102.61021636632188
140.63860356412468	1.057169573232024	101.32401867998448
141.25545407846522	1.0448986074235804	100.14791259418881
141.08962800093954	1.0589765125668296	101.49720409843508
141.8966746596235	1.066186150427092	102.18820911761644
140.0368695660878	1.1113990683835786	106.5216241719241
142.46055562223398	1.0582211782509972	101.42480936606205
141.2583789824778	1.051596179334531	100.78983884575597
141.06431955952095	1.0724775298601474	102.79120400447161
142.644927744614	1.0946068464889422	104.91218000325698
142.78113526969108	1.0866817422485682	104.15260137895217
141.8654722215068	1.0710630987273388	102.65563838647516
140.7103192593632	1.0492493195118835	100.56490495196044
141.90210963941095	1.0806097821242757	103.57063665291773
141.11043521360563	1.0441534975754942	100.07649782206732
141.94288742996304	1.0565217806086253	101.26193124052729
140.93285777281474	1.0400338769947444	99.6816543426034
140.43804866884835	1.087548254400262	104.23565190903528
141.5240124183518	1.1224074563102562	107.57671895724705
141.68412971424118	1.0440855853249549	100.06998879805029
140.3247145744369	1.0691900713225404	102.4761187819034
141.36400765853867	1.1031378229541002	105.7298282222381
140.8685052485397	1.0399658258930304	99.67513201044792
140.8536805970332	1.094440955305243	104.89628022537688
142.2734919047785	1.1163137176915467	106.99266687963626
141.34662837271614	1.042431273505515	99.91143190619519
140.75705704689813	1.0429522752721205	99.96136712384477
141.86460948299873	1.091597013376319	104.6237036847467
143.33215489179568	1.0547296547681553	101.0901656158494
141.26609594708023	1.0420758144401672	99.87736306625767
141.01520978677593	1.053430915984421	100.96568848737776
141.6297958887624	1.0480994383428497	100.45469502537814
140.67580574133422	1.0712528504391634	102.67382506766643
140.7176759386623	1.0933228265385784	104.78911359581359
140.34950904253415	1.0977887608390422	105.21714938301503
140.1776582000717	1.1151873369084124	106.88470933866945
141.08386498216143	1.0909082957350533	104.55769380240066
141.258859208384	1.0762246981226664	103.15034993209015
140.96569646498386	1.048529367959848	100.49590146722704
143.09042133590486	1.0568996175674452	101.29814488121733
142.20453961922985	1.079480856422269	103.46243519516226
141.4738718446784	1.0764375881754045	103.17075429883188
143.23252476610168	1.0531389390520045	100.93770406850743
142.23832199965705	1.0534435290388522	100.96689738081845
141.56053896178028	1.097558198004568	105.19505117517903
140.37581581751112	1.0662995485967088	102.19907772237718
141.62430557501477	1.1203887011478482	107.38323213075734
142.51405868507877	1.0612413137966075	101.71427311737298
143.1243835896129	1.0524306627254132	100.8698195913495
142.64988108610035	1.052669706701894	100.89273067103959
142.42801450884258	1.0578954051478615	101.39358576596672
140.4088993299126	1.097781001456788	105.21640568795193
141.8803294051512	1.0719265416924928	102.73839475153295
141.1364546896419	1.0510609441423853	100.73853943080842
140.96953584624663	1.0609952537238365	101.69068958258241
141.8600859070346	1.1023365927582383	105.65303461656866
140.89092431526558	1.0503575015159958	100.67111823782169
141.42628381723338	1.042905917468916	99.95692397769602
142.2513289370075	1.0618436060792602	101.77199959384708
140.78345197117315	1.0523286698465588	100.86004412237656
141.46187700264542	1.0713477639045572	102.68292201292863
142.27888366744006	1.122588479478407	107.5940690544648
140.97301759347303	1.0523692643189493	100.86393488425898
142.57079594972421	1.1000135083997826	105.43037947316371
142.9982836921102	1.075052236584713	103.03797579857255
143.0108600665742	1.0642718051150746	102.0047294138242
140.67122525526685	1.066858940617712	102.25269243946771
142.34203735032952	1.0579975018725483	101.40337118800427
141.5618353911971	1.0902205052067375	104.49177277884536
142.23648170319666	1.072935109750469	102.8350605763296
142.22932200286075	1.0472879547094984	100.37691868286309
142.66480078884584	1.0906143670510866	104.52952231863976
142.53219944740545	1.0524124801392334	100.86807688824076
140.65107642345612	1.1136414176430633	106.73654129024455
141.01543778092307	1.1023235025806866	105.65177999344257
142.18506231968632	1.0608567272119134	101.67741256133893
141.42165041519274	1.0559416008148226	101.20632412719988
142.09094937395085	1.0783453876250586	103.3536066169169
140.15391236429696	1.0899777455304491	104.46850556930983
141.37311007928352	1.055122542111801	101.12782175499176
141.57721957887486	1.043373376371455	100.0017273997508
143.30147911183454	1.0566026743451582	101.26968447016905
143.07999342150686	1.0561890671429643	101.23004244400562
141.9407933710523	1.0480854459578137	100.45335393051629
141.05980941337543	1.062101351701218	101.79670312568834
141.63795006588862	1.0437037028136735	100.03338741291174
140.27380714683383	1.0865474496104206	104.13973015174247
141.57962657638032	1.0434475056438766	100.00883229188332
142.34307707345423	1.0629361404362823	101.87671313687972
143.09319647378166	1.0528549765952229	100.91048779402897
141.1858024641258	1.0633737700028445	101.91865757748793
139.95983451258704	1.1139924975028042	106.77019040687377
141.7851756831138	1.047597511723278	100.40658805799544
142.32553920987783	1.0703982409381985	102.59191534264933
141.14917049766166	1.054332547149346	101.0521049860271
140.46543473580311	1.0951840455925472	104.96750143345758
140.8193098620614	1.0727621813523203	102.81848631928705
142.33074730767294	1.0482131805059898	100.46559660006827
142.48538102643133	1.0729330878327175	102.83486678638596
140.8098293770715	1.0843944172259057	103.93337357558767
141.4043258723599	1.0594405479550064	101.54167939504813
142.81429038156898	1.0649348392313815	102.06827766841572
141.03755854426979	1.0829712119040888	103.79696699875785
142.07095497078652	1.0497852083600343	100.61626701632105
142.95206180083682	1.0512172716552528	100.7535225822678
142.95183506676779	1.061571328478958	101.74590325002703
141.83584994029542	1.0669988569283388	102.26610266544334
142.8405839218827	1.0550697220539897	101.12275923648966
141.12097835431504	1.0712099153837362	102.66970997348638
142.18721242628092	1.0530102044587433	100.92536555001176
140.61925456405086	1.06068847522708	101.66128651336528
141.26008162423759	1.0498832263697286	100.6256615154598
143.30629111025107	1.0539146376604753	101.01205060882114
140.29467249665927	1.1097923745097915	106.367631204095
141.9364282926594	1.079299884399746	103.44508999997788
143.1056526782893	1.0522457056313923	100.85209244849173
142.4823976494007	1.08421261484077	103.91594879461215
142.5878471859665	1.09085375102494	104.55246598524973
142.3896325406712	1.0935586415760248	104.81171519906083
140.5426903467702	1.1183020539252022	107.1832382153824
141.4873177108466	1.0804500825535073	103.55533030784173
141.0800487365879	1.0424556823602886	99.91377136366698
141.34724074650134	1.0535387494541155	100.97602374557502
142.55725634914774	1.081788599368165	103.6836199466716
140.49763606055774	1.065680200876519	102.13971657393051
141.10637745275122	1.0433678991304203	100.00120243565142
142.06562167924824	1.0797780147828937	103.49091622606329
141.62038904377636	1.0564276639599008	101.25291066585798
141.8364026226059	1.0491452767930445	100.55493301684795
141.60649688501607	1.1085206926317999	106.24574733454065
142.0188715258087	1.0708545226276398	102.63564748893401
140.44974990164468	1.0738404429381294	102.92183189395054
140.52486330167702	1.052469234307605	100.87351647008444
142.12682616591175	1.0502958880323428	100.66521291673916
142.16470273232093	1.0716375112497714	102.71069273785517
141.49195778377978	1.0455850379935767	100.21370327305235
140.96114167841242	1.0450982308478292	100.16704542593092
142.4676295478768	1.1012861333332316	105.55235372951236
142.30759496715802	1.0483230459530757	100.47612661237157
142.33790105956808	1.0996550927069249	105.39602725637859
141.55314562578948	1.0758671166470635	103.11607767054291
141.81322894673315	1.087442709149909	104.22553596435704
140.44393646194516	1.115553373828055	106.91979200905887
142.49608247184648	1.0782612105050995	103.34553869263009
142.3351847331307	1.0520095523680362	100.82945842810985
141.98549894502463	1.0810472847710768	103.61256892894937
142.15310148928918	1.1194731058282943	107.29547724297888
141.37109688808343	1.0818021842665007	103.68492198612446
141.29576429839724	1.0787086545609197	103.38842379925643
141.73701777166247	1.064137537323674	101.99186056804159
141.16894792789023	1.0416893537244267	99.84032288484092
142.02912794272135	1.0511478383292476	100.74686777134693
142.45797745336588	1.0769553161242875	103.22037573865765
141.42467357461024	1.0554500511802272	101.15921173802505
141.54527024345762	1.081543543561889	103.66013266542414
142.0761999954083	1.0564256979437912	101.2527222337861
141.83928773440238	1.0811835333239257	103.62562762006529
141.40477478208663	1.0424971403559966	99.91774488961582
141.4613727182105	1.0427411584761048	99.94113271422422
141.50030671663265	1.0552928870404168	101.14414840037215
141.6177928779148	1.047650231101927	100.41164092694123
140.94409772455782	1.040015500570895	99.67989306119637
141.32955081414488	1.0428877015352347	99.9551780784086
142.50523797645295	1.0723535831976814	102.77932438339565
142.04910362764414	1.057584469821935	101.36378428702695
142.10981834690418	1.0765707218536225	103.18351444596462
143.0374550488479	1.0590535828180452	101.5045908675699
143.0452708683505	1.0612535563174732	101.71544649716397
141.37193935406455	1.0622544235650608	101.81137424069588
142.14666755428397	1.0465166683343758	100.30299503138907
141.6594264468509	1.0639569895442313	101.97455603427511
141.23234514803207	1.0649847195080617	102.07305842470502
141.072547632861	1.0559354426110519	101.2057338964841
141.90126833679912	1.0466265391516274	100.31352555839389
142.01778386194667	1.067429131515576	102.30734217083456
141.70112034313675	1.046015475602511	100.25495840319661
142.20604422803243	1.0827851639892645	103.77913530659195
140.1872366453829	1.0970556099099644	105.14688080897159
142.86986919853308	1.052439906749523	100.8707055813508
143.0290273660279	1.0545875732839287	101.07654786962745
141.49557802679888	1.0572088253982694	101.32778078904111
142.19012024877074	1.0508369305203795	100.71706892976921
143.284007315042	1.0531754387611403	100.94120236935143
141.78468987480403	1.044549569981177	100.11445923227832
141.56324172930604	1.0518764643787497	100.8167026600155
142.20821764181034	1.0895338230774934	104.42595798938068
142.7729379357696	1.0618517852215772	101.77278352065494
141.78788084778733	1.1089958095153856	106.29128473289809
142.19025394633184	1.0564812696060242	101.25804847877531
140.72746146440326	1.1103109239453333	106.41733137899948
142.63442626468873	1.063573378124297	101.93778894253936
143.12099184752913	1.0669371040772466	102.26018398674123
141.55106955586595	1.0659672411228678	102.16722783798821
143.10369584846597	1.0525237799843883	100.87874437988552
141.35296027540156	1.0444693999698924	100.10677536780977
141.74677983367312	1.0928099923774754	104.73996119923025
140.90041047120764	1.0443135880131003	100.09184162962782
142.37105816336066	1.0491888152591982	100.5591059447013
142.2111714258349	1.0706461545030723	102.61567652469084
140.25816413335983	1.084480203002864	103.94159568099732
141.23578129379774	1.1049633020575	105.90479057781111
142.32844493990055	1.1152468985410378	106.89041800086477
141.56234078894838	1.056081622992008	101.21974449991585
140.98314976983772	1.0880124716738895	104.28014463839071
140.90579331630408	1.0994030226948508	105.37186770122418
141.7513141188556	1.0527886429145135	100.9041300674414
142.0723217292807	1.1144907992202702	106.81794994688251
142.60057530603072	1.049111445768367	100.55169049505848
142.5954588769528	1.0773837807071218	103.26144176486015
142.05419058113256	1.1019423696554713	105.61525045209758
143.24947325474392	1.0533301637460302	100.95603192712171
141.78121208173022	1.0605672579048475	101.64966848487373
141.12830230262037	1.0425386363165254	99.92172205428857
141.01465609137108	1.1046750023166954	105.87715859798273
141.9698086726156	1.0533704638564816	100.95989447599521
142.9961955513754	1.0556252433931967	101.17600296954456
139.97243856610925	1.1002547642895368	105.45350255284654
142.10421352860482	1.0565171040876977	101.26148302114431
141.55650708276124	1.0661935817946573	102.18892137423549
142.2594072052714	1.0602527662730397	101.6195261531392
141.96039714561869	1.0467431450280549	100.324701604603
142.62043946177585	1.0868250347062316	104.16633519046607
142.53802718571166	1.0544481134085744	101.06318139051822
140.68456918741876	1.0581890549072173	101.42173051630357
142.5392063019941	1.0535243766175522	100.97464618648016
141.73580455537302	1.0442313561220502	100.08396014507149
142.13658439831977	1.0609697513178877	101.68824531411103
140.43408098821763	1.0843283988444437	103.92704606873744
142.40502386401238	1.0983870483682876	105.27449202541055
141.17272795046944	1.056447771991589	101.25483791256467
142.57484178668548	1.0574940670721626	101.35511966960075
141.76218281126881	1.084846377565406	103.9766915437185
141.71805120584952	1.0649835243474146	102.07294387498396
140.77495083400174	1.0527368108192074	100.89916223983268
143.1836684941279	1.0569820985248735	101.30605023744666
141.82596912525673	1.0466437856103001	100.31517853871507
141.286338670767	1.0596190024111285	101.55878329503116
141.05281140574738	1.0684820380346463	102.40825759869765
142.01849417004436	1.0474156056651274	100.38915334051893
140.4026408329058	1.07618830908325	103.14686223834364
142.41204409027767	1.0597972143204055	101.57586394820335
143.36241781164324	1.0544763649898574	101.06588915266173
142.1106079711776	1.1032191739874604	105.73762528132164
141.87911232540316	1.053884135759629	101.00912716564855
142.842336636713	1.063063122001659	101.88888363707952
142.28074805269773	1.059992694699684	101.59459969136425
142.28398579432292	1.0787469355765615	103.39209282875008
142.41847188016393	1.0792408031182108	103.4394273768515
141.6999521709411	1.044513393915513	100.11099195092068
142.82987693564792	1.056507169677394	101.26053086133886
141.79279472514818	1.0707798922487544	102.62849456844164
141.03046615325533	1.0748788240377363	103.02135513846832
141.06672152751088	1.040855421626657	99.76039497772767
142.1852962640678	1.0670931486380089	102.27514001876288
140.3932760641907	1.1044247085911432	105.8531692903395
140.0642600466137	1.1053309896398045	105.94003145534026
142.51549530400698	1.054480789746361	101.06631324177853
141.31143063032738	1.1068919221573257	106.08963844325231
142.00452314850145	1.058747806492559	101.4752838510799
143.0590883420454	1.0665795402529576	102.22591341697748
140.98767416437855	1.119700450425437	107.31726700007269
142.8567794388052	1.0763331850277265	103.16074781855339
142.45770843574724	1.0602452905557018	101.61880964583294
141.8680494748296	1.047280419240614	100.3761964486924
141.5389665263476	1.0476620761825208	100.41277621421939
143.24472471849487	1.0556193462052783	101.17543775579463
142.71903881957294	1.051006824204245	100.73335232576686
142.15265620432453	1.0591787186219015	101.51658446145355
143.2202370284643	1.0528961949687974	100.91443835348487
142.42677116201855	1.0733353550267946	102.87342193375214
142.96282169909722	1.0583106816294188	101.43338778358061
141.992652872053	1.120452373021633	107.38933473746502
140.00923963102989	1.1128087961905546	106.65673900143157
141.05072524785595	1.0509571485732403	100.72859118366506
140.77128944798056	1.0825268600570952	103.75437826371923
140.17502393103473	1.0837953550595212	103.87595668838797
141.0204105035621	1.0971958538720632	105.16032243857886
142.1987445650145	1.1071387173819627	106.11329243839599
141.59237809627513	1.0965856018299498	105.10183306196394
142.12532423326977	1.052263172977094	100.85376659964682
143.33210914182635	1.053472177496758	100.96964318145204
142.41392529766034	1.049415374903038	100.5808204682421
142.38258230876073	1.1103561864650038	106.42166954811135
141.52120220917706	1.085429148292437	104.03254698406313
142.59258044543108	1.0930489892291104	104.76286776225732
141.7718840876011	1.0516703391480375	100.79694666508723
142.31389585245955	1.0661573125820303	102.18544516524238
142.77180894736532	1.0619731776425732	101.78441833142138
143.04464600508334	1.0587192510700483	101.47254696738862
143.1510374305578	1.052620215822951	100.88798723642941
140.85620153728615	1.047111360882822	100.35999311420693
141.28920001252092	1.1187791877513196	107.22896892683542
141.8357062440058	1.0635444182311884	101.93501329251629
141.08929089893658	1.0428483968810882	99.95141093866889
141.79107204652357	1.0643312633887072	102.01042816961586
140.503359459159	1.0548027185784914	101.09716838917052
141.21866855853247	1.1101132468555535	106.39838509294982
142.25010170453965	1.0653824639790994	102.11118009338877
143.2468592116577	1.058617817621249	101.46282511677813
141.12399267681897	1.052936528562832	100.91830411157976
141.98243807882025	1.05472370335793	101.08959520518292
140.89560217807522	1.0622701919423865	101.81288555486833
142.5372074378143	1.1000063994507179	105.42969811862413
