149.72141249045643	1.1035025829864138	105.76478850984347
149.79532233821635	1.1232507682790585	107.65754587455865
149.67028659248646	1.1220269768920788	107.54025205103738
150.61836901867403	1.1101450849619767	106.40143660424152
149.48288281059266	1.1138112308097763	106.75281696910609
149.1979343290112	1.1040926117689427	105.8213395957775
149.42853205769327	1.13065133401115	108.36685030354295
149.69074382728218	1.1504403600130129	110.26352203061636
149.6358135562461	1.1643756792796403	111.59914744534196
149.74268719000506	1.105409211383268	105.94752858881495
148.61951180881974	1.096107199369932	105.05598075877364
148.8775819458694	1.0979247394796363	105.23018220449278
150.17767123690317	1.1195452424886982	107.30239115396473
150.82759081856855	1.1114561190431613	106.527092170856
149.73891909117526	1.1024502013224755	105.66392338652238
147.7658859240088	1.1512625109124233	110.34232077322011
150.79357280945857	1.1119863453959344	106.57791151548466
150.56728999094045	1.1123152285878	106.6094332008603
149.097298406071	1.1526486343689117	110.47517325266541
150.40352462915578	1.113479019065526	106.72097625988361
148.74660915154317	1.1097960206388193	106.36798066595532
147.80904057175277	1.1443376653095714	109.67861156044523
149.11978130353373	1.0958741205138844	105.0336414037997
147.85915344260937	1.1462538536694968	109.8622679104685
149.65833192721246	1.1460687960650238	109.8445311342244
149.81688873301812	1.167760883531688	111.92360106901315
149.13852388836867	1.0968883250257857	105.13084745239514
149.21966931867863	1.1355614937678065	108.8374627119044
148.72377579686153	1.1364078605430825	108.91858241598933
149.96438429268505	1.152257635955923	110.43769815736883
149.1722544350732	1.1105291340246386	106.4382456416793
149.76548104630177	1.1088848720524065	106.28065197363617
148.28843505844802	1.1139298779845148	106.7641886627813
148.90575365253235	1.1315328916299336	108.45134286073983
148.58458598562885	1.119168867909402	107.26631767448812
148.6945551687913	1.1092915766387732	106.3196324211913
149.9269343958421	1.1064016150822444	106.04264514672508
149.42620891058115	1.1667766835486817	111.82927079316336
148.78472885132516	1.141029276976407	109.36152032952252
148.68572279243932	1.104673659249734	105.8770298722368
149.07592007029777	1.1020947169882724	105.62985212470096
150.2892314928554	1.107354972408602	106.13401931979104
148.70490188534606	1.1260951401347026	107.93016362135305
148.07975590230456	1.147297148673363	109.96226212628507
148.86082993536698	1.0941800990045556	104.87127855170704
150.12524838216626	1.1067454343250085	106.07559837226094
148.43167152830955	1.1090822067027164	106.29956543870411
150.70040090629684	1.1190626092158795	107.2561333501186
150.79075943428293	1.1119761820163534	106.57693741020523
149.80640257183208	1.1038310373824396	105.79626909744373
148.44748778783	1.1140562021311768	106.77629615293256
150.57365655187604	1.115888800679801	106.9519408690456
148.44384628634185	1.1140614968806304	106.77680362619525
150.39824221991074	1.1141792095804093	106.78808575547069
150.7866028097555	1.1106048963874087	106.44550705673979
148.39031141036725	1.1324369940884227	108.53799621958791
150.18061048951498	1.130795225525882	108.38064153145544
150.1811873830598	1.1342007605119615	108.70704374665532
149.30721641974017	1.1191627029926212	107.26572680036644
150.50553824027148	1.1091585058372964	106.30687830045609
148.97329533686428	1.122132884435663	107.55040271957364
149.2715075611295	1.1053868054339258	105.94538109905817
149.01161274004167	1.13523102946235	108.80578948529347
150.12681162484995	1.1230613538198806	107.63939151722002
150.1507769286127	1.1141220656651947	106.78260881848796
150.41104870273276	1.1173860681063492	107.09544590034604
150.2708527407101	1.1071389776019542	106.11331737908283
147.74045038003018	1.1365138811635698	108.92874392233867
149.78446293632018	1.1164883258985685	107.00940213732618
148.65842492031766	1.0933963519397019	104.79616061012948
148.96735929017504	1.1018308201503542	105.60455903188796
149.36779320552426	1.1383748863313	109.10711126013685
149.7444493963875	1.1011226598531103	105.53668567551905
150.23591474150942	1.1205957485617717	107.4030765119874
148.7113323339629	1.0929706831849784	104.7553625490169
149.62094025471208	1.1227147053191708	107.60616712252437
150.49366518914292	1.1094293554874677	106.33283778293487
148.25495246004976	1.129936278631363	108.29831609059046
148.9168382613406	1.139270350968996	109.1929367303117
149.4766826244114	1.1029075996625581	105.70776255776624
148.24238841544198	1.1128517954585984	106.66086025004562
149.64101603901915	1.1346412721763954	108.74926442084613
150.18125606153782	1.106095481946683	106.01330393190811
150.5149454504068	1.1257401074374973	107.89613564650921
150.31248839226575	1.1133837703379614	106.71184718154522
149.88187601141053	1.155156120752658	110.7155023385752
149.90938323314904	1.1490220441206715	110.12758407930892
149.4921784975303	1.1286991393495183	108.17974294312451
150.10422038565585	1.1147063638461145	106.83861065707399
150.13102177925006	1.1225799005944086	107.59324681456637
150.3312355490132	1.1063920951281703	106.0417327103205
148.97550836588658	1.0944408011608338	104.89626545146419
149.52797263329973	1.1212612856002653	107.46686465821108
149.14386367515178	1.1109018662003545	106.47397001635971
148.77420026182116	1.110089030882937	106.39606412219557
150.81314730469552	1.1115384109817228	106.5349794106434
149.59547775699252	1.1042557742981665	105.83697784679941
148.89372069251812	1.1606588258196675	111.24290702853004
148.1392795689308	1.1525739983340362	110.4680197900768
148.2426998668693	1.1495344486323296	110.1766952963034
149.9326187109134	1.1040834495072163	105.82046144226096
149.3971763035671	1.1169788250690962	107.05641384516896
148.9008077311274	1.1181518322488906	107.16884027552285
149.18682534000357	1.0977289021337602	105.21141224800309
149.01890981260996	1.1320054399695976	108.49663407797465
148.8033692530223	1.1360850810120737	108.88764573368447
149.45042850379284	1.155983905795311	110.79484108351124
148.74250199037724	1.1457682450467463	109.81572493533132
148.88945065988128	1.0937182992632242	104.82701752982194
148.6592128173713	1.1333680071896204	108.62722881882804
148.36363302832652	1.1152929036252284	106.89482734079274
149.78273933131865	1.1259522195419804	107.9164654510941
148.5467889696121	1.14287074268335	109.53801491507743
148.91077964541742	1.1077421780342263	106.17113089681439
149.25384084679237	1.1284481966870343	108.155691438366
149.28624128399574	1.1558412281805988	110.7811662013879
149.8418949711774	1.1022903309979974	105.64860067562155
149.8148917614895	1.1519023772369394	110.40364851955293
149.1131413277793	1.165155262180744	111.67386627421682
149.15214798541737	1.1622478241357985	111.39520397231543
148.71669852513847	1.093593224053048	104.81502974351672
148.54693295568327	1.108948792935384	106.28677844653595
148.55637187867342	1.1176738861862954	107.12303171557124
148.75469325117257	1.0940275989877881	104.85666224516655
149.72171051378905	1.1378270587082089	109.0546049283988
149.6466248134134	1.1458543587713002	109.82397847275446
149.07432520604087	1.1336965742726186	108.65872020686862
149.86811732808093	1.1271432702234243	108.03062125405243
149.26604085907803	1.111229766315641	106.50539747913174
150.1111551246828	1.1065083075480164	106.05287104583212
150.64673942961025	1.1181830479643688	107.1718321339894
150.80722328683257	1.111542982917107	106.53541760606444
149.90114229424162	1.1232116290612777	107.65379459100497
149.41282370615485	1.1209314584253987	107.43525249714102
149.14652722179895	1.1177887056561089	107.1340365443128
149.59698930728646	1.1104639452431597	106.43199764752629
147.96112119980523	1.137583133508376	109.03122600969911
149.34288243923703	1.1029875074174713	105.71542128637186
149.04053150229458	1.1111168353189251	106.49457365038135
149.17718625100326	1.1112423731967882	106.50660578089636
150.3369487434373	1.1064315499885298	106.04551424651801
149.95547485569568	1.1099139680334218	106.37928528946752
149.82194282830648	1.1645360082647662	111.61451411639945
149.47084661255695	1.1286993871934023	108.17976669762801
149.2619247040119	1.157819833494286	110.97080488078298
147.59671154151553	1.1467179279913504	109.90674693866514
149.66110383992253	1.1612362900414492	111.2982538688822
149.4412786329801	1.1621931447004004	111.38996324247039
150.07122499611947	1.1053155870886064	105.93855520363493
149.90596401686116	1.1189824705955058	107.24845249430007
148.2631967887093	1.1480753020489844	110.0368439428297
150.3354996501837	1.1084996550846347	106.243730998774
150.13541078725925	1.1278642643896246	108.09972466774688
149.002619568584	1.1653134717896765	111.68902981446308
149.5703312100642	1.1607548424587621	111.25210970705915
148.64302510491365	1.0925119762727327	104.71139795816802
149.18109222089817	1.107828933172477	106.17944591029121
149.7787224557203	1.1610423756207457	111.2796682144298
150.62636090439395	1.114916800215918	106.85877985150107
150.6142485411382	1.112059111871199	106.58488579083807
149.3551144365208	1.1115343026402582	106.53458564820656
150.03113804757845	1.1149691485492355	106.86379715774711
148.09041476319712	1.1530094965463669	110.50975995184328
149.2526384533492	1.1110353441154952	106.48676315675037
149.54035259429529	1.108324345069246	106.2269284765261
150.1955855336018	1.1058905909719916	105.99366623378222
148.6948706522107	1.0922400698246413	104.6853371872915
149.17741286504705	1.1462213288274856	109.85915057926361
149.77490958527645	1.167067727181895	111.85716576032385
149.8949595274665	1.102787298973522	105.69623238363737
148.4399311137575	1.1418931147586109	109.4443145356714
149.86399491431945	1.133925268559001	108.68063932441812
149.81812501346056	1.1038138938275224	105.79462597989412
148.72710445379784	1.093502682071641	104.80635178148705
149.5002520823102	1.1578549256358481	110.97416827384421
150.4016853684406	1.112150588804613	106.5936533629899
149.2791677665184	1.1066966374256566	106.0709214518627
150.6823178159073	1.110344727786341	106.4205712953804
148.85898084125222	1.1352362975515664	108.80629440331579
148.4538711137869	1.1571329274937987	110.90496863446347
148.25205766250195	1.126558451973641	107.97456956966249
149.5271241191357	1.1057069725783004	105.97606739815221
148.72117098304818	1.11847179054166	107.19950655731365
150.32573030056682	1.112088885830813	106.58773946475802
149.6024422499368	1.1031870753809436	105.73454880249682
147.75593743258398	1.146914334136003	109.92557141145883
148.52009631713022	1.1112208819044544	106.5045459560953
150.62197486828902	1.1233111929950281	107.66333725865131
150.3343956223213	1.1320890364570872	108.50464635176162
148.86329995088033	1.1378357968886654	109.05544243600613
149.29719543372133	1.097588153038186	105.19792220406853
148.87616801648372	1.1394501169282336	109.21016633081574
148.00121103250873	1.1265845653070856	107.97707239224908
148.76329289941714	1.1153778311262454	106.9029671850688
149.88736202000922	1.1282268207024413	108.13447374068896
148.5584930406809	1.121685483368642	107.50752173319253
148.67538176762835	1.162361185681448	111.40606906686581
149.6626183475616	1.1048484707086699	105.89378461052968
148.1918786267674	1.152638791936442	110.47422990844073
148.95656307564977	1.1146990721438	106.83791178661815
150.5223288321711	1.128574141194735	108.16776254216431
149.3225144859223	1.1065241358692535	106.05438810530613
148.7609748674412	1.135292955898576	108.81172480119722
149.59665190177554	1.1063617193321549	106.03882135361783
150.92173855052943	1.112890527741739	106.66457253110235
149.29960341191034	1.0979393351918814	105.23158112502323
149.672301995539	1.162025999903317	111.37394331248869
149.53994838882593	1.0993238355019797	105.36427803461547
150.1406920886517	1.1230179378763456	107.63523033250081
148.42002267418457	1.1085667746319696	106.25016404645163
150.37944269116886	1.123030197678726	107.63640536863205
149.19792099072401	1.1188278885027643	107.23363663197378
149.08405503103197	1.0979573080340825	105.23330372529952
148.56404533206543	1.1113604845580716	106.51792611973323
148.89967053377757	1.161447656283778	111.31851218659047
149.1873053657016	1.1067769076189264	106.0786149182358
149.43152686987392	1.1311838413616409	108.41788826953679
148.8369973957315	1.1190992714388592	107.25964722704063
149.52812078875647	1.1328383183995256	108.5764609966914
147.9024071479979	1.158872823962767	111.07172835474566
149.5537345329743	1.108699089520927	106.26284571703678
148.72390735828637	1.1396747458582406	109.23169580581803
148.55808712937187	1.1548804120749587	110.68907714443722
149.5166204740692	1.1009776193236613	105.52278432072475
150.04332316138525	1.1534291669950874	110.54998310758127
150.42030403997404	1.1073198176922303	106.13064992927079
150.4952461622731	1.1145613551170073	106.82471235017142
149.82619592721358	1.1019178055325531	105.61289611300909
149.00801784238325	1.1010279693525584	105.52761010023796
148.61155079101715	1.1414505392846257	109.40189605643323
147.97581473881272	1.1340733752684538	108.69483455607744
147.8973301399536	1.1465370701908257	109.88941269104508
150.05681271676806	1.109243923696227	106.31506514290128
150.16186696272413	1.1191014120385279	107.25985239200782
149.2649716800799	1.099544195572741	105.3853983624148
149.0678800511566	1.1119148591909036	106.57105994714848
149.0576633053984	1.0961247637132208	105.05766420662586
149.62492473485577	1.1021691992378437	105.63699084779513
148.72823600653257	1.1126483729256282	106.6413632941622
149.7357341590211	1.170235818471907	112.16081027410578
149.43229240251154	1.1672219848001246	111.87195052351304
149.50165170007483	1.1175996507381405	107.11591664706566
149.22455459106448	1.0987338037215875	105.30772666135238
149.97747309445697	1.156917395475007	110.88431104948265
149.179825731251	1.096408168852503	105.08482706521896
148.6507044704517	1.0944479544317962	104.89695105401933
149.46788865049191	1.1276348663606077	108.07773810025024
148.3370268415344	1.1121154451708941	106.59028503468234
150.26220424754504	1.1057562612185448	105.98079144927068
150.57076503252614	1.110677963463644	106.45251014307979
148.96920094527562	1.1122814341880347	106.60619418937168
149.2369310752931	1.1560184006542216	110.79814723024221
149.89953520892377	1.1427578564427625	109.52719537596127
150.6462517546234	1.1226034332721755	107.59550229518369
149.86111088899654	1.1356517550368452	108.84611376916307
148.8487729777467	1.1618284485538473	111.3550090779716
150.59304197317144	1.1089222643320817	106.28423582256659
148.67611749523516	1.0925999703519076	104.71983171747002
149.87639090815662	1.1550736869603997	110.7076015028738
148.50195952274478	1.113560836287303	106.72881800062002
149.86121971560104	1.1388134147516498	109.14914185104705
150.91719950403672	1.1128739267393546	106.66298141429544
148.41934447215849	1.134345720626455	108.72093739410857
149.65236971090886	1.1171000324855498	107.06803092424488
149.19913479618725	1.1329306951141027	108.58531480802914
149.19346629414844	1.1125714973445182	106.63399518311013
148.4422279621943	1.1208427145501807	107.42674687392032
148.03961671180258	1.130207946324524	108.3243539780908
149.95131430065265	1.1174024910393332	107.09701995015845
149.0828452987968	1.0966884045159033	105.1116861465926
148.41880974515277	1.104572197476581	105.86730530688934
149.08929326497758	1.13932222993662	109.19790905038005
148.69740776856446	1.0968884788592244	105.130862196503
149.370407282857	1.1536844501298387	110.57445062326576
150.50956163897254	1.1083005352849387	106.22464643673703
149.99398136968622	1.1060551168773158	106.00943515707183
150.06358693578272	1.1068397187216912	106.08463502466998
149.1780393940449	1.099755135044542	105.40561577646294
149.10477333094164	1.1269400015813815	108.01113904778684
148.94321488493054	1.134237829616272	108.7105966209649
148.52276466831893	1.1291991257172496	108.22766394780199
149.10839167349022	1.1084888893063392	106.2426991568172
150.419916618788	1.111206333040492	106.50315152572081
150.71444464037594	1.1160810585455814	106.97036775161675
149.40329483895496	1.1059007213318615	105.99463717429987
148.55286307779025	1.129862003947	108.29119726150532
149.48319217724145	1.122124951199345	107.5496423615334
150.20475253229117	1.117973595594016	107.1517572506182
149.42674604025098	1.1498481211408893	110.2067591194794
148.4585973488327	1.1519373174805727	110.40699735401455
149.27673449533756	1.0996175389817302	105.3924279337633
150.64927545852825	1.1131708664284083	106.6914414867023
149.05486054232563	1.1270409999588324	108.02081919914818
150.60336521546355	1.1116093389275	106.54177747283211
149.53404754103772	1.1077984036482145	106.17651981956271
148.64597850713037	1.093557294068793	104.81158604773887
150.0732100862754	1.1551977396047575	110.71949128174415
148.1892610787744	1.1154019094587873	106.90527496376205
148.5968925717736	1.0969982659959734	105.14138470318163
149.09490464648127	1.162321139926774	111.4022308966258
149.7347313070266	1.1348274231755155	108.76710599308745
148.6767612696256	1.0959296702529342	105.0389655475697
148.5960274306434	1.0979206219583786	105.22978756222213
149.90708101293944	1.1057097952178996	105.97633793297909
148.6645184541521	1.1192229721917732	107.27150327900839
149.57203043810014	1.1031667066020954	105.73259656457702
147.80936109321982	1.1563632756985296	110.8312016486785
149.75875381728656	1.1013781075726	105.56116896576566
149.7549432261969	1.1011921289466977	105.54334391457034
149.9245355527145	1.1077905050449193	106.17576278091151
149.03066798936692	1.1459334117306326	109.83155527380033
149.66875821324513	1.1664773449909807	111.80058080209653
149.9159910831297	1.1060690638768764	106.01077190197992
150.7612688562377	1.1132933985857034	106.70318553506411
148.73106504936527	1.112816452075001	106.65747277678636
147.8162081120991	1.1329792439200415	108.58996795000785
149.52573691181726	1.1078111662727896	106.1777430484974
149.56964345167808	1.099566763067872	105.38756133546674
149.67677959976172	1.1044287970313238	105.85356114534527
150.22947634129153	1.1054684999934676	105.9532110832789
150.1588882073338	1.1176524387654903	107.12097609562028
149.6018753186574	1.1655340896153101	111.71017484668086
150.8498081746145	1.114395891243954	106.80885352771888
148.20181929070677	1.14229249602483	109.48259308237145
149.57973198370024	1.1012724780331882	105.55104494243437
149.027801065536	1.1059518898762746	105.99954140412376
148.35071793334566	1.1609112022162078	111.26709594898796
150.3542600335005	1.1086959332837407	106.2625432086751
150.60166763619472	1.1088690276950353	106.27913337718496
149.66525537678453	1.1618272425784435	111.35489349171428
148.37626627079905	1.1233067498680938	107.6629114088275
149.90392082857994	1.1651179776396914	111.67029275145401
149.72059971304375	1.1125053276056958	106.62765316947083
149.5773849161546	1.1476710999235051	109.9981033426937
150.80723729031013	1.1126750125752753	106.64391656132655
148.31367832999507	1.1440880700725005	109.65468919916681
149.3235720869681	1.102431080685926	105.66209077633007
150.41904493799305	1.112968025316408	106.67200025689228
149.10583750969516	1.0955409957683047	105.00171318830945
149.97485219022025	1.105005666981197	105.9088510279307
149.18487863823802	1.1357960557811475	108.85994421952925
149.83793893011838	1.1186794609822743	107.2194106523017
148.92035750869852	1.094977504833781	104.94770561239983
149.8120934857014	1.1117758215694502	106.55773393880501
148.92029135412528	1.113947119454863	106.7658411649984
149.56082520710038	1.099549672792747	105.3859233244987
149.3134793627112	1.1320684592708123	108.50267413911071
149.4216705051254	1.1493484236976435	110.15886580666016
149.4175354464417	1.099430398778385	105.37449155161644
147.8983840421338	1.1349616162989666	108.77996768234863
149.73441961591257	1.101941900744888	105.61520550953972
149.99511499426274	1.1165925291313468	107.01938945683656
149.63520552647432	1.1183010309826003	107.18314017183486
149.58217364727278	1.127752855620105	108.08904673628749
148.87035433471394	1.0938007305441497	104.83491812482562
148.8474658490495	1.140702391807017	109.33019014385681
147.8877050729395	1.1544193270858367	110.64488462770784
150.35876192198336	1.1262322605628798	107.9433058770307
150.1485401597879	1.1102413145843124	106.41065969606899
148.6250081988682	1.1348923148677021	108.77332551282939
149.5434786136794	1.1373250443611354	109.0064895528068
149.2778842611483	1.1269263648112058	108.00983203669703
149.25158305406129	1.1561598554748438	110.81170491412757
148.63551802476894	1.1035185981279805	105.76632347504145
150.8648013508063	1.1170508147000238	107.06331366417015
148.61258680108278	1.111134384181672	106.49625561450688
150.77242955563915	1.1104623392633526	106.43184372299793
148.28914973348267	1.1222100164874897	107.5577954119647
149.21574558990375	1.1614270272539216	111.31653500501103
148.7642148869338	1.095409867293175	104.98914522910977
149.8346086070467	1.1052745976655525	105.93462658785525
149.0088402581656	1.0961529682871072	105.06036746336319
148.04406865995296	1.1277665730653847	108.09036147965219
149.01723798295197	1.1219707468139422	107.53486270042443
149.89983482910253	1.120091263103114	107.3547242936384
150.47706962269768	1.1184841296630654	107.20068919574692
150.08493139885155	1.113221666617998	106.69631041169717
149.31358643159368	1.140423172669308	109.30342849100433
150.19421139169356	1.1368866017121593	108.96446718262153
148.54795396479435	1.1191325570946118	107.26283747815137
149.32714675435318	1.0977620346357837	105.21458782015247
148.54496956022183	1.1626894914208667	111.43753540652968
148.38502102591207	1.1570189971360512	110.89404902233225
149.89299871405166	1.1102772984038514	106.41410855166933
149.4004367013653	1.0985159518207692	105.28684672815443
150.47963396345835	1.109685544877748	106.35739215833847
150.90930338485944	1.1160218152515131	106.96468960046025
148.4792984306732	1.1267763159040425	107.99545065583129
150.210773634098	1.1096605049403792	106.35499221499356
149.6348272023969	1.129269003747374	108.23436138122129
149.35929549437864	1.1326429897786274	108.55773979875516
149.44757982050328	1.1064959662638372	106.0516882001086
148.37351783003575	1.1274585088550073	108.06083518169841
149.38409761349686	1.1041276452962552	105.82469737097813
149.97120784004628	1.1092835977044178	106.31886768323994
149.19373302609645	1.1355791899636616	108.83915879711606
150.69193016842675	1.120735893365749	107.41650863782193
148.97117520282762	1.1006624694527873	105.49257890031542
150.0164699052074	1.1049253708564029	105.90115507616044
150.5439196146225	1.1136972652693156	106.74189398490101
150.15433137124296	1.1205321120322687	107.39697729283904
147.87494844060274	1.1355149927151669	108.83300583606764
149.34982184865274	1.1418053709870424	109.43590476700744
150.65919854517	1.1094973271465298	106.33935250093936
150.40608317219284	1.130269664542763	108.33026933742018
150.79596647244895	1.121897480493695	107.52784051761734
148.64701553873027	1.158612180779918	111.04674710727457
149.8350163838137	1.117030589705799	107.06137520723333
148.65402615535788	1.1499236849329444	110.21400150260467
148.98497166207343	1.1353485440477837	108.81705262637429
150.349372183522	1.1306905291703344	108.37060694877937
150.3219089070715	1.1062941815547807	106.03234822083995
148.936979553792	1.0941430540600858	104.86772799298826
149.2087133679661	1.0998015265757446	105.4100621552589
148.94824633441843	1.0942092717817737	104.87407460552721
149.41475664850518	1.130431306760141	108.34576187472713
148.8149751261735	1.1122019629467075	106.59857729824594
149.2218983042999	1.103063833906572	105.72273676990754
149.60776107096214	1.1138467319490235	106.75621956239608
149.86643020589554	1.1023825551872726	105.6574398682293
150.61419286261284	1.1125010176228662	106.62724008079351
149.37284727011436	1.165640479394117	111.72037173486997
148.38038281953368	1.1046888606614496	105.87848684580436
149.6864132116192	1.1005978054185344	105.48638120036219
149.91804864105805	1.1172683447414609	107.0841627488772
149.5005885235888	1.11273963922963	106.65011067861752
150.18212142266785	1.1257410570284976	107.89622665970016
149.6604953516513	1.1034367217665886	105.75847606609099
148.08292092866174	1.1354723998947274	108.8289235432708
150.94686255538315	1.1160196508320286	106.96448215249181
149.1947199524122	1.1279651007126674	108.10938928706464
149.74419183734946	1.1014324976636491	105.56638196351078
148.4255531166148	1.155689393778846	110.76661369046724
148.89809703170593	1.0938721652177672	104.84176475415292
150.46382144673873	1.1221814033937045	107.5550530007919
149.90043407756886	1.1529272002195594	110.5018722914661
147.90139168901348	1.1339324952016734	108.68133195925708
149.66238846253432	1.1632084333810642	111.48727320281162
148.73377588294977	1.116319168931136	106.99318935163694
149.65170730784507	1.14073944414986	109.33374141166986
149.63682696367482	1.106653344258519	106.06677203460093
149.5472383056532	1.1441522608618315	109.66084154113915
148.89931351441987	1.1170941468437976	107.06746681713287
150.64849512067832	1.1130348652228266	106.67840650249185
149.37863959106755	1.116764741906282	107.03589512524238
150.66618277474757	1.1096832220206052	106.35716952497245
148.38608946325047	1.1187583374158352	107.22697053430161
149.41030030855245	1.098290671129532	105.26525478534303
150.2042439510208	1.1280647761217584	108.11894263902292
149.44532254376915	1.124260367393737	107.75431052059575
150.2727810603632	1.1276318279776225	108.07744688757998
148.52875611785026	1.1002866027255565	105.4565540957283
150.07697524064113	1.132380906289996	108.53262050572008
149.2710664499383	1.104075151187924	105.8196660929809
150.07130713541167	1.1354257533852752	108.82445272618074
149.55071538352635	1.1200115995027362	107.34708896593207
150.58782595628173	1.121287222507981	107.46935057134027
148.68875866933647	1.1357160940682078	108.85228031933696
148.20229889763098	1.1190217523978108	107.25221744381365
149.32102854511612	1.1176686051983693	107.12252556127697
148.8946064928892	1.0949212217272963	104.94231117930487
148.82868297175182	1.1476482839822468	109.99591655741648
149.58043343796504	1.1055534773429518	105.96135570526249
149.99522426133444	1.125692477128521	107.89157053752514
148.6399800806563	1.1092782917534287	106.31835913637032
149.44258176738467	1.1002751384202394	105.4554553037128
149.423362265615	1.1170147245349258	107.05985461591985
149.08038608451815	1.1053542889571564	105.9422645696167
148.57752377646827	1.0975682298870864	105.19601267717212
148.35915387158133	1.1110245252033868	106.48572622220333
150.46412626030167	1.116377445183631	106.99877481705889
148.34389775286894	1.136949016790073	108.97044933220337
148.49116296911282	1.1325671022341834	108.5504663857044
150.12938976622124	1.1060939174735474	106.01315398557097
148.37713904322268	1.1165909049078442	107.01923378374809
148.0166044633564	1.1229933943868606	107.63287797101593
149.0377434122679	1.1126183674772643	106.63848743329038
149.4930126785052	1.1010014002177528	105.52506359154198
149.67181504141732	1.1659576749398624	111.75077322221514
149.7442460601399	1.102178264534243	105.6378597077065
149.88646350497345	1.1639478223067494	111.55813965528513
148.77223721081987	1.120230325900357	107.36805271494595
148.94779612220447	1.100264660099618	105.45445101302825
149.3608501216032	1.1097501686138318	106.36358599592886
149.34706199089166	1.1303624550564848	108.33916280918075
148.85037064648787	1.1455434120954235	109.79417590598301
149.6711657802594	1.1070763475616776	106.10731462651447
149.5044914875592	1.103563421757458	105.77061957888843
149.82533982851493	1.101891780890588	105.61040179102386
148.84411243135068	1.1359654615846992	108.87618085482238
149.9379085889088	1.1281634377794134	108.12839882835749
149.95218729185478	1.110663969305812	106.45116887830498
147.5577810387256	1.1526380779426484	110.47416147597511
148.36582073006144	1.1309263530011313	108.39320939482197
149.7399627306936	1.1252542151179743	107.84956548056194
149.05002598138282	1.0957181900197617	105.01869630445205
149.66263187025936	1.100805392142613	105.50627727157047
148.99075164821068	1.1634173553790557	111.50729725284403
149.45959429237905	1.145738273073588	109.81285228287797
149.1686826450113	1.1051509949402423	105.92277993130615
148.51005257936217	1.1349217954102178	108.77615106429832
148.72000019589578	1.0967048206250885	105.11325954238059
149.30074057196927	1.0981727177090024	105.25394958427812
149.02484148286737	1.0968392454656457	105.12614344048035
148.92385065017325	1.1010103560998463	105.52592196468053
150.50281926054788	1.1301126241057544	108.31521785601561
148.41330644132674	1.127764831518234	108.09019456172294
149.4169179160824	1.1101465492186786	106.4015769453724
150.63076146385808	1.1122847427250149	106.60651129484962
149.1640718557572	1.1011931733411604	105.54344401416337
148.10891059829686	1.1293263415604091	108.23985690226743
149.498394986803	1.1425739401058914	109.50956798407965
150.11238872926037	1.109781138254463	106.36655426944456
149.45416440501705	1.105916839072807	105.99618197309657
149.45201419562272	1.098580040528448	105.29298928614934
150.14299692229548	1.105306181052101	105.93765368561672
148.87203227439616	1.0940992893911643	104.86353338481602
150.19165564075468	1.1330365337566448	108.595458872771
148.5109156001813	1.140798166749433	109.339369657059
149.63265192169038	1.1018774763537957	105.60903077809478
148.83349981558626	1.1534553054966392	110.5524883423956
148.91486711028338	1.0954892862398409	104.99675710807345
150.2709904740593	1.1199628662062968	107.34241814153097
149.08740528137494	1.132212163118614	108.51644738015709
149.29850642293317	1.1167675382747635	107.0361631421239
148.4283186635714	1.133121350164914	108.60358806940458
148.77667728985335	1.161885952370623	111.36052050958361
149.08799027926932	1.156469435038105	110.84137645050647
148.40166365781386	1.120510378549104	107.3948942553492
149.31001318977042	1.0974026995800414	105.18014748737872
149.48784646972993	1.1067308263058548	106.07419827217949
149.88763430208937	1.1023737897791206	105.6565997509938
149.50856989428638	1.137868037498673	109.05853252510191
148.20655083138635	1.1533660159753103	110.54393042192935
149.20895353381886	1.0970211220033865	105.14357532858433
148.9638352460586	1.099757073198444	105.40580153809206
150.21324837997574	1.105308346549718	105.93786123691837
149.6334085250794	1.134786351875526	108.76316952984376
149.39134057221662	1.1105100450811534	106.43641606909678
149.91304804315905	1.1170730970787772	107.06544931035049
150.937834190314	1.115112510637835	106.8775376430118
148.2190503160685	1.1412840400205144	109.38593799731558
149.84460057578173	1.1149754677607913	106.86440282019329
148.13464753327648	1.1575040149991844	110.94053537633694
148.3329673854899	1.1374767199027052	109.02102683783319
149.7173894352964	1.1019309962690476	105.61416037416907
149.21625271313897	1.0964960291014076	105.09324799760924
150.27057727575104	1.106205521729862	106.02385065338845
150.39972176119596	1.1109614494938242	106.47968075463048
149.45515892310908	1.16166765005172	111.33959740623436
148.98457399226737	1.1120349551980027	106.58257050361436
148.50125359335578	1.1094409051694232	106.33394475784205
149.06215351628262	1.1253471673923872	107.85847445621488
149.5552307296497	1.1273004783102012	108.04568880378574
149.60564154139678	1.1684748851022955	111.9920342800226
150.6535955278478	1.11015448396046	106.40233744770318
147.93644805550358	1.152397081280035	110.45106324181971
149.46506538275736	1.1236658896517542	107.69733302582227
148.1360577820167	1.1541459628296686	110.61868413376652
150.18098134848753	1.1105300839702728	106.43833668886003
148.84993491133972	1.1193181164516988	107.28062234468537
149.16284597015405	1.130415195023478	108.34421765140861
148.95967574773556	1.152779870574915	110.48775153729
150.5131137440477	1.1085184305477835	106.24553052595203
149.13263910304008	1.0960450065040939	105.05001990702429
149.2967807435691	1.1100789049572708	106.3950936066725
147.92309533843158	1.1316838662900288	108.46581297004587
149.45315647733838	1.10644627313996	106.04692538140905
150.41481139211928	1.1108434105575822	106.46836735734439
148.9231493472102	1.1009134855398497	105.51663744242491
149.04225757612838	1.1418954130549916	109.44453481502043
150.51902553228646	1.111901051961674	106.56973659847503
149.63679993907962	1.1008196824374714	105.50764691948679
150.13575370316875	1.1058378791687635	105.98861409089977
149.57660259668938	1.1018700749443031	105.60832139279589
148.98605864963426	1.123087491385948	107.64189666237321
149.29121635817873	1.1292468932703683	108.23224221089907
149.87422705929922	1.166426979275463	111.79575351910508
149.7144097062902	1.1033679901338385	105.75188850869526
148.2893966245749	1.1567081214815484	110.86425326257758
150.7613667402244	1.114134519161249	106.78380241911627
149.4638285968987	1.1050829931880248	105.91626232903457
149.3393998724011	1.0979202860255646	105.22975536486838
149.90646802263447	1.1558955536488862	110.78637300538882
150.229668924655	1.1329105128891357	108.58338045029566
149.82930796339187	1.1018566851797378	105.60703805586556
150.39832518306284	1.1341516004187706	108.70233201608067
148.89927384583	1.1275604945280602	108.07060996003402
149.92348611338002	1.1350884915548722	108.7921279933573
148.6693914205628	1.1451697825455205	109.75836552281238
149.80958067124826	1.1180093105604254	107.15518033809181
147.82598082922834	1.1549607463929514	110.69677675682017
148.23652325760887	1.1388834705386965	109.15585632151148
149.00780560924255	1.0947899028593309	104.92972497197573
149.8755607356544	1.157392087833999	110.92980775944065
149.08906723329667	1.096063550538645	105.05179725301574
149.27705535630955	1.108421692684476	106.2362587219605
150.63142995581262	1.115334921614962	106.89885453915757
148.7855986898328	1.1409971567444246	109.35844177801309
149.8310475688191	1.1077049614062	106.16756388314995
148.04493330549232	1.136176389422758	108.89639715383886
148.49378991206123	1.1059780557941603	106.00204926664625
149.88499326004313	1.1047401181328107	105.88339959879801
148.98409679455975	1.160896744257632	111.26571023140592
150.5988014344589	1.1309589258152313	108.3963313238936
149.9009379994208	1.1291495777422886	108.2229150408455
149.49994255929602	1.100985285970369	105.5235191275844
148.86722327902115	1.1329945592199435	108.59143583914565
148.56743737712182	1.136185710932326	108.89729057040468
150.87213921131445	1.1132157602672872	106.69574431974286
148.84341274339803	1.1623212414715072	111.40224062914241
149.84556594522613	1.133105112214489	108.6020317491757
148.87972277137894	1.1414052761420803	109.39755782762215
148.06272125423303	1.135012914090618	108.78488429982526
150.24637295953065	1.1220407203386975	107.5415692864906
149.2785661173519	1.127973341504705	108.11017912266672
150.93886065110962	1.11376873589417	106.74874405996104
149.56021853208154	1.1469513485728513	109.92911904618613
149.0785517583497	1.0996333667693856	105.39394494209635
148.93829007128187	1.1292882077383022	108.23620198048258
149.2584504146852	1.0968751873491402	105.12958827673634
150.55392151365226	1.128948272083859	108.20362097600334
149.3711580294747	1.146016395526422	109.83950882438256
149.23655717827643	1.1559889248497441	110.79532213288877
149.24084388640765	1.101209978477753	105.54505469613639
148.17477734237926	1.1557831086224606	110.77559575427746
150.4535979949263	1.1342021317595132	108.7071751733593
148.70684798989686	1.1206633732278037	107.40955797257588
149.53042401641574	1.1420636494095113	109.46065936491256
148.32360118912433	1.111901006050943	106.56973219817834
148.83485921045633	1.0966405349933344	105.10709811027205
149.84740158407925	1.1026185082264544	105.68005469820078
149.25478943155252	1.0970413992417087	105.14551879283694
150.8973364844287	1.1130087534062403	106.67590382528796
148.82926359689304	1.1101773897778446	106.40453284712378
149.88197129415482	1.117044460336773	107.06270463262307
149.64821976865957	1.1245284626011736	107.7800060045504
148.929792448719	1.1607924041451516	111.25570979271215
148.30582524884747	1.109673544241825	106.35624196191849
149.97332342521003	1.157704085765866	110.95971108344568
149.85784625639494	1.137583256031794	109.03123775290985
150.06759738137646	1.10854093101315	106.24768707456147
149.7022903613006	1.1330691986517445	108.5985896273113
149.49213813445752	1.1068122823393995	106.08200539496609
148.62789447780068	1.116259583283154	106.98747838769884
150.00425370017888	1.145389195526667	109.7793950771651
149.21601249593047	1.1384107549751594	109.11054907676767
147.69539645391416	1.1534019681951169	110.54737624886525
149.28906307820768	1.1286631585788887	108.17629437974573
149.91081368706034	1.1073668283311764	106.13515564621473
149.4885863730071	1.1162502197713653	106.98658094544604
150.03235498933273	1.1177772508095634	107.1329386588697
149.61775301089827	1.1052107186273032	105.92850412554768
150.0500672500752	1.1047155808640603	105.88104783353711
149.5893107961708	1.1029062721737746	105.7076353251049
149.39553951430238	1.1056503660804684	105.97064196973565
148.76858807521833	1.092814358525034	104.74037967099484
149.3231570750397	1.1103930728763969	106.42520491228724
149.53322581542815	1.1188468592642637	107.23545487744852
150.24411590364014	1.1096657846915903	106.35549825075536
149.78761179897774	1.1437153698736382	109.61896788929589
147.63163921835167	1.1422886186391084	109.48222145580061
150.9442044062576	1.1150958257124925	106.87593848264068
149.4561803505195	1.150631370477396	110.28182935647145
149.22026992921752	1.125329052016747	107.85673819487494
147.80043883945496	1.1402545120287555	109.28726327557757
150.1709696257947	1.1367107507091134	108.94761280961585
150.05533489012052	1.1211404744587314	107.45528555995524
149.2577021525784	1.1673604935166244	111.88522583916088
149.95561127618024	1.1376786436003161	109.0403801384074
148.70761068215072	1.1205345694838864	107.39721282636171
149.98989791151538	1.110005896943239	106.3880961811271
150.18100881968914	1.1178601378091928	107.14088293206052
149.48030038217107	1.1060941650008287	106.01317770972982
148.82556887560858	1.1142197778285874	106.79197400390338
148.7152385235802	1.1623621007529552	111.406156771549
149.49517895440027	1.144932820387052	109.7356539741838
149.80279022843254	1.1343334781595213	108.71976401948668
149.36070269699968	1.135411928051739	108.82312764230683
149.20942052781302	1.101875951822187	105.60888465993823
148.86747428147999	1.0935355906045594	104.80950588740214
148.89038922864825	1.1342048961827427	108.70744012846019
149.41306531791537	1.1299878412260478	108.30325808801389
150.12257458652635	1.1097573450025877	106.3642738142002
148.67485625741307	1.1098302636087742	106.3712626704844
149.38812128840647	1.1079614260055728	106.1921446358651
150.16354177326505	1.1129325073020326	106.668596046212
148.90785654481294	1.0977035628350353	105.20898361248203
149.97178108203218	1.152616375101431	110.47208137535111
150.83385497063009	1.1214723599320473	107.48709499786317
149.10382889996387	1.1186598346770527	107.2175295764864
150.84724222753135	1.1143840377746752	106.80771743643037
147.62323259506323	1.151355567929348	110.35123978787956
150.4108273816151	1.1159851125759828	106.9611718463788
150.49295793664618	1.1293162563124972	108.23889028548835
150.12959547769105	1.104947533994758	105.90327929378982
149.0487908867276	1.1231511382828037	107.64799687517652
149.79158902007785	1.104766412798451	105.88591980110044
148.20446369054326	1.1140174010664794	106.77257727953346
148.80665279368387	1.0931588781301278	104.77340002249385
148.9412289884083	1.1410255779352994	109.36116579632387
150.38222046758727	1.1095218470170052	106.34170259866917
149.95652530791335	1.1030545079333756	105.72184292552697
149.68880851421105	1.1258952729941007	107.91100743070908
149.96108220047734	1.1080987268170084	106.20530418030806
149.2032433809387	1.097170777029546	105.15791895807395
150.4492907018601	1.1227120594546396	107.60591353063712
150.5056908428326	1.1297516167800004	108.28061724515383
150.424552139306	1.1397598559513038	109.23985315055984
149.01077699232204	1.0981003384003658	105.24701241676401
149.4645679743082	1.1604581059446626	111.22366910787908
150.75588569694315	1.1233643590195088	107.66843293619823
148.42600967779387	1.1157144535045438	106.93523062984666
148.91619001804239	1.094811328514375	104.93177850579555
150.2965776164875	1.1349791694099018	108.78165005364016
150.42953433096412	1.1315752676383584	108.45540437327097
148.4453211142958	1.1230533303175505	107.63862250766796
148.90404762640833	1.1041768247075066	105.82941095308497
149.24625311892308	1.1321631759305313	108.51175222160727
149.77653780406715	1.1194003014234741	107.2884993322815
149.01608367179162	1.1303981607197868	108.34258500500155
150.4219921432946	1.111655421233885	106.54619421409217
149.7347855144735	1.1118724956152628	106.56699962623284
150.04808355157485	1.1071469665813574	106.11408307979801
150.36981213650554	1.1127856797035016	106.65452341045612
150.50702267750344	1.11581635088864	106.94499694616057
148.2063045164565	1.134766900865431	108.7613052551237
149.38868464100412	1.0981495962863446	105.25173352025149
148.50048231636023	1.1341815035860976	108.70519807386512
149.43997554877205	1.1184621894359823	107.19858634296426
149.62058910285702	1.1008440131139896	105.5099788839932
148.11818151276742	1.1223110850158453	107.56748228691302
150.53742003778711	1.108646821393029	106.25783609804886
150.0386591917591	1.1395372016866911	109.21851293661685
149.38616304030128	1.1202078349008622	107.36589707358941
149.76531827476416	1.1106190048878573	106.44685928063953
149.4539493779244	1.098609123988867	105.29577677943458
150.121902743818	1.1044770150540628	105.8581825835331
150.48358483104954	1.1080237662096837	106.19811960919559
149.28519821549767	1.106350730259225	106.0377681100711
150.58017732143526	1.1116882478990098	106.54934047341945
150.20574222655148	1.1072613375182179	106.125044919068
150.99717015833406	1.1155293533168205	106.91748977222699
149.1723743897222	1.1045574354623873	105.86589044721138
150.33940544854588	1.1123638436188419	106.61409269015903
148.45868874637785	1.1563922898353398	110.83398249766864
148.63610855825536	1.108516035512787	106.24530097472687
149.87707139288128	1.1332634286097625	108.6172055243185
149.44862789305748	1.1242806517010768	107.75625466237571
149.8003460075315	1.1091270323736033	106.30386173820922
150.16950039789393	1.1492549666138638	110.14990844774402
149.44514787982519	1.0985523420639927	105.29033453727936
149.99477353698947	1.1216797778536707	107.50697489026386
148.3935042677789	1.1247811826608716	107.80422786327392
149.82808485772483	1.102609000019371	105.67914338768209
150.14760707421212	1.1104411964314824	106.42981729625843
149.209994272036	1.1067225306005457	106.07340317343564
150.0879445589578	1.133543991745573	108.64409599216167
148.40150723002472	1.1187690855788723	107.22800068793063
149.2156788637232	1.1661322945681345	111.76750957457047
150.52742323655283	1.124220858185152	107.75052377541309
149.58271326534333	1.102224970290417	105.64233620327624
149.38989185666773	1.1065400681318538	106.05591512700083
150.06815860889336	1.155034315480484	110.70382795824345
149.70226328387864	1.1214600544115052	107.48591557989198
148.5760433826685	1.1416325432340364	109.4193401562606
148.10741092796414	1.1196115970940657	107.30875088606825
149.67053005756102	1.1208752355495846	107.42986383683196
150.7111914203165	1.1105874471537611	106.44383464152767
148.8720586992939	1.0984380363399247	105.27937894830487
149.615686866099	1.1395251772979118	109.21736046361332
149.95044133244346	1.102934895650807	105.71037873145612
148.42320518119195	1.1374538816301623	109.01883791222245
148.68941582036325	1.1468360015752022	109.91806365673831
149.01335062965376	1.11441289179452	106.81048293907043
149.91787149529114	1.1090336642691858	106.29491290748643
150.19447247422897	1.1373230192317014	109.00629545504067
147.7731601712669	1.135496420679258	108.83122580629662
148.69594857544698	1.0924412662451228	104.70462078226379
150.4545537097255	1.1170118731285446	107.0595813239516
147.855802712359	1.1364257405888765	108.92029612222899
149.65680409278647	1.103083800576725	105.72465046787124
149.34285564889842	1.1462945941335496	109.86617266486671
147.6626291396605	1.1508119147803846	110.29913355703846
149.32748148028932	1.132882963488914	108.58073998843092
150.15515484907462	1.1107235291823978	106.45687737219333
147.90492663850205	1.143576835214545	109.60569008718994
148.12719613666533	1.1367088848105895	108.94743397327616
148.87702693865984	1.0954644729637126	104.9943788889896
149.5385067621376	1.1061766098449228	106.02107960469027
149.21945577081198	1.1267184165356627	107.98990131272514
149.5264507103961	1.0996922661340978	105.39959012947351
149.32295626463548	1.1002458176205188	105.45264506273175
149.29296850639093	1.1117715874729337	106.55732812342269
149.62462757087076	1.1047484859763825	105.88420161160643
148.01543102905924	1.1440453773227317	109.65059732868114
149.63042274297808	1.106789579384096	106.07982943878505
149.69345074643684	1.1624625099363375	111.41578045182725
148.66650170873575	1.123085139678516	107.64167126386211
149.80292602373612	1.1042061858419472	105.83222505993204
149.96423419044416	1.1039289933183005	105.80565764713934
148.85632624309258	1.1048574162433111	105.89464199192058
148.8406273333649	1.0946770294221384	104.91890665999611
149.9408265631027	1.137041690393869	108.97933159877621
149.10771320517088	1.095832584141295	105.02966036584824
150.4666341532588	1.121975630373856	107.53533076338091
147.9919059874862	1.1266219343902477	107.98065401791847
149.32851245688914	1.1015656793153434	105.57914670864325
149.69564351135054	1.1227910240049945	107.6134818581579
150.08750626400646	1.1043109720581767	105.84226825527125
149.2437954846892	1.1069808853070835	106.09816508275853
149.70371195671243	1.1350931259337647	108.79257217365284
150.02854023201598	1.137892552438578	109.06088215026305
149.90061113032124	1.1028939625126883	105.70645551028483
150.853902899412	1.1189683084324307	107.24709512712616
148.95355663360974	1.1108216818597088	106.46628477849897
149.85051560300772	1.1374902046754252	109.02231928078425
149.9555703499759	1.1417065421766346	109.42643255698037
148.73771091529957	1.1366828059943546	108.94493445897852
149.03806203968273	1.1149795880773976	106.86479773038305
149.8399236892113	1.1087755398018	106.27017306534815
148.68894267037493	1.0948692455219167	104.93732953952052
148.58310529309963	1.1060693689924865	106.01080114567038
150.09088950429506	1.1042168768664846	105.8332497371431
147.768050115631	1.1422878599570023	109.48214874020054
149.86475677408214	1.1021813786974646	105.63815818350491
150.4998230980727	1.1171181343227314	107.06976588799637
148.97024768519577	1.0981069107205577	105.24764233831183
148.22449752631695	1.1201550498609323	107.3608379113629
149.50778917101803	1.1033533674603304	105.75048700407275
150.29703249642876	1.1060931837538814	106.01308366248657
150.35354199833384	1.1079739121192165	106.19334136271397
149.99211029118626	1.1187196442509342	107.22326200251779
149.70914165290984	1.1010243540047937	105.52726358859618
148.7425151535805	1.0970954517454115	105.15069943465029
150.48667654725372	1.1084122635087563	106.23535498617301
150.1376740983197	1.113744605498225	106.74643129127057
149.26785854039258	1.102461830872816	105.66503801638478
150.22121007932253	1.13784722566181	109.05653782245396
150.17558370321936	1.1253229378203466	107.85615218202896
148.59372049223316	1.111140139180384	106.496807200186
148.21273519241603	1.1212058183624236	107.46154842173823
149.52927911749984	1.1226590671768761	107.60083450577872
149.91281642608908	1.1073999200494482	106.13832730946085
148.57422245315075	1.1173985815313259	107.09664524483928
148.18410429577807	1.131538154394776	108.45184726844953
150.5132525060555	1.110213406921222	106.40798489663483
148.73172299927094	1.092371022501932	104.69788829721368
148.5718252587084	1.1208630365375059	107.42869462712424
147.70200460511955	1.1463034647923978	109.86702286981546
148.0827788194191	1.1208907505231924	107.43135086362074
149.17102825613148	1.1389515807134896	109.16238431550391
148.57601718157218	1.0977927223302322	105.21752907064271
148.4218486676297	1.123194344861683	107.65213799341934
147.60962538734307	1.1533368885814284	110.5411387178579
148.89028347314738	1.1161293323765338	106.97499453872169
150.47582217884795	1.107948219635507	106.19087887631137
149.01672052833214	1.126741337306578	107.99209814536123
148.71339716747784	1.1039889674502363	105.81140584517536
148.47611084547952	1.1073350274203082	106.13210769991697
148.71819804993487	1.0928469033366937	104.74349891618317
150.00227274990095	1.1554785128971292	110.74640189196361
149.744408729039	1.1024021938342081	105.65932212693154
148.28326383988605	1.1365247068988464	108.9297815108497
147.90541513159508	1.1455709986467983	109.79681992858602
149.08945281764898	1.1080089507748463	106.1966996294362
149.43742326121966	1.1424375996734517	109.49650048679902
148.93545729796975	1.0940970408024284	104.86331786967745
148.43746477864818	1.1142924008435833	106.79893452936152
149.79830929362757	1.1054300048218713	105.94952152808864
149.00064350803828	1.158360477679403	111.02262271862004
148.90562139943364	1.0979581539843992	105.23338480508826
148.63064978470013	1.0956402615131504	105.0112272761528
150.8180217870472	1.12038357051826	107.3827403875012
149.3114049696571	1.0986438804050305	105.29910799502173
150.0813707464807	1.1041496996075846	105.82681115812228
149.62780195851735	1.1052042725404114	105.92788630278285
148.3453553907179	1.1353255652005745	108.81485022743772
148.7854800742076	1.1524265454828546	110.45388722721665
149.62826125647413	1.1030048856530168	105.71708689679768
150.43729976868858	1.1186627054750604	107.21780472703774
148.9206353592899	1.1198302489196157	107.32970748775016
150.96805130033334	1.1132223656189448	106.69637740717907
147.63638554642426	1.1472289463528784	109.95572530062364
150.9970433743335	1.1128736357180116	106.66295352146467
147.98229417230866	1.1418196829892269	109.43727649545423
149.14777916032799	1.1062461369078733	106.0277433997933
150.99972003289488	1.1133198525193018	106.70572100234385
150.67901205357268	1.1113128526096172	106.513360853614
148.3942732031711	1.116241314126228	106.98572738724961
149.62488421233934	1.1061044215313318	106.0141607430242
149.32812416332908	1.0975482484415133	105.19409756306386
148.65457761190933	1.0921455106916707	104.67627420288666
149.4524307880134	1.1174949510869625	107.10588174852113
148.54502191600673	1.105312022577048	105.93821356437017
150.52066326070837	1.1273647912634255	108.05185285451032
150.4038150482446	1.1086105741183925	106.25436199169417
150.29799741423128	1.106197554485702	106.02308703587944
149.27658743506916	1.1165360482200275	107.0139760652119
150.37565645205746	1.1282557004294225	108.13724170721977
148.6569148340238	1.0922140495338326	104.68284328234124
149.08873483647133	1.1116456484264454	106.54525754305222
150.10368595055792	1.1045983969805855	105.86981638846072
148.4276011659002	1.1194351103720592	107.29183558281876
148.7673630001094	1.1203962273032202	107.38395347227797
147.70394765649277	1.1412422279899632	109.38193053903085
151.04561051151146	1.113135560951581	106.68805764660311
150.16383006893622	1.1062999179249657	106.03289802107494
149.0714413479854	1.1320647303476197	108.5023167418749
149.57186860316207	1.1515813182316217	110.37287674038346
150.3010026264818	1.1209890685452566	107.44077411733183
149.2761729959116	1.1605713870815049	111.23452649567773
149.49002586765707	1.1209030424082083	107.43252897470006
149.3334803280966	1.150085854700835	110.22954460279136
149.69238148722857	1.1378557416067807	109.05735402998504
149.8582271136912	1.103117944388208	105.72792296859403
148.76251581465092	1.1562041613712124	110.81595139604018
149.61223007137812	1.11804493619658	107.1585948637409
149.689715255364	1.1207195645399552	107.41494360767763
150.1291840560374	1.1259147014685524	107.91286954550891
149.56717572844641	1.1139149769405343	106.76276047784593
148.47395547016222	1.1408807844610558	109.34728812044249
149.6203730112325	1.1271480050335647	108.03107506014301
149.43317883035888	1.0994206830038158	105.3735603468704
148.48924189641406	1.111154286649961	106.49816315906713
149.05519261131616	1.1141999179270967	106.79007053914184
149.54267013258536	1.1283812598864769	108.14927590598425
149.9474406795625	1.1159199484641944	106.95492621668295
148.91118969288326	1.0938927176160689	104.8437345910099
150.25756419883433	1.1125761302021693	106.63443921760289
149.5780863214853	1.1022908936038478	105.64865459836689
149.2227525649243	1.1135068533616987	106.72364402749325
148.6648467997715	1.1017533929271874	105.59713804891123
148.3858158359708	1.138125083699041	109.08316902114494
148.77798175328545	1.145913888606466	109.82968408733429
148.1192548706111	1.1238116713285802	107.71130541560716
149.23340592342055	1.0993815110785783	105.36980592848286
148.10539422938288	1.1304578784642874	108.3483086296806
149.11429890630663	1.0964047316249208	105.08449762543886
149.31600895517428	1.1151606496353303	106.88215150705497
149.68133898372417	1.1015094598129074	105.57375837165434
149.163925280166	1.1353514523574872	108.81733137221998
148.53790224704792	1.1494847642427366	110.171933314738
149.1456881822437	1.1266813425443418	107.98634797002188
149.56372391642546	1.1178946362011428	107.14418941741432
148.91380882055338	1.1339127258823714	108.67943717631124
148.30657927700398	1.119278835225338	107.27685745037292
148.64715993797873	1.0945854054424073	104.91012499424554
149.13044255322887	1.0966737863767966	105.11028507656806
149.0614892469045	1.0980265564990486	105.23994081828387
150.62754454014745	1.1164628394739082	107.00695940057537
149.07856505021564	1.1432997344022913	109.57913146444108
147.8616442257958	1.1485167338793292	110.07915280997489
149.29880073357708	1.1270125157798139	108.01808914376252
148.85320966123044	1.1555350838997156	110.75182391835177
149.32709319850937	1.114708021737076	106.83876955700734
149.2930353840643	1.16859028862186	112.00309508679207
149.2572612201021	1.10167526375812	105.58964978819462
150.125316943885	1.1255573801153278	107.87862221529281
147.71473860206697	1.142810832169719	109.53227281451383
149.11469808038197	1.0985554034119522	105.29062795101896
149.3706217801953	1.113097371775673	106.68439741945406
149.01880366227965	1.1247784004070844	107.80396119920998
148.91115001065774	1.1421998655635397	109.47371495077574
149.52317813543658	1.1046041481734292	105.87036760936782
149.20833977999746	1.164153360046364	111.57783934235094
149.14508888086758	1.1276472345358735	108.07892352333978
149.64380003635918	1.1144845407650363	106.8173501076031
149.51701093565492	1.1001991051404416	105.44816792271206
150.93059366025926	1.1119816389192603	106.57746042500445
148.83777615030795	1.1370751390015128	108.98253746794948
149.55389628076156	1.1240800286478576	107.73702602157225
151.04077161022644	1.1140710395894862	106.77771824352328
149.40855551589368	1.122798942288351	107.61424078303718
148.8430431026378	1.1505890824221288	110.27777627377748
149.2041505376912	1.096546665737097	105.09810124684228
148.7058354759858	1.1550447756015716	110.70483050460054
149.64901727471673	1.1077279713070693	106.16976925841287
149.11827754903612	1.096226197938674	105.06738613167447
148.8814143815379	1.1327166220305303	108.56479705414365
150.14019821673983	1.1120565644068967	106.58464163008365
149.669786142053	1.1227674489867687	107.61122231943529
148.60064176397083	1.143831647506804	109.6301124751535
148.44053141194743	1.1147610341146503	106.84385050832455
148.6255854355796	1.100772777243385	105.50315130886563
148.66194433158043	1.0949204360594416	104.9422358772659
149.2796490935064	1.1129281534444793	106.66817875237832
150.06011069817623	1.1425145571256916	109.50387644475862
149.85206592194243	1.1032367898746551	105.73931366938007
149.86004984825988	1.1045276358993963	105.86303431934543
148.81633379478473	1.0943797687886572	104.89041582679175
150.19089994607018	1.1057433808493295	105.9795569351454
148.92615314117893	1.098462269619853	105.28170157787187
148.43215426275808	1.15779331870568	110.96826358087797
149.27212245292856	1.1504820039592143	110.26751337892003
150.07727647156133	1.1131158882795575	106.68617212677917
149.25217086735427	1.0974068944031958	105.18054953862047
149.2372782690504	1.1140121751270218	106.77207640133888
149.86882485640558	1.1382258743349183	109.09282926159355
148.4417842411545	1.1219885703762118	107.53657099302202
149.21268966464015	1.16418735994137	111.5810980494533
149.17811937729667	1.1334614677320098	108.63618650923335
148.13907253771507	1.1213489617960117	107.47526795009587
150.30367722209238	1.1135624719358468	106.72897476873726
150.08452053472053	1.1261744879821336	107.9377686858374
148.59990762476417	1.117224711268965	107.07998071517684
148.54663189457276	1.1274305954386579	108.05815983084531
148.9049469165036	1.100005777737699	105.42963853077454
150.70021946677952	1.1106227104068944	106.44721443471286
150.546544813828	1.1282212423667872	108.13393908721395
148.99677128876874	1.136063878934418	108.88561362855503
149.44059349997406	1.106779556115755	106.07886876241456
149.2576353442607	1.1051883609852529	105.92636126578505
149.85975058647844	1.1147009675471093	106.83809345083286
149.446048080576	1.122289052569263	107.56537059538728
148.80124632588098	1.1418911750154859	109.4441286217238
149.52327240270017	1.102985054611081	105.7151861980693
149.85239231407945	1.16514849648438	111.67321781860274
150.24477648926512	1.124148913551341	107.74362826914354
149.45132884511486	1.1636242483091022	111.5271268276252
149.46783487176003	1.108768985811721	106.26954490064307
149.06566107164457	1.1164171620273389	107.0025814629515
150.13696079560586	1.1379139001517298	109.06292821377164
149.73920371690352	1.1015757081742379	105.58010792083823
147.83933603005136	1.1471622332220137	109.94933120577916
149.28678957640756	1.1297137555400218	108.27698844890017
149.0849590346121	1.108542296048007	106.24781790581206
149.96791871473175	1.1070395503377743	106.10378781047989
151.01258522945548	1.1144673411601347	106.8157016179639
149.82796254962827	1.109426962666501	106.33260844391258
150.01476155140026	1.1036878083627326	105.78254136611682
150.69622805640427	1.1103784872349363	106.4238069569873
149.43613375756433	1.098764554223614	105.31067393161122
148.77576814734303	1.0932741839773026	104.78445146788998
149.60592503760716	1.1629904115380931	111.46637698157218
149.62866652459465	1.1209203478638126	107.4341876095599
150.0055652911628	1.113524969964567	106.7253804064564
149.5723810831357	1.1219369798142211	107.53162631508273
148.6171246246705	1.1413202821261323	109.38941160824764
147.77544007842857	1.1348006577587981	108.76454067182573
148.94449915887236	1.1519065635697534	110.40404975704122
150.4065119207052	1.12236321125006	107.57247830615442
150.20769421108005	1.1137492931525959	106.74688057773422
150.87769634251993	1.112330120085946	106.61086047087875
149.4031338107097	1.1258181811804866	107.90361859493429
150.00387116260598	1.1500368283795073	110.22484569353045
150.2539297238845	1.1184494867204633	107.19736885599042
149.8827880145965	1.147146947530387	109.94786615443535
147.93785050765186	1.1308723477159304	108.3880332786481
148.81597763378704	1.1220768943961004	107.54503637536719
150.8629075305469	1.1203311499076705	107.37771615386727
148.56286670606292	1.0958447733210728	105.03082863318282
149.88865537976096	1.1553206224830175	110.73126894482446
148.52098574497575	1.1482276245554213	110.05144323595958
150.513058239411	1.1236968544281245	107.70030083312474
149.94514945479654	1.1455895621298713	109.79859913861368
148.6776546905139	1.1450982874784206	109.75151310509457
149.34672707196046	1.1322144432436172	108.5166659178773
148.5509648058801	1.0988111335089596	105.31513830563216
149.43562334261028	1.1666457712386145	111.81672355222248
148.28783734131616	1.1388059670029436	109.14842802438373
150.4363307179287	1.134818247532551	108.76622655705118
150.0098556500302	1.1268123946005117	107.9989086048752
148.7701820548128	1.1625293447023	111.42218620474175
150.70580269017168	1.1100008770219383	106.38761504866498
149.2206569949435	1.146075606708323	109.8451838977605
148.75757712271474	1.1061956346472004	106.02290302968295
149.50087113685476	1.101088725303519	105.53343323142327
149.78796470727752	1.1230414152351542	107.63748051109346
149.6205620913279	1.1128954685834347	106.66504608420956
148.49378991206123	1.1033806779928752	105.75310457175516
149.04933538535096	1.0960798543129753	105.05335988211199
148.8610280584519	1.1046724328535706	105.87691232875947
148.9321615132288	1.1202564769483414	107.37055915226837
148.7393166416608	1.1189692921494594	107.24718941111344
148.82116211591241	1.1087418689967832	106.26694589975158
149.63043625270632	1.1133212905420382	106.7058588290902
148.60061554444806	1.0951816251800746	104.96726944993782
150.8886731160408	1.1126520156515167	106.6417124298499
148.9616097195711	1.1353477818380107	108.81697957266633
148.6969739480107	1.100192946248644	105.4475776260526
150.08452053472053	1.104362271150092	105.84718499737119
149.27626657850627	1.1550032837267172	110.70085373151771
148.77783681048453	1.1018228853494683	105.60379852389234
149.07198620582963	1.132298975260683	108.52476785714335
149.00166467952653	1.1565703881623155	110.85105226458805
148.64926035821807	1.1032767167723492	105.74314044781774
