135.87066167426767	1.0718629689339252	102.73230164448584
136.23136385683833	1.074135639178554	102.95012486618167
135.24602509640283	1.0170004439976483	97.47402365178921
137.08332428511346	1.0700515341215129	102.55868535868099
136.51067514660778	1.0731200196324917	102.85278319417124
135.70214380230968	1.0503136980448893	100.66691991066865
135.7148395901934	1.039834380508483	99.66253367718474
136.99844257325861	1.0450356351229113	100.16104596230518
135.23094190148984	1.077858528563493	103.30694379394349
134.71309462925322	1.084204631710865	103.91518365453992
135.72219625078063	1.0192012890817126	97.68496281808372
135.48389009458757	1.020483409482127	97.80784716387925
137.43790529103345	1.0262545909256318	98.36098387079329
135.4309576154045	1.0711468980351069	102.66367009949514
136.00504816903523	1.0280291443210634	98.53106527110984
135.61498453172678	1.0229905901246572	98.04814694613765
137.65685225982634	1.0252237395815986	98.26218231285611
137.807012841694	1.026406541299706	98.37554749703733
137.2157326149726	1.0317657189979657	98.88919586051385
135.43935767066415	1.0640412776833692	101.98263459915322
134.90711754706302	1.0972467096914997	105.1651966953954
137.08894172727997	1.0403669491076408	99.71357751353396
136.64461176240155	1.034589682898567	99.1598576145609
136.55584017390984	1.0285412140665702	98.58014440256889
135.68610702049986	1.086199887042623	104.10641814863183
137.1340632580181	1.0786804891235247	103.38572429354134
136.43594587784224	1.033082875039433	99.01543818410067
135.26952600177503	1.08263949081198	103.76517331590468
137.34615384010033	1.027886584836827	98.51740171115736
137.25755039208568	1.0678746039293532	102.35003830617354
136.8083014707765	1.03938551067818	99.6195119177413
136.02921396607923	1.0969091260023074	105.13284111413778
136.6257517842544	1.0256711238596146	98.30506169010137
135.9119162856819	1.0366289349437476	99.35530895704267
136.41199669455327	1.0469101481444394	100.3407079552516
136.11899635099488	1.0323656090758617	98.94669209857986
136.33133843938322	1.0686468991525446	102.42405865030989
135.3211515424717	1.087655502129033	104.24593102711488
135.29724085067173	1.0538204420176276	101.0030224629899
135.68355524941092	1.0178486855784172	97.5553230458989
136.00923733078912	1.0189265722448477	97.65863268655609
135.86357963910234	1.0692003257205938	102.47710161081393
135.63567001627894	1.045407664890204	100.19670301491541
135.72010263440666	1.041797896779011	99.8507261529341
135.91029653286816	1.0580260253473428	101.40610500967874
137.31385585654172	1.0346558721376438	99.1662014971947
136.71238688699083	1.1012993117222487	105.55361680723307
135.43092841692956	1.0404884594767545	99.72522362899325
136.18036955569073	1.049420316716694	100.58129411450649
137.45022632016602	1.0259385749584449	98.33069543970977
135.8761945290245	1.0561754015509077	101.22873267049351
136.32566081500934	1.0377031792670168	99.45826949869448
135.4248554624212	1.0721032134606518	102.75532779046107
134.88667648340356	1.0382227896005167	99.50807135496329
136.53742808536626	1.063330645213396	101.91452429832225
137.05816340582257	1.0243294843661899	98.17647275930385
136.1445035192608	1.0606257337314504	101.65527307840068
137.4014842317344	1.025615150715247	98.29969696520851
134.9567559527944	1.0415930555682178	99.83109322441025
137.13489659984225	1.071218333923176	102.6705168452211
136.83052977767312	1.037855973523276	99.47291400650799
136.7681800253693	1.0233825273239106	98.08571201904937
135.8787256994189	1.0566484272401113	101.27406963911477
135.0153062980964	1.034713231754822	99.17169910805073
135.03005229841503	1.0363004114895373	99.3238217505868
135.99072284628613	1.085313816298969	104.0214930326854
137.49236181663989	1.03213391773798	98.92448572976078
136.89810958912173	1.0302257222910955	98.7415954574707
135.00515251228498	1.0358788615835088	99.28341845897258
137.02396605515187	1.061005797568349	101.69170015337956
135.11416556584697	1.0344849795140925	99.14982235819997
137.04011986793384	1.0711884281869337	102.66765054121994
136.89015342892904	1.031111527774407	98.82649514963974
137.04757712355115	1.0536613024382748	100.98776979007977
136.85784115846937	1.0218071094647876	97.9347166890395
136.90563704349339	1.0315307955831057	98.86667971449685
136.16309926558986	1.0845540277030807	103.94867138152182
135.96097302297764	1.049533805432504	100.59217139763294
136.13274391721959	1.0500370095015796	100.64040080168114
136.62927261031	1.0237482990436717	98.12076927145628
137.00356031589834	1.0335519877347237	99.06040011329746
134.998342465534	1.06987775095242	102.54202917643995
135.46875310947823	1.0543990742766796	101.05848125343334
136.821345887539	1.0252752139734775	98.2671158565149
137.3526863801189	1.0418829267273095	99.85887581623118
137.4024428891313	1.0239230130693138	98.13751467129188
135.17043595611688	1.0190624983989829	97.671660477489
136.72205037483775	1.0362026075674833	99.31444777059713
135.67727897434338	1.0203397574346085	97.79407888761146
136.99623939077514	1.0413666521353213	99.80939367284837
137.58004531930223	1.0267335026106508	98.4068849804616
135.34804613099237	1.0406114581167842	99.73701238721665
137.32148264740022	1.0289314968180232	98.61755090555575
136.3995853068521	1.0213731837089575	97.89312723877275
135.3803501288863	1.0698321199581426	102.53765569101849
135.5110767466319	1.0333315482856948	99.03927217751803
135.7117387348644	1.0284135536396586	98.56790883714154
135.80094975149044	1.0228474357696375	98.0344263710195
135.38038902534817	1.0221523117949602	97.96780247606594
136.7258465069338	1.0508827865596846	100.72146398454642
135.767521739822	1.0664459355090168	102.21310812072836
136.3223474912034	1.0250385131237352	98.24442935292254
137.53492569659232	1.0296783508556948	98.68913284886962
136.46602359942918	1.022067241395373	97.95964893573037
136.83361471891826	1.0283745520971468	98.56417074902203
134.8923645403334	1.0972307398757772	105.16366607443585
135.09006113687653	1.0495418199133597	100.59293954252519
137.30565601745639	1.0247662458237932	98.21833399633663
135.79931363361425	1.0189057121916818	97.65663336263476
135.5858444234451	1.035736390893327	99.26976340945276
137.01728349397683	1.0224175133314402	97.99322061722006
135.82412508459436	1.0316091474196658	98.87418931669525
134.99678737689263	1.0387110207054213	99.55486568091258
135.13280969294846	1.0308103915427145	98.79763286118781
135.96278094729618	1.0902389856172439	104.49354402681425
135.48817672366647	1.0386623976481613	99.550205422344
136.82517897264992	1.0623500274642739	101.82053736032685
134.91594223318046	1.0575363751073976	101.35917466726717
135.2015532944721	1.0166731855882467	97.44265769307549
136.14596255534073	1.0250175077370487	98.2424160995648
134.80099944848175	1.0595035525216756	101.54771804395722
135.92834226815197	1.0423943474412918	99.90789274150877
137.6154962451572	1.030749452016968	98.79179213534644
137.02337491032063	1.0225629041885778	98.00715554903944
135.47053543900498	1.0392655139327562	99.60801087497322
136.58852857921502	1.0439689183097218	100.05880689201541
136.98734746822714	1.0577181167683163	101.37659362815305
135.50419601621283	1.0489782888664756	100.53892812206152
136.76456039080114	1.0477536217733678	100.42155036681699
136.9445807611918	1.0287247265853163	98.59773309065476
136.15197655821106	1.0208573154062799	97.84368403603555
136.26649625114615	1.025443022611506	98.28319941208137
135.13736032721275	1.0445386081405577	100.11340859880208
137.15208844392728	1.0246886542703506	98.21089726318662
135.7634290914542	1.025753667703614	98.31297307367036
136.6390605165814	1.0371779467936544	99.40792879055283
136.84785366843343	1.0754118008576838	103.07243810058503
135.62986793450878	1.0871491412347045	104.19739905834196
136.86707125082174	1.0389975021861073	99.58232339028628
136.6507804814928	1.0857209543298907	104.06051502357028
136.63989615157845	1.021594052501961	97.91429632486334
135.2200127240088	1.0739072201898723	102.92823213443639
135.5942676300445	1.0236403394868085	98.1104219284819
137.46834953745486	1.0381227750796207	99.49848550096206
136.09310702248223	1.0448772324468565	100.14586391761345
137.34811956571136	1.0691057235123367	102.4680344978745
135.96024593961377	1.0600532365742177	101.60040230447522
136.21404792266668	1.0502346405941694	100.65934267914746
135.7546573445818	1.0328230872216109	98.99053891876771
136.0516581780343	1.0626440455069	101.84871740863473
136.5520956780456	1.0520878789864576	100.83696561328527
137.78276407066596	1.027501554702002	98.48049864322846
135.4736716966568	1.0701583285464245	102.56892103002328
136.89147271054176	1.0616888775929145	101.75716970048107
135.4895796913082	1.0207261135635677	97.83110904494762
136.24446796924872	1.0641799641863603	101.99592695468021
136.25566868934428	1.0449241653272692	100.1503621818201
136.0115680581392	1.0476051323575413	100.40731845480971
135.8178427835732	1.0197092177284266	97.7336450474922
136.15456968351222	1.0297381769360587	98.69486685695861
135.18470847519222	1.0586157788596393	101.46262971244127
136.24176196545193	1.042373615471309	99.90590569367181
136.74577809330555	1.0282448422393666	98.55173875666671
137.5888349096111	1.0246580337245756	98.20796244853564
136.92630549135046	1.065113584322659	102.08540942421546
135.83527031773758	1.0206523187440346	97.82403620832596
136.25401905694957	1.023712098543487	98.11729964818124
135.14345099966488	1.0358689200626021	99.28246561765405
135.79953896436123	1.0351153846787988	99.21024330324228
135.42872884191164	1.0825185280041196	103.75357968124702
136.47439359330215	1.0234704060958053	98.09413472676864
135.270001554026	1.091904152395433	104.65314130809307
134.93344130193435	1.0320072558577957	98.91234586966756
135.58918232166357	1.074632747631959	102.99777003824693
135.9153522814824	1.084506785362799	103.94414345725085
135.87798007135405	1.0265266927837056	98.3870633706658
135.70871630013352	1.0424917153033932	99.9172249274969
136.79032192871267	1.0328152405074214	98.98978685340825
136.0451532396785	1.0517772420884786	100.80719273705947
137.07470868102828	1.0616205144338262	101.75061745930438
135.61537512173726	1.0226683737455917	98.0172642389182
134.93455084929622	1.031813869412783	98.89381081884595
135.5390371505003	1.0573144191181172	101.3379013792598
136.3217738614896	1.0203857921871475	97.7984910710911
137.42398196120405	1.0570430750559856	101.31189451005334
135.1046619221479	1.0648820690532554	102.06321993061322
137.64678392111318	1.0319839823783092	98.91011523181157
136.8212859977525	1.0835214255676904	103.84970201964792
136.18261874190065	1.019369134044728	97.70104985520484
134.74028188189814	1.0841592394197805	103.91083304753587
135.46346488960813	1.0227068629687148	98.02095322397929
135.85057536981128	1.0450774601410242	100.16505466537785
136.53334728654545	1.1006940394132072	105.49560471125464
136.12591405225663	1.019195686232265	97.68442581509342
136.982011022328	1.0232711135410817	98.07503360709126
136.47633752014406	1.03644715397139	99.33788622836678
134.98578705425837	1.0239976911579645	98.14467216450868
135.40383873928508	1.03211805428592	98.9229653031863
136.0371535110005	1.0202906213561813	97.78936945872277
135.45342545387592	1.0224748006587738	97.99871129948322
134.89221992174734	1.0471750443078727	100.36609682804134
135.31859683210862	1.0368716224645818	99.37856925086592
134.94596595963384	1.05269339753412	100.89500130991135
136.1446711092772	1.0590981799498131	101.50886526282943
135.87779366590118	1.0212494587985272	97.88126887143696
136.76873844795077	1.0309520049907621	98.81120574865888
136.382077470988	1.0414732218134453	99.81960780341961
136.57882929440967	1.0745162405565032	102.98660346157963
136.38877098040953	1.0206445068347578	97.82328747883021
134.98884838944684	1.0599624650566541	101.5917023426393
135.41870531537475	1.0485936614771973	100.5020636551275
135.5683090778464	1.0909209641466198	104.55890800152511
135.31765462960485	1.0779296650060495	103.31376183942733
136.17312937925445	1.0237086532278432	98.11696943320392
136.33835220725842	1.054484610074438	101.06667939968095
135.7510354852599	1.0399600158948545	99.67457515336595
136.95355563227844	1.0227866500011022	98.02860038198
135.79568887291464	1.0251138297696556	98.25164804841982
136.1596281084723	1.0288921995050966	98.61378446943247
136.49585006172074	1.0857122188598098	104.0596777757379
136.98946016718293	1.0659171557565048	102.16242742495567
135.23072853452487	1.0963797110884668	105.08209954156732
135.4827502958433	1.0265033236172236	98.38482356172587
137.25451127927155	1.0382960592812371	99.51509385985368
135.1969393729007	1.0161804424111314	97.3954309092684
137.36981797646828	1.040805850892903	99.75564388946324
137.04379824949757	1.0263639976997772	98.37146992176176
135.8105518906976	1.0195996727816738	97.72314575342234
136.3699995451772	1.0779626057057183	103.31691902835244
136.02467900053335	1.0594478984790452	101.54238390324993
136.96775641276605	1.0635170627023043	101.93239141217673
136.33083395761236	1.0641705259449035	101.99502234999058
135.36607693373617	1.058882338546841	101.48817802503864
137.75944102187563	1.025783596138267	98.31584155319214
137.34709133087594	1.0334541654082798	99.05102436934598
136.0511857815253	1.0236320849756333	98.10963077797427
134.75421693816983	1.097922507819018	105.22996831182323
136.9147253789169	1.061442287585625	101.73353537431662
136.09050693983806	1.0734226165959693	102.88178548590969
135.57750054607254	1.0776707691914618	103.28894806780764
135.7396722034717	1.0813115707903942	103.63789932270664
135.89633916708564	1.0374665164756454	99.43558664279232
135.3296713142605	1.0813613424689237	103.6426696704472
135.7169721394509	1.076262246312702	103.15394872419023
135.18448559098087	1.0186912359327993	97.63607696656392
135.15973149192155	1.038355801035441	99.5208197857337
137.26240125804787	1.0553521665499574	101.14983002258691
137.27679544764854	1.0768424172052178	103.20955498437715
134.85239615668755	1.0579428318714756	101.39813136238861
137.11119663387893	1.0917440896892758	104.63780015844283
137.28844452189216	1.0466932721376336	100.31992155624691
135.15548901197727	1.06294893453255	101.87793938220692
136.70875107412857	1.047969856661012	100.44227531799764
135.22875977714114	1.0543824460457443	101.05688752691624
137.71160813171136	1.0331692892638036	99.02372052281535
135.01289086712654	1.0289468690257344	98.61902424900101
135.36125519673516	1.0179526483734163	97.56528732074113
136.8179821812134	1.056521350626933	101.26189002909432
136.5020514962854	1.021543870324898	97.90948663304582
135.74113041087432	1.0284422795689125	98.57066206298725
136.76079144302656	1.084954571887466	103.98706138767452
137.72306980476435	1.0266011586035975	98.39420051906356
137.17618847916836	1.0231137228457745	98.05994855531229
136.75471980388005	1.081400698425749	103.6464417272728
136.61324177447727	1.0642064992719242	101.99847019993948
135.68729984231055	1.03983206602221	99.66231184612158
137.05676982620906	1.022633210565963	98.01389403724028
136.86756076972927	1.0561881597920288	101.22995547929771
136.40743000567525	1.0499645520165557	100.63345614138066
136.37987948564782	1.0203156048091282	97.79176398833957
135.70176238642642	1.017972437089224	97.56718396273774
136.5363954454907	1.0292894771320673	98.65186139362284
137.06870165096424	1.036244555342569	99.31846823926553
137.76123942080562	1.0265702674930566	98.39123977223471
135.3233275082985	1.0991479340913461	105.34741883031357
137.12057096182482	1.048045820541297	100.44955604742827
136.39761440452017	1.0202426823437183	97.78477476216956
136.58774342911016	1.0527949249745383	100.90473216911307
134.75188938657942	1.0709000624557201	102.64001223656572
136.17896879323067	1.0193632047838264	97.70048156743195
135.503582054229	1.034945059218448	99.19391852379039
137.06868159523663	1.0375236046249172	99.44105823490932
137.66328160044276	1.025269900328753	98.26660657224211
136.3863053762824	1.076949416559206	103.21981029706942
135.14723742133427	1.0170457440491452	97.4783654181248
137.70069701213555	1.0340015829686788	99.10349139878011
135.06157664399643	1.0550574276397382	101.12158088299667
137.3392794164184	1.0259913617578937	98.3357547705767
137.04944160035686	1.0716496697671591	102.71185806636454
135.2726123098146	1.0759974694180237	103.12857128266928
135.95461627920412	1.041687824722803	99.84017633825748
136.20787908298092	1.0223794846723129	97.9895757747413
135.7739550500918	1.0869087833200803	104.1743620447465
135.43834531500355	1.0320840091607284	98.91970226101387
137.4374306861552	1.024204337737705	98.1644781279378
137.15191770318737	1.064041344122026	101.98264096694118
137.54463861915204	1.028196465175286	98.54710207522155
135.4369728233529	1.035580769454287	99.25484793137284
137.3639185939831	1.0266179016218824	98.39580524733083
135.91289797706068	1.0902470375960207	104.49431576568061
136.51504207365244	1.0698456226670525	102.53894985305688
136.2404287644837	1.025887249076273	98.3257761299078
136.09238804797477	1.0222222725128063	97.97450783465872
137.19774612990568	1.0395245704979459	99.63284005367368
135.21272130907593	1.0171520124925053	97.48855067696385
137.52568997138172	1.044792056135211	100.13770022617665
135.73779322726637	1.0766623647327325	103.19229792311904
136.1922380107109	1.0200762447517566	97.7688226139958
134.665509227021	1.0852875834126021	104.01897875159408
135.6048301461107	1.0865450558540781	104.13950072306945
135.9332523522959	1.018486916011065	97.61649400079315
135.93562898914473	1.0359432582459032	99.28959053277094
135.38996809386856	1.097007495433846	105.14226929517055
135.83499582608746	1.0231027976362441	98.05890143272894
136.95700790655968	1.0395120441751655	99.63163947299529
135.84309389903336	1.0710215835879286	102.65165938360977
136.49585006172074	1.0244472702107719	98.18776189911533
136.82674622418673	1.0423025088104603	99.89909050260452
137.27047360116623	1.0354284597562131	99.24024986585569
136.93545735098826	1.0389989950046683	99.58246646891773
135.14152399159548	1.0848824908008765	103.98015280313994
135.8608530018527	1.075271456604153	103.05898685858334
135.53480515078243	1.0189888847030761	97.66460500059293
136.91692520771113	1.022027394863733	97.95582985994685
135.84146634663983	1.0409457155033301	99.76904916025275
135.40192232538604	1.0471032593359275	100.35921662450305
135.2127503953101	1.036913502822539	99.3825832579651
135.68680120059076	1.0689932314072632	102.45725273452791
137.37065503632434	1.052861744227243	100.91113643516526
135.1550822154275	1.036853897294164	99.37687038859826
137.49973142170404	1.0269319148027578	98.42590172211632
136.06623556491718	1.0572949189952778	101.3360323973473
134.6078404016969	1.08479090102861	103.97137441599088
137.0931852951434	1.0268786536685561	98.42079692881408
137.14417468492292	1.0362083272031286	99.31499596691647
136.11915400972745	1.059584563846285	101.55548254378381
137.65141734646895	1.0373462408923986	99.42405887491834
135.97634226082602	1.0230435742777073	98.05322519228596
135.80405556848726	1.0184389843439625	97.61190000825323
135.9052903229883	1.033189864808914	99.02569257816947
135.16744237845603	1.0683079280815295	102.3915700959652
135.05439247558598	1.071775365096851	102.72390528779066
136.7784818594319	1.0985468455005882	105.28980772123477
137.4428737522855	1.0561758464049533	101.2287753073616
135.9501463628258	1.0850105836783963	103.99242981663258
136.02504296451394	1.0860916218335595	104.0960415105377
137.14954747663535	1.023258557493691	98.07383017746882
136.77857162269694	1.0746782615208783	103.00213229974955
135.84181930576645	1.0304322417306067	98.7613892351925
137.01837548953154	1.0461955317376141	100.27221581549693
136.49712997989099	1.0711241072836193	102.661485728522
135.14323796039452	1.0164266848600079	97.41903192382794
136.67343168539702	1.0325018695565122	98.95975193291142
134.92532778532794	1.059539340298057	101.55114810987513
135.26245141941408	1.0495165339281889	100.5905160168216
137.71344548445026	1.0268767016918467	98.42060984234321
134.89441816350327	1.086269131291068	104.11305483748531
135.0268824575499	1.0310718882580925	98.82269591516194
134.92131486420388	1.0588100359733112	101.48124821217186
136.36498106154514	1.0765092239840037	103.1776202058656
135.04438642328125	1.0208184825283155	97.8399621135059
137.50406875100745	1.0292163073084744	98.64484845950112
137.17116464355516	1.0317783578467288	98.89040722620258
136.93102625535582	1.0222479701640546	97.97697081634212
135.15391027017267	1.021388669876229	97.89461150462907
136.2794605251323	1.0214308171297173	97.89865109222968
137.1319046622087	1.0319862698181639	98.91033447062097
136.2809330337389	1.087675508636961	104.24784854331504
137.14878420583912	1.0231054839454985	98.05915890102538
137.4040877840472	1.0494898752882837	100.58796092954316
136.82037767750296	1.029202407620568	98.64351624916067
136.50939490950975	1.0643512626759708	102.0123449937542
135.1840882778119	1.0786714727663411	103.38486012419062
135.0332029849422	1.0925153817543638	104.71172435526942
137.5577134357996	1.0301971864682173	98.73886045229881
136.4362828466702	1.0655063856253633	102.12305731679626
137.58146289534128	1.028690811163639	98.59448247986668
137.1819162316066	1.0235876589049822	98.10537277800294
137.03554980705488	1.0334258127547027	99.04830691996662
135.40743827106374	1.0290031729244187	98.62442067491652
135.12468722916097	1.0200634000457638	97.7675915179986
137.2992098626178	1.0235081420205996	98.09775151223577
136.8706878019726	1.0793566736814524	103.4505329472459
135.9683033423488	1.0188332126286646	97.64968466938495
136.22874735914183	1.0275602766824756	98.48612682928024
135.65051983052098	1.0186220062507996	97.62944167382587
135.3394944432764	1.0602585666920317	101.62008209210792
135.96645593183555	1.0253051820863313	98.26998813897882
137.15587501190427	1.0317655393987664	98.88917864689641
136.47348116179168	1.084704308088915	103.9630749483734
134.55586467764198	1.0920283649865605	104.66504641700121
137.11561259976347	1.0237829422405136	98.12408963558026
137.38164898326514	1.0240626707159226	98.15090010571232
136.9946771891467	1.0235848580249318	98.10510432871179
136.37267229859643	1.0314046602696325	98.8545903229913
135.9860730754236	1.0352432756465648	99.22250096477082
137.2999450874431	1.0265708467350065	98.39129528946076
135.2315529113208	1.016803110732808	97.45511031951108
137.0615121561147	1.0624218501380795	101.82742117738573
135.36457009677653	1.0250795902637084	98.24836637589722
136.30008913473685	1.020541781381709	97.81344179656016
136.39992205105474	1.0215582286251075	97.91086279890932
135.59294989554363	1.0943733986275117	104.88980528110143
135.2618012619786	1.085736717741486	104.06202586180417
134.7829535743387	1.0577024561112582	101.37509263838899
135.96928603261918	1.0482273230872747	100.4669520904329
135.24525871534829	1.017538770809198	97.5256193818315
136.4250946133041	1.0294333014352353	98.66564617966833
136.6103086054054	1.0578611237829436	101.3903000814869
136.6582037762034	1.0289514383083826	98.61946219017162
136.8994190703216	1.0837263096697332	103.86933905906739
136.77177995829354	1.023260031166422	98.07397142107543
136.08670552445682	1.019922332551151	97.75407095722841
134.89419640723477	1.0783993483812588	103.3587784652255
135.04428975498442	1.0239344725438533	98.13861300030334
135.17876842469443	1.0899991271597191	104.47055488349595
134.57372489414914	1.0772022395470258	103.24404202089994
136.14809202875682	1.0209435617260783	97.85195028199986
135.84872206769617	1.0608972169936883	101.68129328918882
136.19430020643497	1.0831423938950293	103.8133738720608
136.1923268118033	1.020310871026649	97.79131028074481
136.33596801881004	1.0371493829267275	99.4051910975097
135.91112112839375	1.0274240629417466	98.47307147471881
134.9346183876539	1.0735390449340814	102.89294451602602
135.29339588056237	1.0588564224538175	101.48569410688575
135.25358274940987	1.0444295871843217	100.10295952640551
136.01006340013265	1.028418768581426	98.56840866126667
136.86175676142204	1.0657291184207878	102.14440505749529
135.89011739344176	1.087527236001804	104.23363740856922
137.3114380813158	1.0269079379691715	98.42360367155214
136.0151872724954	1.0686635110910883	102.42565081528883
137.03553978542163	1.0582699988965467	101.42948856240565
135.38530964359018	1.0730711828582624	102.84810245198042
135.6890402345173	1.0237305947681588	98.11907241185283
136.49344905618275	1.0227967162167253	98.02956517461654
134.9859705366196	1.0631630772401461	101.89846380918065
136.03013871188097	1.0198206869494957	97.74432877290752
137.17223970440736	1.026369765592451	98.37202274325779
134.6857183995503	1.0984428735459175	105.27984256848727
135.30577645097753	1.0761607758808844	103.14422332895631
135.0438257494333	1.0854702367444093	104.03648509123214
136.61544921325327	1.0394182725239156	99.6226519644787
137.4222859696336	1.057130982253121	101.32031994217905
137.66743979756663	1.0260030140499425	98.33687158010954
135.508747340036	1.0623258509406164	101.81822017054319
135.2685846141715	1.030711957251201	98.78819846367523
135.21534882558976	1.0843296719014188	103.92716808440267
136.16778370265584	1.0562592853731125	101.23677248376778
137.21724098202807	1.0462217702325556	100.27473063413993
135.77413131561207	1.0223112888920558	97.98303957592549
137.28701467891173	1.0240161255544882	98.14643900228478
137.05910584721272	1.0431317039582668	99.97856439853668
137.04993279057703	1.0255327384333532	98.29179819115987
135.321501245629	1.0172160937023476	97.49469251633143
137.1654581427933	1.0895733561774372	104.4297470244216
136.34591106868953	1.0202924831040538	97.78954789724483
137.01086221039984	1.0226062506548628	98.01131007473785
137.31181081445135	1.0283325253743412	98.56014271363921
137.0480883445773	1.0290387010068835	98.627825850569
137.63176106645295	1.030061004160213	98.72580811039501
136.84192197843316	1.0945070676930162	104.90261674222653
136.6811169390676	1.0811366524949027	103.6211343447044
137.23822178955962	1.0232808995474156	98.07597154317425
136.20651709655004	1.0195951855498888	97.72271567638576
135.70188952476505	1.0491331509462565	100.5537708196399
137.35474308785223	1.052565273795258	100.88272133852502
134.92498050222804	1.033276133475251	99.03396096592934
136.0350873486267	1.0299546401505253	98.7156136920374
135.31370143522383	1.0932184534776743	104.77910999919058
137.10795514666955	1.0330442596936156	99.01173711085754
135.3528570231355	1.0215879375154246	97.9137102362871
137.7743076215903	1.0285830987672426	98.58415882589397
134.8693265636466	1.0964010081995421	105.08414075513896
137.68851985440907	1.0322940311280124	98.9398317371879
136.80494855879732	1.1001501462336456	105.44347547477149
137.3084663841261	1.0236502335828106	98.11137022437835
136.48426271609935	1.0791790255789298	103.43350633191925
136.01502007530968	1.0481998769910976	100.4643215297053
135.74087595583288	1.0357694086422382	99.27292798313341
136.24907045746122	1.0658259464132036	102.15368549987718
137.3912428228594	1.0364371722044068	99.33692952967824
136.12376572725165	1.0558157728351107	101.19426419198265
135.8290749786305	1.0670782915059605	102.27371604255006
136.6151509054578	1.0373263718822687	99.42215453714273
135.95196375786267	1.0185883274831855	97.62621374505716
135.07845283820055	1.036670967793007	99.35933757961314
135.10983937295984	1.016761677702225	97.45113918633523
135.19612519028252	1.0168916860430122	97.4635997866817
136.6127446159962	1.0799799213051968	103.51026788047659
135.51782184840425	1.0222508549825544	97.97724731068226
136.78877568926887	1.0649798706353304	102.07259368632849
134.82655243560797	1.0484776208226316	100.49094178239434
134.9816540282524	1.0241012684816129	98.15459949399481
136.1540372447749	1.023482803783872	98.09532297850143
137.34693004095442	1.0334923882291576	99.05468782118444
135.55208619637955	1.0854191187793194	104.03158570916439
137.3078216989949	1.0335336879283952	99.05864617526782
137.47489725261346	1.027259747445377	98.457322717996
135.3227737947811	1.0840979891732554	103.90496254077877
137.177032530184	1.0293833677065265	98.66086030028953
135.0547115379369	1.0587984152062833	101.48013442414273
136.46754081323425	1.0449127309277753	100.14926625611693
136.76683385187457	1.0303468583653272	98.75320569877829
135.24500649093343	1.0893676489613946	104.41003109395153
136.66922118730682	1.0352109154501912	99.21939941396488
135.7796154101187	1.0935418754218373	104.81010825334172
136.7579997998323	1.060942122974875	101.6855972860043
136.56477039925704	1.0301662232344755	98.735892792849
134.8498623237074	1.0952645643556154	104.97521872390915
136.8530569189793	1.06438897608382	102.01595962109324
135.38286873002232	1.083370774228116	103.83526289887516
136.66902211750363	1.0379578992864174	99.48268304280074
135.57660279923428	1.0212874127740557	97.8849065558944
137.46218653849908	1.0389816998149013	99.58080881798321
136.6629309359481	1.025233198114494	98.263088862371
135.00685273534296	1.06767803664451	102.3311983889591
136.80737341172158	1.0946895434784556	104.92010606499996
136.72837741008166	1.023784162608742	98.12420660131245
136.30519065055861	1.0575124101044049	101.35687775060178
137.1625448488585	1.067524863111855	102.31651752954261
135.555383071477	1.0499695935834723	100.63393934845867
136.48790333699827	1.0733471153586474	102.87454909831922
135.88105094592817	1.0183818613729818	97.60642507866268
136.5868589065391	1.0481633986424421	100.46082527614848
137.18722249051228	1.0250637213589966	98.24684542671542
135.21957637633503	1.078851547853694	103.40211935296217
136.63127182534922	1.0267356916283616	98.40709478603777
137.09673690973003	1.0773336667004714	103.25663860681006
136.13035878877545	1.021194823641362	97.87603238542243
135.5757050667483	1.0306211828782692	98.77949822816763
136.8855361988091	1.0674228541563597	102.30674051971009
136.56707521217805	1.0212864735015403	97.88481653167473
135.2301369303114	1.049676045137842	100.60580430849758
136.12431758255937	1.0579068184789402	101.39467967237559
134.99281774569945	1.0334008318995949	99.04591263933871
135.83720160083718	1.0578483673492007	101.38907744591016
137.5413501886807	1.027044136899457	98.43665760661221
135.9355111369835	1.0638113544708574	101.96059769564275
136.17312937925445	1.0220501530756947	97.9580111121814
134.79616741326828	1.0923064460041108	104.6916989871567
134.88320608088486	1.0868007339755281	104.16400609610497
135.4624910542181	1.0906438412684174	104.53234726387376
136.0077524038236	1.0729610309020057	102.83754497931376
136.09728316934425	1.0273897629316047	98.46978400319452
136.21955604828995	1.0302918762291309	98.74793595668953
135.85694963161853	1.0299467434375331	98.71485683456154
135.71087796010798	1.05222159061415	100.84978115376724
135.35487869176248	1.0184389796329656	97.61189955672951
135.25002208670057	1.031082331522484	98.82369684589536
136.01234498908258	1.0527258697855206	100.89811360058903
135.20469407697158	1.0789681789535828	103.41329781670444
136.2516286597318	1.0229862319253362	98.04772923616888
135.73926117202382	1.077019445822039	103.22652222533061
136.39090990793983	1.0762797835414952	103.15562957326387
137.57241131968235	1.0429678491741678	99.96285979860757
137.25998583355013	1.0234088505123409	98.08823495510785
135.93103294042848	1.048338569550596	100.47761446571596
136.84849281216964	1.0432708143298193	99.99189737958594
135.39327495128336	1.0607040961575644	101.6627836955509
135.72067005539364	1.027212595746902	98.45280348125478
137.02243309987423	1.0452648215789595	100.18301225167049
135.64895650679625	1.0259468742041045	98.33149087777718
135.65960751377568	1.0575768356443394	101.36305259215708
134.88137456395467	1.0538193313172297	101.00291600832956
137.72079554334334	1.0303177157724637	98.7504125379662
136.16912500441512	1.0841589832222307	103.91080849237841
136.78164361129657	1.0504188938873467	100.67700236647906
135.67068084608528	1.0214212306301302	97.89773227779553
136.26980619725487	1.0505968084756037	100.69405452303033
137.36628835210496	1.0287525902173675	98.60040366995058
136.61279433163892	1.022843396831594	98.03403926052736
136.00885380278757	1.0455673214832484	100.21200524080766
136.9220551593484	1.0735853455618503	102.89738218221669
136.18473976933583	1.058144975514653	101.4175057435626
137.7004534411091	1.0262325786992526	98.35887411726527
136.032804820957	1.0422611659450487	99.89512801127549
136.69819366317648	1.1015623835152655	105.5788308239289
135.15174078222873	1.018039809276043	97.57364122455138
137.11395656961463	1.0710499338852153	102.65437660715138
135.4417231494071	1.0724431689199416	102.78791069312837
135.75928779358296	1.095267006438114	104.9754527843844
135.8436821826979	1.0443432080253734	100.09468054852302
137.00775703039855	1.1031919421850098	105.73501525949537
136.0515991282497	1.0862930704776128	104.115349279783
137.74655939372389	1.0252988318306449	98.2693795011197
137.3329198596127	1.055855239432255	101.19804685308786
136.35548976622206	1.0241797292690027	98.16211953854436
135.66045772732883	1.0591328759138043	101.51219068440093
137.48834890011136	1.026999268776826	98.43235723833573
135.14713089452414	1.0177591705043236	97.54674350741307
135.4520233858915	1.0269322206735696	98.42593103818882
137.6053345668411	1.0252886034291524	98.26839916383972
136.60126152510057	1.0209661219695116	97.85411256001557
136.7226979900243	1.090225070014812	104.4922102911521
136.75521827064313	1.0324133817806642	98.95127085543814
135.4764477224875	1.057299438468815	101.33646556458243
137.03305447848885	1.081118198516821	103.6193656301413
135.99289549468827	1.019767567395401	97.73923754929719
136.11873030290656	1.0194450610702686	97.70832705230642
135.37388396406172	1.0861623498720872	104.10282041269156
137.7927977242366	1.030821908474558	98.79873669717287
136.3472369453154	1.0215638302655543	97.91139968602343
137.09020573341422	1.0309323149226999	98.80931856151817
136.48805214140057	1.0758951086953936	103.11876055784852
136.2982404469261	1.021432132436556	97.89877715731713
137.7469149163823	1.0331726583372367	99.02404343038675
135.98437251681966	1.018896393624284	97.65574022806017
136.47460186785668	1.0283299745915264	98.55989823482322
137.46172181705464	1.0491392992851942	100.55436010486449
136.09585497032882	1.0266956468717199	98.40325671145376
136.95932956118511	1.0296333573387646	98.68482046222387
134.6360341414291	1.0702747255038665	102.5800770524711
137.07329461134955	1.029458079595798	98.66802103311407
135.84117221574482	1.0606371432839266	101.65636662265082
135.18402044413335	1.0338885238223026	99.09265528757388
137.29410385717765	1.0252604579136382	98.26570156752979
134.92816400923374	1.0748169048457763	103.01542051688851
135.3803695771139	1.0193783051364749	97.70192885503137
135.20791258954458	1.0737673545068722	102.91482676084655
135.10929741217723	1.0423737644782038	99.90591997518139
136.0826089555601	1.0366299955127136	99.35541060687487
137.82311377095792	1.0256421047127893	98.30228036092821
136.10838498446142	1.035476639748874	99.24486765906501
135.84306448501343	1.0478927429973466	100.43488438801295
137.06309636876193	1.0279196078966448	98.52056679385986
136.83099899680013	1.025071804249728	98.24762012832639
136.413324176931	1.0400290467072923	99.6811913855259
135.87362423366145	1.0489559023808315	100.53678249779554
136.6604329537244	1.0848934415413243	103.9812023727244
135.2656537960346	1.0200933560300676	97.77046263800626
135.83696631403143	1.0932279976955959	104.78002476115446
136.73098815114326	1.0267601794106394	98.40944180828639
135.50147709254318	1.0199783405035394	97.75943901828289
135.33117722246837	1.016664204135683	97.4417968691449
135.08354085209288	1.078611368855907	103.37909948758343
135.13493004969018	1.0166388696465614	97.43936869459844
136.56666788897758	1.0776792195400324	103.28975798827652
136.55118194108152	1.0558961112418848	101.20196419625331
135.52874048982326	1.0172483690409215	97.49778593397357
135.28645423358168	1.0785639303697612	103.37455276378616
136.20974446702274	1.0617836628620603	101.76625435882225
135.711660482066	1.09999414640006	105.42852372960917
134.97434470932458	1.0406991119703999	99.74541353772837
135.78084940571802	1.0186209907449035	97.62934434304661
136.33858964250518	1.0358141329409487	99.27721456666055
136.9504637843606	1.0225646978583813	98.00732746264468
136.3772162796265	1.0630345952836442	101.88614950455981
136.32627404918387	1.0204270976772503	97.80244998019776
135.19432239879626	1.0607941168650228	101.67141169627571
135.98667270681102	1.0449440651427215	100.15226947212024
134.9864823589418	1.056404949308985	101.25073358871543
137.49548543241383	1.030030058590451	98.72284214394267
134.7156032430058	1.0918497727971668	104.64792931602477
136.93895847590645	1.0436295018200716	100.02627564668978
135.08053248494514	1.0183054163243672	97.59909823183514
136.91135581627182	1.1012562930673593	105.54949370049411
135.1262748427	1.0273873242610267	98.46955026973353
135.87868645558711	1.0426397448202862	99.93141276066449
136.4129576300602	1.0598562516393393	101.5815223577508
136.9313963328332	1.0223979254457338	97.99134322370868
136.46007414938913	1.0207442025453937	97.8328427765824
137.4225484409459	1.0524912405885887	100.87562565377826
135.51186623266602	1.0182446807322316	97.59327705193373
136.0831308572847	1.071662144783538	102.71305372960022
137.587974112649	1.0252212268719232	98.26194148314578
137.08930286882884	1.082301470913232	103.73277592630684
137.71826757461744	1.028297307038645	98.55676722554884
135.76907859160076	1.0601705246908353	101.61164373973784
136.8735452495213	1.0849104504231109	103.98283258257864
135.22057513261686	1.0163075959079302	97.40761788817045
136.90757655889269	1.0934286831995388	104.79925938752397
136.2264666647799	1.0272716304407734	98.45846163920412
135.10948129115167	1.0203729579007559	97.79726097375665
135.86945511420572	1.026125223789774	98.34858472649125
137.42172065125175	1.0336954081938046	99.07414619305891
137.5663575594662	1.02959705314619	98.68134090059087
137.1506421867796	1.052389871219027	100.86590994481811
136.5734139527341	1.0302116553144507	98.74024721340425
135.68798425975177	1.0905814563290963	104.52636800291394
136.2996541437541	1.0472177424362175	100.3701892140346
137.4952529238684	1.038571410965028	99.54148483804528
136.1372483464775	1.0196156394472422	97.72467607245656
136.55801547715603	1.026959792025969	98.42857360405173
134.90887273187369	1.0729043724927574	102.8321145754671
137.186790332163	1.0230566929354385	98.05448254508411
136.32152660915753	1.0374642215032812	99.4353666820324
137.0859122473775	1.0241124279738125	98.15566907131215
136.7777138909474	1.0305830577986663	98.77584414430476
136.10901550068087	1.0190981008878122	97.67507278459139
135.63641241352263	1.0253339381656106	98.27274425454235
136.52734082908594	1.0207128814595876	97.82984081893657
135.1185985600477	1.0328633224642658	98.99439525041176
135.983389558792	1.0684160312226718	102.40193120072058
136.52721177200004	1.0941873348156022	104.87197206528539
134.9657137674165	1.0364180586411667	99.33509759742459
136.24520868698684	1.044017611611274	100.06347388312165
135.07339429255833	1.032051433816259	98.91658008941991
136.61723909453627	1.027471621433761	98.47762970043327
136.17742010444218	1.0624594882621559	101.83102858917995
136.84914195031126	1.0236120384808147	98.10770942924567
135.16360617881924	1.0378081914213215	99.46833434898323
136.86976865537994	1.061645986187563	101.75305878992604
137.61082547782632	1.0266902361938413	98.40273812707494
135.39066835340853	1.0454590522790754	100.20162821980378
137.33711244494967	1.0545701593072982	101.07487883361082
137.07869034120455	1.0558458442608363	101.1971463764298
135.9507849002372	1.0304104975266186	98.75930517016938
137.1567589180728	1.0694241693758886	102.49855582145788
135.87991283843198	1.0193111063984983	97.69548821735658
136.89844945139836	1.052672154384418	100.89296526824715
135.80007780245126	1.064951005047883	102.06982707499591
136.16669885015781	1.0927936055343181	104.73839060843366
135.22541401583496	1.0161630368134553	97.3937626763295
137.80487727534415	1.0266003035302618	98.39411856488246
135.86464875279356	1.0797309897198748	103.48640912664953
136.39631701520668	1.025817780313832	98.31911792259511
135.1676555082332	1.0487861380923136	100.52051150364615
134.99608228849507	1.0440031131631544	100.0620842848346
135.22951623742821	1.053920139351948	101.01257791636353
137.04983254730757	1.1011349466327103	105.53786329727173
135.06112216783663	1.0682731144483795	102.3882333964376
136.95301529646105	1.0338827578308432	99.09210264829903
137.01744378550384	1.024737506949329	98.21557952976212
136.17926472598847	1.0408022893540434	99.75530253511567
136.05953204814847	1.0941482477457671	104.86822577983186
135.61099090497635	1.0190692284040666	97.67230551228576
137.07793811560572	1.071936612215975	102.73935995705462
136.53241400824598	1.0735101096086255	102.89017122068037
137.4926246379927	1.025162205161747	98.2562845696138
135.23807075830183	1.0251783566763861	98.25783260543741
137.29983429948643	1.0474426257934977	100.39174307452286
135.36981989599542	1.0180219316577184	97.57192775097161
135.6308349064256	1.0770002980780402	103.22468701703505
135.16652205448392	1.0546560537605179	101.08311135505572
136.89152268396805	1.0221419667681233	97.96681096087386
136.47323322108974	1.0550931193508033	101.12500174157059
136.53486638020348	1.0713891654631906	102.68689012968733
135.851771714027	1.0296142599878704	98.68299008383637
136.43778932102956	1.0332939011885949	99.03566390570774
137.15982257029827	1.022951819290758	98.04443097019802
135.747071287037	1.0305731042804143	98.77489015310519
135.17926259775734	1.0586376960618946	101.46473035841798
135.90202180603345	1.0637815348177393	101.95773964224614
135.56135305352686	1.0188424486840197	97.65056989562397
135.22299937132416	1.055126513901641	101.12820242968967
135.7640654883521	1.0775385509784468	103.27627566309172
136.59318008146772	1.068959914734734	102.45405951062592
135.7361883184917	1.0202979477258318	97.79007165185634
134.971718602951	1.0296415929466363	98.6856098009515
136.00572667370423	1.0661956980898812	102.18912420975236
136.65751712842777	1.0216302978361416	97.91777024523579
134.80843117692504	1.0625499058326293	101.83969462709064
136.56734345107796	1.0207313799960736	97.83161380418314
135.5222280450929	1.0208804035578898	97.84589691121114
136.12945207282692	1.0215487271871002	97.9099521371702
135.83442724054777	1.0312091434836768	98.83585109044617
136.89375154613228	1.0659936229699087	102.16975639615909
136.04456281420823	1.0530334237593881	100.92759099511713
135.18624930730473	1.0823241966130532	103.73495406242759
136.87509392977307	1.083964696660533	103.8921871702129
136.43172403323692	1.0285900726292734	98.58482723306777
135.57771522679076	1.049032327573042	100.54410744149354
135.74047470216226	1.0794304339310694	103.457602470527
137.168200803435	1.0304947780353533	98.76738300371437
135.62365627027268	1.022562357160031	98.0071031192949
137.3309849324862	1.0308983093872086	98.8060593138056
135.69637394262656	1.068071848369756	102.368943125107
136.00972903724548	1.0188150965431562	97.64794834000796
135.87509576226077	1.0456925841519176	100.22401099400138
135.05709972782063	1.023891466851687	98.13449113597169
135.45536309130947	1.0412406118222743	99.7973133866228
135.92912785240574	1.0184810640164799	97.61593311858118
137.05523592816544	1.0320884730548752	98.92013010126331
137.35842318162705	1.034691806861114	99.16964564720087
135.89846886173189	1.0504980920753682	100.68459308691381
136.10341992124233	1.0240146152994785	98.14629425246346
135.68303708788994	1.044294656589514	100.09002715448054
135.92289258368746	1.0185396717044979	97.6215503503157
136.39948626483505	1.0486916692325317	100.51145717144098
135.02361615882688	1.0979393585832748	105.2315833669625
134.78210675990826	1.0848757737080437	103.97950900591297
134.74325325807476	1.0706094924335674	102.61216266247855
137.1052456958237	1.0932650254270408	104.78357367009737
136.96029027532515	1.0685626857741382	102.41598725084587
136.9651041132427	1.0234944605074545	98.09644021277296
135.37946524160787	1.0828075757427422	103.7812833526439
136.9209051274774	1.0249427134033278	98.2352474648831
134.96101267090873	1.0533483353499424	100.95777357763917
136.52216885825104	1.0393425771432734	99.61539696929496
135.33025424172035	1.0192490094750621	97.68953656117054
136.99616929100546	1.0280702167274374	98.5350018403945
137.38352524356262	1.0292727046528853	98.650253841687
137.00338003483307	1.0872094752018344	104.20318174464633
135.3937515437455	1.0180442194049666	97.5740639116933
135.35799881249443	1.0971656505526681	105.15742761283276
134.76710673091898	1.0687248907525961	102.43153372577612
135.16770394693015	1.0577596048141304	101.38057003424295
135.91907321401186	1.0821544066117381	103.71868060384485
137.08677492940598	1.0349923623645576	99.19845227597301
136.9959690064559	1.0822954527112205	103.73219911400683
136.4238758390824	1.0202439248301656	97.78489384781406
135.4082457650962	1.01684214324663	97.45885137606413
136.83687955835188	1.0217931184031135	97.93337572101478
134.68567036559375	1.0616161368321844	101.75019788972749
136.99646971923735	1.0385713533951444	99.54147932028154
134.71568013709913	1.083830014595308	103.87927861851198
136.48324100524366	1.0393294171312688	99.61413565291213
136.83654008568445	1.0363758888458499	99.33105584931096
136.03614993677013	1.0669929039687436	102.26553210627809
134.89255736568052	1.0398107192076331	99.66026586873657
136.83462310381094	1.0726845666812264	102.81104737043448
135.32537726683842	1.065272066543423	102.10059909283983
136.89238223418826	1.0929211576833353	104.75061579600707
136.15228220541167	1.0632122783574791	101.90317947169869
136.28292938377095	1.069483836655634	102.50427460936152
135.00271818984623	1.0528455305813378	100.90958244439388
136.1593421422237	1.0572719408952032	101.33383007001954
137.04013991292268	1.0225239453635726	98.00342155516323
136.29121204854656	1.0429072273355096	99.95704952136525
136.89101295720485	1.0761168250970223	103.14001088266784
136.44906938022632	1.054705756837931	101.08787512774818
135.448148407052	1.0507177073705443	100.7056420319783
136.55963459508612	1.0340211572381592	99.10536748724944
135.65768236528157	1.0176286955035503	97.5342381802164
136.35292670641246	1.0285621024673488	98.58214644345645
136.24017200357312	1.0549390082345897	101.11023101981186
135.03025525152313	1.0734768768612148	102.88698604054969
136.67641805309245	1.0414313454373973	99.81559417796505
135.79914708538695	1.0985323120728947	105.28841477034364
135.58939704705745	1.0238071568392018	98.12641047465087
135.89824312985792	1.0440802614061997	100.06947852906691
136.21796672952638	1.0209158054269922	97.84928998999156
135.63101072129376	1.018738738143097	97.64062979797849
137.64127909439304	1.0280130571127928	98.52952339870582
136.34016267705726	1.0231941307197965	98.06765521764508
136.4042602945823	1.0309781078803628	98.8137075702592
137.71448092724165	1.0316344422478596	98.87661368995505
135.96566981838896	1.0621577709847676	101.80211061062266
135.61084444485348	1.0249157879039967	98.23266680056372
136.65618366345313	1.0884257015263794	104.31975049761424
136.2043162768047	1.0817692842977304	103.68176870103696
135.30420324032954	1.0274116084453544	98.47187777821348
136.19998397894565	1.0899578583092935	104.4665994861053
137.4080841844531	1.0307918689779518	98.79585757296014
135.12419352907895	1.0264275245935415	98.37755863291409
135.26349945005882	1.0229831285788271	98.04743179709418
136.2759029495148	1.0216331837434016	97.91804684392775
135.75195561103237	1.0979285706091162	105.23054939765157
135.1709397451707	1.0666519165894561	102.23285029962814
136.10513399966786	1.022309883563054	97.9829048826978
136.68188353339016	1.082034264911841	103.70716566797
136.52809532280128	1.0475008403587525	100.39732262755454
134.97428677921042	1.073491731421708	102.88840977029278
136.32279255288339	1.0796935673678096	103.48282239544224
135.35102008878414	1.0881383401630635	104.29220845622206
136.9541059799228	1.0352549085694938	99.22361591787767
135.6031704693992	1.026476479870579	98.38225073296184
135.27942607468907	1.098311593328957	105.26726006564908
136.78173337983296	1.0228522698481328	98.0348896914481
136.7504830225327	1.027394663905563	98.47025373519351
136.21639719899935	1.0633705317854998	101.91834721176892
137.47552377429753	1.036768218768373	99.36865856263624
135.92254892783674	1.0972392044608672	105.16447735939853
136.38270123970352	1.030199428895245	98.73907537687077
137.57896191206424	1.0245935294767736	98.20178006325449
136.35330274627333	1.0656358258438463	102.13546346567493
135.41088236213815	1.0167391570167035	97.44898069973266
135.8240074687034	1.0298982747920757	98.7102113755339
135.35546187882656	1.0813830887031968	103.64475393006221
135.8584501410205	1.09095631816571	104.56229649413919
136.75563698628736	1.0312035780289193	98.8353176715358
137.24861469032075	1.0251873063317523	98.25869038177761
135.7610010592054	1.0869327656369798	104.17666062085674
135.28067826577728	1.08781745474221	104.26145331419
135.37053935088716	1.0174851061418286	97.52047591204513
136.80170561358642	1.0255294084173028	98.29147902702856
137.38913424782723	1.0308438378134313	98.80083850637918
135.70912710690712	1.0715224304353037	102.69966286063388
136.3686335217137	1.0564358206709499	101.25369244274944
135.44523747996328	1.0545991420293834	101.0776566716685
136.62388206012403	1.0326967909294011	98.97843409831593
135.1797761547006	1.0745507978537134	102.98991559268586
135.38990973929847	1.01834137768396	97.60254493477042
135.1901548736476	1.0741647303524986	102.9529130987669
136.61570774800526	1.0734266250695401	102.88216967654596
136.327184022241	1.0205471701936486	97.8139582852063
136.56055840794556	1.0213871340042726	97.89446429956119
136.64916858699584	1.0369437609275296	99.38548333461593
137.53865888830904	1.0504495705475074	100.67994255939217
134.61671544292307	1.0973338110969288	105.17354489671922
136.06274097223758	1.0202427948757609	97.78478554776069
134.9409866468057	1.0486170792177743	100.50430811963324
136.65247202737515	1.0660903824376373	102.17903027081822
136.79015233899196	1.0418293618435321	99.85374191016552
136.16115657396838	1.0488673685553946	100.52829700671681
135.5375744417691	1.092934682717001	104.75191209775325
135.86155916845274	1.0351999143345578	99.21834501618977
137.4645506198862	1.0277045307890236	98.49995280966844
135.97036701205374	1.048782336978058	100.52014718728518
136.27997441625791	1.048487381675545	100.49187730765725
136.22019771175817	1.0197775657417596	97.7401958370297
136.0475248455654	1.0657704135211723	102.14836297080332
135.2248806517965	1.0836696702898527	103.8639104790833
136.54150919089042	1.0513517935558898	100.76641578305426
136.9885189544902	1.053018123190261	100.92612451784487
135.60458607292665	1.026288501397898	98.36423400720692
135.66130795379283	1.0622829285358668	101.81410628886258
137.02410632776767	1.0327221470856172	98.98086434953686
136.14475983361004	1.022981698352908	98.04729471763085
136.63380824921444	1.0231821122687874	98.06650331374492
135.93696466447668	1.0954564576128167	104.99361066070865
135.6442179483193	1.054636937491608	101.08127916347817
137.59201491761607	1.0248665908702195	98.22795152943253
137.4114349356548	1.02643134955958	98.37792523534019
136.68781754054717	1.0435543355870553	100.0190713674605
135.12962446500177	1.0531902126998218	100.94261837192742
136.4885084774393	1.0687446872473851	102.43343111334627
135.311953181674	1.0375706428628213	99.44556659706497
135.7837386292314	1.0191575664228552	97.6807722363502
135.67788506365468	1.0375681732635014	99.44532989925038
135.70797294317023	1.0302372723751136	98.74270247091341
137.67484423696624	1.025342411414819	98.2735563699142
134.99926974344328	1.0356461709450746	99.26111631256924
136.19642168470082	1.0433232216119452	99.99692033575832
136.33208033279368	1.049707115458969	100.6087822316974
135.99907965319522	1.0229543345000425	98.04467203948242
136.19061001611107	1.084976757002813	103.9891877116804
135.1451359746703	1.0317399775980993	98.88672868576069
137.23022476887377	1.0232637854264408	98.07433124670976
137.40898240708506	1.0306909733018395	98.78618726496983
137.06910276710164	1.0303187467104087	98.75051134782439
136.74760220144302	1.0845710690569268	103.95030470364834
136.0432245398369	1.0318405820668053	98.89637108308705
135.2194309278546	1.028266566380415	98.55382089876493
135.70176238642642	1.0664333109098172	102.21189812078367
135.80048928231994	1.0865105282871703	104.13619144145282
135.38732274723122	1.0754705374422109	103.0780676863568
136.2550167328866	1.0197192989152737	97.73461127504005
136.26611092712457	1.0302860469203985	98.74737724879455
135.532065247081	1.0460797842515197	100.26112204138522
135.1075457526993	1.0392887485624878	99.61023778928912
137.44727708982376	1.0371822200055756	99.40833835493635
137.02746296101347	1.0481632063483048	100.46080684578948
134.76952148208852	1.0590910722912092	101.50818403197357
136.41549378858727	1.0464044672086825	100.29224115685132
135.25493139657306	1.0239730025206335	98.14230589138332
136.3462870602868	1.0336366833722475	99.06851773470454
134.88261806119985	1.060388066470155	101.63249394945784
136.31674002420127	1.03141826210857	98.85589398610975
136.06702310930476	1.0237047029383313	98.11659081919682
135.84907507286198	1.0599574556095708	101.59122221407459
137.44515617022603	1.026319040656089	98.3671610308801
136.26553788615294	1.0950697175976114	104.95654370994015
136.659557194452	1.1017321269284024	105.59509981728529
136.09151150269278	1.0803457390924935	103.54532954820905
136.12016894861807	1.0305407700273759	98.77179108882845
136.36086367568907	1.0923490541667944	104.69578275042514
134.89521842149637	1.0334895475483488	99.05441555720463
135.29265798682195	1.0170890407725015	97.48251517623099
137.58877414700822	1.0264145674291976	98.3763167583887
136.16300065014929	1.0269236983769068	98.42511422188221
136.80177545957736	1.0912635222635196	104.59174035492859
136.40985694022922	1.0219649961402217	97.94984927784652
134.97992558470744	1.094957132930099	104.94575307498154
134.86959641123892	1.0650868818049328	102.08285013148384
135.90123660540164	1.0198438023312282	97.74654425794395
136.9116157749875	1.0777363185940385	103.29523062555364
136.06293784481832	1.0486466130739729	100.50713878093198
136.0368583402172	1.0217286863728432	97.9272002573957
135.02584843158021	1.0365779235091757	99.35041978535222
136.41642506390295	1.021437544202924	97.8992958460218
135.39062944987313	1.0544755570985644	101.0658117206257
136.09317596573567	1.0252192911235003	98.26175595206891
135.98405796835198	1.0824739404697294	103.74930620584455
135.52351487560108	1.0171081254379812	97.48434433878973
137.13305924906845	1.0779040120799481	103.31130314440877
134.93527447869062	1.0850375193408026	103.99501145502809
135.6570569505732	1.0496601833345374	100.60428403994746
137.42700055756276	1.0303646558141	98.75491148853764
136.1721430529712	1.0233665122733475	98.0841770625736
136.7083825259483	1.0455821437251107	100.21342587298376
136.13561212168617	1.037613170795509	99.44964267071973
136.41601886739474	1.067875122785829	102.35008803577661
135.09206380698294	1.024875314100993	98.2287876041931
134.95897597045976	1.0956025891429593	105.0076165820526
136.9813302382758	1.0499807953898337	100.63501298136086
137.1587678504129	1.0229639810043107	98.0455966050426
135.49807618648325	1.061834598791744	101.7711362937752
136.3323672009437	1.0252890924551301	98.26844603434996
137.0155203189362	1.0382759009501021	99.51316179221553
135.90669397942509	1.0457515008481515	100.22965784251171
135.57242651349378	1.0224138022045592	97.99286492566506
137.11456879293803	1.0880881573463912	104.28739870310137
134.8595936211811	1.0894638606443494	104.41925246638581
136.93753799191344	1.0441972435003766	100.08069063372422
136.77356505582475	1.0545689798333837	101.07476578737871
135.9488398399702	1.024546814649418	98.19730269826077
135.27943578149043	1.077996982606287	103.32021386941067
137.64481712083597	1.0248763155726248	98.22888358986361
136.46423869614844	1.082130398828527	103.71637958692556
135.91372261123848	1.0411905151549392	99.79251189045284
135.65528823741175	1.0625084021377322	101.83571672112028
135.24842131653014	1.0784735699567183	103.36589220410781
136.82281320814798	1.03280437341305	98.9887453008504
137.0697245030803	1.0777199255999304	103.29365944522148
136.95393587186476	1.0221992446190786	97.97230073487711
135.72663810793298	1.0446464069855412	100.123740538407
137.04122235350403	1.0486583228278283	100.50826109786999
137.8019283042417	1.0275266379749293	98.48290274005358
135.8561258397521	1.0314396023053818	98.85793932921756
136.72678312654102	1.0338464944996733	99.08862700301195
136.32953815321324	1.0510160589601707	100.73423742746257
135.53412260000906	1.0282119482222551	98.5485860420137
134.82638872180507	1.0554125267422796	101.15561522243492
136.07512562467048	1.0189774924885415	97.66351311809126
134.89159324540995	1.0370217178503784	99.39295508645874
135.05110527016146	1.0217290889994546	97.92723884699127
136.42791870707404	1.0456529212784196	100.22020952086314
135.90032382362492	1.0211985548589377	97.87639000256252
137.6315482230269	1.026229688701657	98.35859712653667
136.4354899821563	1.0208172221034781	97.83984130856317
137.19629862878907	1.0461752005697138	100.27026718238425
135.24274622212184	1.057309060518509	101.33738778630315
136.11602062702616	1.0794741237686052	103.46178990651333
137.80119617183945	1.0300158770697772	98.721482921447
135.0070362851684	1.037430462135895	99.43213102820896
137.17592722800163	1.0257119325620851	98.30897298478494
135.17472799406602	1.017406135899069	97.51290703893797
134.76988707074582	1.0514854682197412	100.77922778075082
135.10830060488865	1.0193008227837648	97.69450258818436
135.8939838395532	1.0300354667180935	98.72336048389509
136.41852544534092	1.0275636779482225	98.4864528223118
136.82524884913377	1.08683996096269	104.16776579188188
136.26438194242215	1.021835414726392	97.93742959615315
135.26524621079557	1.0404529812098546	99.72182322789476
136.32145737870476	1.0409362721066622	99.76814406146386
134.6714732735177	1.0777276126138102	103.29439620416505
136.8256281802024	1.0587043291834302	101.47111678479851
135.6330326319193	1.0609706552820155	101.68833195421163
137.38358576920015	1.0403460212123992	99.7115716873145
135.64026131480702	1.0299329086669426	98.71353084619672
135.89996067805842	1.019926305077584	97.7544517025248
136.5473980419728	1.0311368545569273	98.8289225855499
137.4594790887024	1.0317995556434236	98.89243892102495
136.39930798965744	1.022154490893839	97.96801133097539
137.1630973578454	1.0547369805512206	101.09086775276191
135.90296406145038	1.0522111772766707	100.8487830913674
136.66005478320753	1.022550125890726	98.00593081790547
135.31844141618365	1.027748988014186	98.50421379563215
137.54120853784838	1.0246275377442335	98.20503957281154
137.16489556324152	1.0357050681015754	99.26676128830123
136.86753079905563	1.0535869900369703	100.98064734602862
136.6134903554293	1.0220515654263647	97.95814647839823
134.9812484669876	1.0243987450609753	98.18311102445064
135.20087475312818	1.0160642401245488	97.38429354497559
136.19638221459007	1.0317822235471057	98.89077773279595
136.64880044499117	1.0861386935931334	104.10055308556515
135.40116356018223	1.0184202884377906	97.61010810618363
135.23033089822746	1.016529404162196	97.4288770165711
137.08177959236014	1.0561142643279082	101.22287299643355
135.90084400924994	1.0602081116672046	101.61524624929943
136.95459629440967	1.0991367646711914	105.34634830145514
137.14709701455055	1.024428458457943	98.18595889376662
135.761441621726	1.0470091547043414	100.35019720161183
137.54843321836148	1.0281068877484336	98.5385165605591
135.31245822716008	1.035535820337468	99.25053980023897
136.59952187516194	1.0217989657643083	97.9339361591412
136.64812386621924	1.0294497544350407	98.66722311122393
135.8634815563071	1.0710496426984306	102.65434869846392
136.9286958262092	1.0735834818149461	102.8972035520982
135.0902933269132	1.0354751861036715	99.2447283349893
135.2773100316268	1.0399004277105495	99.66886394633492
136.49258591067425	1.0296561875103005	98.68700861139665
136.77734487102626	1.0795125290765475	103.4654708487556
134.71900590441584	1.068486056439313	102.40864274117605
136.54503448031033	1.0211878793837423	97.87536681567225
134.81582534922688	1.060015223851676	101.59675898943249
136.3703064102197	1.0731569446759637	102.85632226102412
136.3958317401076	1.0201339329859962	97.77435172103
136.67136123399774	1.0469100589210727	100.34069940367169
136.11512399998387	1.0203068178010894	97.79092180087106
134.66546120981317	1.0736008600716658	102.89886916455346
134.89207530352496	1.0364255192722476	99.33581265879425
136.49864806142827	1.0296117729169483	98.68275171146269
136.1510990643895	1.039111736165827	99.5932721029508
135.98263269300358	1.0650914245843703	102.08328553246419
135.6064020028568	1.0174462902949915	97.51675562185744
137.27209425733918	1.0365304758866027	99.34587218587751
135.68055388985073	1.0637385921055629	101.95362381420784
137.28830354973994	1.0234789531514723	98.09495391609265
135.83980942955668	1.0191835447870652	97.68326212286146
135.20013806026003	1.064376858700356	102.01479823504926
135.90339593386105	1.0350200452175102	99.20110552856438
135.80876851111705	1.0181345668623811	97.58272322964432
136.37097953957758	1.0518963237144288	100.81860607054705
136.25054214998227	1.0479940227148825	100.44459150430852
134.8745213520526	1.0833633804927136	103.83455424909656
137.42192254997695	1.042641591787105	99.93158978250203
136.29086608879678	1.084133846250738	103.90839924883454
136.2853112628931	1.0689624550833938	102.45430298938427
135.22703353367325	1.0170416556354949	97.4779735656618
137.26987970853432	1.0472191103155646	100.37032031791428
137.09907468363485	1.0416663539976954	99.83811848471443
136.94459076578437	1.0772852748523942	103.25200050839834
135.36736020718095	1.0176278015736064	97.53415250183838
136.10739981730705	1.0192085034086498	97.6856542725257
135.4420151906976	1.0713597736063623	102.68407307826462
135.0216158844599	1.0255491205408966	98.29336832807336
137.4428838512618	1.0251284908615979	98.25305323524267
135.12119269892017	1.0738843394171862	102.92603913541546
134.98477308337885	1.0622126979065896	101.80737506071056
134.81848286149307	1.0557688132811534	101.18976337126017
135.05229444325263	1.0205252146117088	97.81185396074319
135.35117559414417	1.0166122196832181	97.43681443892179
136.63637463435057	1.0251037515951542	98.25068210958909
136.98329252170873	1.0854510678235454	104.03464785324792
135.57192889267623	1.0180999638689594	97.57940671880195
136.74372479952152	1.021398655006193	97.89556852564125
135.18401075361447	1.0262203610667244	98.3577031228876
136.79625790563233	1.0994758652554493	105.3788492689477
137.57809115240363	1.0286908096465237	98.59448233445934
135.61024884429378	1.0439254973710081	100.05464522853518
136.52971354861313	1.100604562823834	105.48702886132229
136.46748131385698	1.079913609156747	103.50391221764029
136.90069859429397	1.0261232162974436	98.34839231914664
136.27662432812383	1.0739988189749488	102.9370113854148
134.99421819246493	1.0399123023313144	99.67000206487964
135.8627067083079	1.0551085019030066	101.12647607647983
137.14566093558543	1.0278078633267769	98.50985667774286
136.6804797780379	1.0488028497477702	100.52211322595497
135.57820314056653	1.019354016065008	97.69960087814542
134.96446847025928	1.0263830310618944	98.37329416716906
136.98679677842782	1.0456916027907284	100.22391693580866
137.57892141129378	1.0262836843189262	98.36377231609124
136.07470225601858	1.0212307919143253	97.8794797509671
135.3022707758898	1.023505873167461	98.09753405486317
136.81131527835524	1.0847338070774255	103.96590226779176
137.26710158743194	1.0235819413277352	98.10482477897
136.13928876719615	1.0287692085705848	98.6019964497415
135.51222686577378	1.0184470612146064	97.61267413287119
136.98200101073502	1.06832920136531	102.39360902581879
134.88310004410405	1.0565026985507466	101.26010232789314
136.97009855263119	1.0997008202021483	105.40040999089679
136.43653061919662	1.0309697372113877	98.81290528665109
135.82968271873193	1.099486241651258	105.37984379068705
135.30872876658205	1.0221791231095436	97.9703721963913
135.990300123703	1.021576652696888	97.91262864711432
136.91741518187624	1.0426330790265073	99.93077388017599
136.08647902352004	1.0305486723231623	98.77254848138509
136.8964702836885	1.0859108787271454	104.0787182557314
135.82653626512266	1.0223425724414568	97.98603793590873
135.13657604306758	1.0839323289469043	103.88908489891851
136.1712356484129	1.0221882682421097	97.97124870816995
135.76545579605994	1.0509776471754186	100.73055586445292
136.06195348893493	1.0818240248015147	103.6870152839584
134.8971853679853	1.0903502155937101	104.50420482192094
135.39048356185393	1.0193936461765736	97.70339921122861
134.99301090873593	1.0228738388323289	98.03695696259636
136.2282635675707	1.0852911430362122	104.0193199223753
136.3811467817094	1.0574751992863007	101.35331129378714
135.31520691899763	1.0167520494975617	97.4502163746938
137.31642486392943	1.026027953892541	98.33926192990894
136.90865631952434	1.0710009979398287	102.64968635993841
137.29083103606177	1.028162119193976	98.54381019760802
135.6418537040785	1.0377798913432141	99.46562193867992
136.53624650866757	1.032989784180981	99.00651592591282
135.42740524515696	1.0968792681684787	105.12997940132537
136.84233138380463	1.0392559883063845	99.60709789490942
135.96944326468036	1.0848846767936062	103.98036231878794
135.35795993142673	1.0917657434564787	104.6398755555864
136.00493016907274	1.0458902875457794	100.24295980115586
137.27995665413786	1.0359120070123982	99.28659527009255
134.7576795850772	1.0613280431760341	101.722585662005
136.60903595773019	1.0213659499626928	97.89243392309265
137.6877791690554	1.0253378756955704	98.27312164561498
136.69796461016023	1.0663914168017463	102.20788279581006
136.92777568468208	1.0444924365509363	100.10898330022394
137.26442426086464	1.035350622138084	99.23278954872869
137.2826649717034	1.0502837625402546	100.66405075352716
137.20802050191472	1.0278438485620882	98.51330566903735
136.13176817037154	1.0461400828495515	100.26690133775172
134.89749391471588	1.0700626328840852	102.5597491153901
137.58796398571013	1.0252013530748725	98.26003668656953
135.3637340626144	1.0830847465271192	103.80784868184449
135.9970345767607	1.0196847509415545	97.73130003754031
137.33407883428825	1.0426696325365195	99.93427733754467
137.27008102732395	1.058720241540882	101.4726418986918
134.6216284814148	1.0854207065679375	104.03173789016513
136.48825054790353	1.039821605378197	99.6613092496449
135.5656651017715	1.0757234308586314	103.10230616038999
137.74785960267397	1.0257250954508692	98.31023457689166
136.2027471362988	1.0314357587164265	98.85757094188503
137.18722249051228	1.0634266540190223	101.92372622605555
134.9577404717685	1.050325179339906	100.66802033105552
137.67586876954016	1.0309257304020722	98.80868747062418
136.41924870861914	1.0332688105004455	99.03325909817343
136.93956869539036	1.051808356683096	100.81017490363526
137.4835782748386	1.0243621757592194	98.17960605352823
136.66673286746092	1.0230318460318133	98.05210110298549
136.78669083027808	1.0319247585848088	98.90443894967966
136.2892549336049	1.0291478227636857	98.6382845841578
137.41240386730354	1.0240137533173395	98.14621163611075
137.27792299007785	1.0538463519458465	101.00550579027944
136.14573581070937	1.0850449260946144	103.99572135255123
135.42255881014623	1.0781809837146195	103.33784938618099
135.90396522535374	1.0407685617443143	99.7520699250929
137.38680381566684	1.0294306885970812	98.66539575318177
136.66226413258812	1.0212695420257998	97.88319374077376
137.6113320484741	1.0359597195617283	99.29116826137228
135.28445442018912	1.0499928971135808	100.63617286650518
137.6202687615788	1.0315939716689992	98.87273480260124
135.10001713224014	1.0356956719213226	99.26586071495183
136.49186167271355	1.0420250643069968	99.8724989389014
135.79015422022093	1.027520674620187	98.48233118456939
136.6490591391111	1.023814361077148	98.12710096211732
135.68247004870616	1.0197954033703545	97.74190547780894
137.59504319402822	1.0420028841413556	99.87037308929821
135.4053271665058	1.0253874268491359	98.2778708572236
135.0205046511195	1.052052290012903	100.83355460154927
134.85293569445543	1.0481357875887298	100.4581789051282
136.6698980301218	1.0616316493658438	101.7516846826603
136.77883093963666	1.0538731077932662	101.00807019437542
135.36307302109327	1.0206459813644178	97.82342880456885
137.4140894471317	1.0518988353183418	100.818846794276
135.4288067015108	1.035613561464043	99.25799086916938
136.3022938012708	1.0246746658717842	98.20955655040645
135.52142866520444	1.0420789523590308	99.87766381890664
137.29143523394674	1.0629067842071915	101.87389950018407
136.51663013412926	1.0418823229822478	99.85881795051365
137.4987002213077	1.053893604091055	101.01003465429991
136.57551047040155	1.0945240432813714	104.90424376108439
137.06859134455567	1.0279701717534855	98.52541306763163
136.71889211678499	1.0865497004700535	104.13994588453433
137.4590244932654	1.0413244427083732	99.80534812625599
135.69936637180143	1.0808733900977634	103.59590205962841
135.58590298135252	1.0857055607424577	104.05903963099361
136.29939710525232	1.0695411906563979	102.50977168191442
136.40906445993014	1.0573018700509507	101.33669861865434
135.2853281163974	1.0485149244246899	100.49451713205204
134.70880813096878	1.073033890697288	102.84452819888907
134.99457555332705	1.046111530391044	100.26416473814423
135.83722120811592	1.0721192299640097	102.75686288617939
135.64673861612388	1.0218072580895181	97.9347309339207
135.6962957113321	1.0226650384835911	98.01694457199075
136.05388243256502	1.0514573184298168	100.77652977476166
135.299765467785	1.0449517336692653	100.15300445915207
135.8125215136252	1.0427030394649195	99.93747921198654
135.70996829210256	1.0394138299714792	99.62222616971744
134.94765477815147	1.0953188818967536	104.98042476813546
136.1456865185218	1.0440686162319952	100.06836240174115
135.47885372216604	1.0215679156288955	97.91179124613069
137.3554085104578	1.0624969980567835	101.83462370128663
136.5107743910531	1.0318662352129289	98.89882979919359
135.45425307981048	1.0174319186557286	97.51537817751739
136.28896829132808	1.0337016691165213	99.07474626883327
136.7375753534488	1.0267774990059944	98.41110179836531
136.5806080292082	1.0287127496766793	98.59658516836757
136.54304837360948	1.0353429148809281	99.23205084957597
136.35409441759592	1.035010188178707	99.20016078440116
136.0836133745922	1.0248042509756767	98.2219765857725
135.68809181182533	1.0343838000915941	99.14012485464441
137.34570022150888	1.0282036622689554	98.54779187794752
137.06989498034136	1.0508108901792748	100.71457310310589
136.15783344834378	1.0204867537773876	97.80816769659609
135.0310767357411	1.0183670531118747	97.60500578646679
136.63680237703986	1.0222925832093928	97.98124673683176
136.74191078949693	1.0277163509175737	98.50108570542741
137.27366462991793	1.0377196916342448	99.45985212029827
136.79137938255448	1.021592114810347	97.91411060754206
136.82743503071777	1.0467580095707534	100.32612629108681
135.1509272455406	1.085971065467688	104.08448683115905
135.44257980814584	1.0566617620838488	101.27534771217908
135.41808255302723	1.0167626131027767	97.45122883944802
135.51628171059028	1.0189336286741977	97.65930900736343
137.32661145216045	1.0435651100762566	100.0201040443108
135.61029766377385	1.0492063633487259	100.56078783471793
137.25686607332224	1.0334555897628501	99.0511608860721
136.76265594243654	1.0416872472856264	99.84012099400927
135.35146716784575	1.04692830175802	100.34244788149249
136.3752758841731	1.029464670467455	98.66865273272009
137.55544636075555	1.0262768398377295	98.36311630937466
134.896568279491	1.0691715206561978	102.47434080029039
135.5131625732622	1.0301179205850854	98.73126324365175
136.93277664435908	1.0255141384679358	98.29001548449565
136.85564375128843	1.0254313187334703	98.28207765830909
137.11864377025944	1.0682366337685651	102.38473691945173
136.41089708809596	1.0860137444723996	104.08857738425495
134.8141692803362	1.0797759783621976	103.49072104609037
135.20907595215016	1.0169646849463558	97.47059633901662
136.56022066808683	1.0549369965577686	101.11003821140633
135.38055433560962	1.0552825557233039	101.1431581991834
135.24279472480023	1.0991574039575274	105.34832646606297
137.6830106247825	1.0270132642269751	98.43369862697219
135.3763536600445	1.0573122185792885	101.33769046944644
135.13378756457305	1.0431795669494048	99.98315180885471
135.68093516112782	1.0179545133636434	97.56546607002544
136.13183716200498	1.0194242881042301	97.70633607521796
134.92413159682215	1.0862275444385823	104.10906896130729
136.0201148989061	1.0222013502450837	97.97250254780671
136.68322758865096	1.0212590901654204	97.88219198616113
136.7320942665757	1.0245195524044581	98.1946897586837
134.96719078281245	1.0912593866156952	104.59134397532401
137.24070664425992	1.025051084203183	98.2456342232868
136.88895411016767	1.0415411313606853	99.82611656833996
137.46911743713056	1.0463301116346608	100.28511457492738
137.2517943393216	1.032964803968119	99.00412170684073
136.53099426456757	1.026104691567852	98.34661682343176
135.41207908701435	1.0864598064249067	104.13133002371094
135.75190666779014	1.0350311914139714	99.20217383155666
135.20149513346834	1.0412081973856526	99.79420663718078
136.8230827203683	1.0228417443395472	98.03388087805092
135.4896868638842	1.075367126872931	103.0681563393802
134.86044157449538	1.0810131744033205	103.60929963362794
136.18017226304423	1.0354933017290946	99.2464646202696
135.26216030322394	1.0162572093086242	97.40278860358018
136.69950824710412	1.0214793259664439	97.90330040337435
136.54879835184101	1.0245403877791706	98.19668671730795
137.2335541994131	1.0307165577592707	98.78863939763457
136.43870115469113	1.0219612721534086	97.94949235373616
135.67988911537674	1.018596368098172	97.62698439476532
136.82032777024168	1.0384703453815214	99.5317982453449
134.86680162247606	1.0793628740801449	103.45112722211802
137.0016573797788	1.0547985720466344	101.09677096638994
135.88909685358036	1.0492447121447728	100.56446336059894
135.98178737461436	1.0210558282743987	97.86271042694462
136.38286955946683	1.0947483786024024	104.92574509524522
136.09390479968675	1.035490023370139	99.24615040719301
136.89995886577373	1.0465211987841376	100.30342925063631
137.15596541072378	1.0651373516292435	102.08768739274325
136.51563759089274	1.0542114254994417	101.0404961272137
135.4557623113135	1.0776103673101447	103.28315887229367
135.1138268140779	1.0368644419155046	99.3778810338502
135.14096236331045	1.0916207742614719	104.62598103781478
135.40506450002894	1.0981803137420891	105.25467762320193
136.33972736736928	1.0222830539044572	97.9803334041974
136.71906148239952	1.046537580523286	100.30499935224111
136.36031933299424	1.0874458103900368	104.22583320154642
136.64082133395092	1.0610864736260803	101.69943251967875
137.57670404192262	1.0462051748338053	100.27314005441124
134.61086256074987	1.0902099497087454	104.49076109112487
135.03055485028375	1.0195055588021453	97.71412543458112
134.94901551950306	1.0377363815740555	99.46145176127922
137.50015603951886	1.0467198542985445	100.32246931342502
137.18423765461424	1.086880010156772	104.17160429177066
135.68674253715125	1.026240993977257	98.35968067640896
136.68061915637108	1.022616074258398	98.01225161431043
136.40517156765796	1.0768378373250238	103.20911602748882
136.1176365631503	1.03957302666259	99.63748431648247
136.52951499070394	1.036203427653028	99.31452637138659
137.1981884297898	1.087038579540151	104.18680231446294
135.24326035261979	1.0759310889118057	103.12220906810852
136.67939463045488	1.053665765721624	100.98819757178755
136.9433802236535	1.078580304777727	103.37612216273652
136.18727524439444	1.022442225116925	97.99558910897152
137.22992301813505	1.0811297803972342	103.6204756910975
137.50342166748285	1.0404879608733317	99.72517584053638
137.24486174265095	1.0235021224869358	98.09717457230406
136.18310213165134	1.085877712854623	104.07553948519913
135.36960600576538	1.0525895948146593	100.88505237744869
136.91717519397025	1.0596889158184104	101.56548411916079
136.4547102858965	1.0733491299808904	102.8747421890276
135.30273689193768	1.0977473973839889	105.21318491827954
136.98005879715626	1.0602879959970253	101.6229027327359
135.4202135963974	1.048512188200596	100.49425487968665
137.53217402894913	1.0373943773631555	99.42867249678723
137.5811692514383	1.025772224250437	98.31475161889578
136.33178357422187	1.091304573965481	104.59567493980664
136.2017898839122	1.0331990702155973	99.02657486689813
135.94676714884667	1.0944625338018188	104.89834840823563
136.24289768071895	1.0204157139821164	97.80135891423484
134.95107116867916	1.097354152829272	105.17549454237692
137.69280183071615	1.0315602664340617	98.86950433708192
136.17668030035213	1.0332686651102343	99.03324516330353
135.77079215794444	1.0402015212562592	99.69772214356496
136.21464016772984	1.0415572222189677	99.82765879057797
136.33566134651363	1.0228043053367493	98.03029255096045
137.36817415059323	1.0672525675705764	102.29041946617644
136.72095442838503	1.024522021806743	98.19492643761352
136.33059655603614	1.048294044820886	100.47334700980436
135.0222053300298	1.041611563750772	99.83286713418059
137.50002460982824	1.0243015944496634	98.17379966078242
134.9554239834209	1.0286000690751456	98.58578533864888
136.83597097455336	1.0660036677998084	102.17071913908903
137.1159036649328	1.0464482236905508	100.29643498033853
136.66582714747204	1.06360721504381	101.94103202931711
135.39590112295895	1.0249054795265422	98.23167879801787
136.82867290811777	1.0285035618389078	98.57653563902177
135.12362239117715	1.09154985067798	104.61918339372762
136.58089620961255	1.0283401287837237	98.5608714595413
137.01848569215838	1.0225117066330178	98.00224853865315
135.52794101738888	1.0876837772639365	104.24864104674623
135.93349786791418	1.0275364536115528	98.48384351604051
135.79663912521252	1.0236712541855129	98.11338493610937
136.40137799843754	1.0913381927453785	104.5988971190753
136.78748885288863	1.0352357491189041	99.22177958756832
134.81401522983387	1.069005255418722	102.45840517136729
136.4776368160881	1.0320050601971023	98.91213542739722
137.63646411383172	1.0268904511942785	98.42192765821353
137.26100231126338	1.0246112739354205	98.20348077419523
135.86278517343666	1.021018971178819	97.85917787253179
136.59383609467554	1.0772849069977593	103.25196525150972
136.51165767460023	1.0697983643099407	102.53442039365883
136.26759295741735	1.0829464124589003	103.7945901052952
135.03213985046742	1.0196224035227912	97.7253243727242
136.00709354171255	1.0264686482603242	98.38150011523331
135.99764415894472	1.019447566775005	97.708567210631
134.89461099573623	1.0399890092718511	99.67735401263961
136.00836210411163	1.0197813527442372	97.74055880085264
136.16875022563087	1.0687223014391982	102.43128555401093
137.2868535722664	1.0496449914199077	100.60282797662452
135.74813816701746	1.0240747799177412	98.15206070758957
135.03222683345535	1.040643663098553	99.74009906153735
135.77218263332637	1.0180169987287635	97.57145495625802
136.62547331061032	1.0811215711742184	103.61968888121642
136.853935828722	1.0289132553267812	98.61580255671355
137.6911782912105	1.02509165744638	98.24952295046519
135.97685333176858	1.0449712514438503	100.15487513288949
135.41568887418987	1.0183188493985096	97.60038571975554
137.3697372967022	1.039026810541244	99.58513243852086
136.46629133996905	1.044901399802952	100.14818022873558
135.39328467761996	1.057967687167557	101.400513608859
136.96583473357268	1.0317727453691345	98.88986930040619
136.94610148072488	1.0221839776482198	97.9708374778182
136.42354885551228	1.0254581178013848	98.2846462048571
134.91746619596933	1.0836754397066746	103.86446344666074
135.3508062696118	1.0340801718083226	99.11102371644958
135.33476241669263	1.0430459898920519	99.97034916621615
136.01122385171627	1.073773914871081	102.9154555364777
137.13381225400366	1.024644064736777	98.20662359617316
136.35216473883816	1.0318915195419094	98.90125316616025
135.45476913507042	1.0905054646649166	104.51908461054641
135.02048532551308	1.0293853735963152	98.66105255403913
135.4870076106579	1.0801368627585977	103.52530987483463
134.8635155099543	1.0498013459712225	100.61781371957368
135.55853381629464	1.0514712593747693	100.77786593936811
135.65073479094556	1.0625789189155102	101.84247537506734
135.96642645237995	1.019257340696654	97.6903350639591
136.37568177751913	1.0304584303050366	98.76389926922293
136.38961267800022	1.0381413151833256	99.50026247020305
136.2106525075763	1.0289498191635673	98.61930700384798
134.87306599299208	1.043390962602172	100.00341294539534
136.38985033614037	1.093207561541187	104.7780660656495
137.44563084480333	1.024230563586932	98.16699173455706
135.1493776839728	1.0181591186211614	97.58507638369667
136.34030118541207	1.0814205113080702	103.6483406854998
137.75063281309488	1.0342138347486303	99.12383459050753
134.86864231292304	1.0849891695084117	103.99037738359397
136.67122187954098	1.0838202577736564	103.87834347962384
137.40465291317307	1.0541111786179727	101.03088800270108
137.2122936985071	1.0618533842538973	101.77293677930405
137.01064183683553	1.044746181767194	100.13330341469094
136.40082334723436	1.0409727701269649	99.77164220044229
135.2408546499612	1.0940479503929803	104.85861281791483
137.61226415128687	1.0439078980657477	100.05295842976597
136.37055388328403	1.0483275370711227	100.47655706188546
136.24031025929875	1.041648624511617	99.83641920881387
136.19886888694077	1.0211153402908542	97.86841433369686
136.8895337775539	1.0309627847993286	98.8122389353417
134.74192621683306	1.0552995632588809	101.14478828001067
135.89484744804935	1.0423649606120966	99.90507617195767
136.8940613952916	1.0560170419060824	101.21355475011373
136.36235817169947	1.0237823696293331	98.12403475387782
136.464675000435	1.0343702214863362	99.13882341834919
137.26188797112135	1.0433339170538034	99.99794543634584
134.85981524413734	1.0931192482970944	104.76960171610645
135.14384802952034	1.0961159247464696	105.05681703919419
136.82334225193154	1.0323774711006137	98.94782900986448
135.18949585110317	1.0163369256118382	97.41042898256997
136.14081666796667	1.0881948253305054	104.29762225577315
136.54940417085157	1.0230657233871776	98.05534806532216
135.62724059000732	1.0277842203155518	98.5075906222569
136.04683598689036	1.0221601667762468	97.9685553337822
137.52772310753366	1.0349439013279946	99.19380754621697
135.8499575955782	1.0480170215104645	100.44679581518935
135.9454901739413	1.0252816735372121	98.26773497096264
137.74897699569138	1.0279979810504387	98.5280784392005
135.89171693114355	1.0498289212388172	100.62045666068701
136.0944563561065	1.0504744649113364	100.68232855029609
135.8980468420178	1.0725544100741864	102.798572559565
134.56955414350375	1.0883908425454354	104.31640945174443
136.11446385533213	1.0863188318516666	104.11781836895464
134.92939887156447	1.0327490811890203	98.9834458385103
135.51870890893497	1.018626084829947	97.62983258370465
135.1370601678089	1.0800731079214616	103.51919931653586
137.33396797474086	1.0538061312300628	101.0016508509579
137.0762331102292	1.0691818591980395	102.47533169393057
136.4914549131568	1.0404437844880343	99.72094177156352
137.11430784443075	1.0315730414749338	98.8707287560519
137.3014054958446	1.0762350680204136	103.15134383102524
135.90844123772544	1.0271626356363905	98.44801507332203
136.52238724245643	1.0498840437054846	100.6257398526968
135.54878951466895	1.0177072591819667	97.54176808631756
135.68041702387217	1.0574806460054555	101.35383333252848
135.44772003377312	1.0172705932382209	97.4999160037744
135.92809677535433	1.0935273507539813	104.8087161420339
135.8678464081973	1.073201451548462	102.86058800541802
135.57518790128796	1.0261448606025678	98.35046680940086
134.52924271132687	1.0830591334469752	103.80539380584668
137.40064668218145	1.0238999908656758	98.13530811687475
136.32612568544673	1.0269563732684628	98.42824593452909
135.734289888395	1.0344197085796953	99.14356649013152
135.46775970436656	1.017642371767992	97.53554897661924
135.8597055002564	1.0587374057418342	101.47428699505282
136.184305691945	1.050654172932368	100.69955259773464
137.0220423536082	1.0773957054226386	103.26258468471744
136.5875545972372	1.0543021879318542	101.04919521828674
137.76178809726267	1.025378292365876	98.27699536612371
135.1809001822878	1.0169755037259005	97.47163326085816
135.24427892678028	1.0446318561490886	100.12234591897995
135.20387008947625	1.0838790786887376	103.88398114802573
136.06149084773244	1.033501264710933	99.05553858422947
135.63069816190944	1.0355798344412315	99.2547583153995
135.12385471776935	1.0216064020607254	97.91547996366134
135.4380240905611	1.0916534789174155	104.62911560321814
136.85369612463836	1.0237177336930652	98.11783974696536
136.08890164698172	1.0411225541442402	99.7859981930367
135.29966836504818	1.047398802713652	100.38754286797766
134.71114356040047	1.0747095880262205	103.00513477682877
137.61937704813502	1.0437383459350205	100.03670776979995
136.30478528017122	1.0500252398189593	100.63927274089328
135.22379454413414	1.0206999495123592	97.8286013613361
137.43186702053808	1.0243496615941952	98.17840663810541
136.05550639178762	1.036121611345343	99.30668471826101
136.62096820391352	1.0436968986953647	100.03273527476088
135.20312366404767	1.0168377907908888	97.4584342165866
135.21942123130245	1.0308443730020673	98.80088980133198
136.97296130731354	1.0355597738488294	99.25283561549328
137.00944983195316	1.054831821290233	101.09995772759153
137.61742141167582	1.0418907139967792	99.85962218413391
136.16439114418765	1.0968337135898496	105.12561323993289
135.21069500470975	1.0893497118615623	104.4083119193891
136.44013831480956	1.0501432475786177	100.65058315007148
137.1119894734923	1.032532432550853	98.9626812315669
136.2030135909615	1.0329830850248267	99.00587384782006
137.81117236345793	1.0267630922406812	98.4097209873822
136.3751669864716	1.0394924980235747	99.62976607947446
137.48285059042374	1.0252749083312644	98.26708656235236
136.95989998312527	1.076593964149222	103.18574209501271
136.19883928303665	1.0556154379656566	101.17506317204338
135.0602132263548	1.096220510029	105.06684097611885
136.7978342918838	1.0227079369912824	98.02105616326685
136.08707974543344	1.0595080960673078	101.54815351837323
136.01360383707086	1.020863109608055	97.84423937911744
136.35087832418355	1.0608305966376828	101.6749080863157
136.56649899976708	1.04039880600077	99.71663082543041
135.3649978399628	1.0191067062103925	97.67589755848573
136.63271409100705	1.0815375882625093	103.65956188200315
136.9359474946963	1.0375525330877262	99.44383087250718
136.18696940267907	1.063108665705889	101.89324875621935
135.1341167528527	1.0455306713233352	100.20849252006569
136.24912971948424	1.0204080181777964	97.80062131277484
136.07838468745007	1.0346393987244842	99.16462260912891
135.28397874679965	1.0394427822733034	99.6250010921567
137.4439139570298	1.027212366788065	98.45278153678147
135.33991227981932	1.0466912203338699	100.31972490188969
135.5718020488593	1.0727537074327398	102.81767413966364
135.74178612728727	1.0303189917452193	98.7505348330933
137.16322795171828	1.0234608013548	98.09321416399264
137.10155303672667	1.0280352336887846	98.53164890426041
135.45139051939933	1.0337925744822924	99.08345905930013
135.69394882338707	1.0179003195997955	97.56027188918681
135.32118068431905	1.0699735264138879	102.55120873939047
136.3340488720883	1.019971797855422	97.75881194064381
134.8164223159539	1.0502659673560675	100.66234518081619
135.68960734030458	1.0833310062333543	103.83145135042908
137.34943009012414	1.0580340207024885	101.40687132147455
135.80532929744612	1.0537635086723083	100.99756570799933
136.90778651064537	1.0734520966295824	102.88461098860307
135.8877427046344	1.067023579608652	102.26847220140549
136.56677717051164	1.0925469997343056	104.71475476862162
134.81958056534688	1.0934924090308682	104.80536716577214
136.00420250819906	1.0227068854484505	98.02095537854107
135.2667115904269	1.018133560070009	97.58262673400947
135.67937098780786	1.020533900232436	97.8126864307831
137.1566082512091	1.024191580997983	98.16325546303462
137.59001979446768	1.0247168479936908	98.21359947995744
135.00898774599602	1.0867428458404609	104.1584578296514
137.17739427044074	1.024705545202471	98.21251616819961
135.3841134855257	1.0167725036601558	97.45217679618646
135.27058386833136	1.045331782870266	100.18943013135883
136.03604170926542	1.0623592827161112	101.82142442644547
136.45630650058666	1.0421765876682767	99.88702163826537
136.1531695778699	1.038481801518907	99.53289625450812
135.74487886374428	1.022547181951236	98.00564865713633
136.69788493977362	1.0212364329690522	97.880020415728
134.94802149959568	1.071909568546754	102.73676796678672
136.77929970804317	1.0735843838913686	102.8972900112724
137.31544761894966	1.031690798097934	98.8820150951319
137.4841543654826	1.0249458736924248	98.23555036159867
136.7657469659699	1.0869918153132825	104.18232021479157
136.10764610744494	1.044201638858091	100.08111190512517
135.153348519835	1.0694543837738206	102.50145170902218
135.92263729628075	1.0746803449746072	103.00233198758572
137.62634903139553	1.0419179295373795	99.86223064734928
135.71561238533872	1.0178543166685625	97.55586275560822
137.5079311966984	1.0431326139982573	99.97865162097604
136.1096952840598	1.0223250725606738	97.98436066644103
135.30195032332983	1.0702245269480466	102.57526579083779
137.60668191413805	1.0381339633589821	99.49955783737406
137.3471316534333	1.0418969012304071	99.8602151972054
137.14264830857454	1.0456060249583825	100.21571476077189
136.30257062666055	1.019964563426742	97.75811855955789
135.1087457788081	1.0795496871078896	103.46903224624295
134.96667913265105	1.0850321484997676	103.99449668879652
136.09383585552214	1.0780646736572044	103.32670169263342
136.12197223567776	1.062026914893398	101.78956875794165
135.59897268273966	1.0499808100745291	100.63501438880995
136.6207096440436	1.0491072546877833	100.55128880252201
136.52166260733287	1.0560356291573896	101.21533623819884
135.6718831137198	1.0898227405170573	104.45364917231346
135.69497557474395	1.079075713252543	103.42360440099563
136.968897442453	1.0445241182802616	100.11201982361172
134.64032485918975	1.0785984630193353	103.377862532549
135.91489086396624	1.0380296195886605	99.48955704809586
136.43005917035035	1.0534615046730362	100.96862024869128
135.2630821762804	1.0531716454737658	100.94083880315493
136.43462775509119	1.0258403464069306	98.32128076126978
136.25145086575446	1.0360032650403528	99.29534186133326
135.76936255038433	1.0322852783089098	98.93899282654509
136.25052239545877	1.0481394064381084	100.45852575238084
136.99168309699985	1.0944519267090964	104.89733177543766
134.88087331685168	1.0580036082672666	101.40395645310097
137.4623683871391	1.0437671265398614	100.03946623600665
136.51747381013465	1.0257523587248638	98.31284761509616
134.98929263463594	1.0578056470635195	101.38498293625535
137.38645072887317	1.0292762984117818	98.65059828415184
137.01057171816484	1.0235278983843585	98.0996450534625
136.73759528569045	1.0213919876748154	97.89492949778217
135.16952527182778	1.0956797880436335	105.01501568154623
135.1604870351847	1.0274309916712692	98.47373555618438
136.14711600988193	1.0222848862621725	97.98050902583094
135.59364292242392	1.0344971491133366	99.15098874884566
136.22836230019809	1.0921307090349506	104.67485554368574
137.02411634725433	1.0559163904571793	101.20390784998811
137.15515182688407	1.031689710436136	98.88191084859746
135.81062048336028	1.0457003046865498	100.22475096572882
135.32535783749933	1.075725614697357	103.10251546958828
136.60080424027657	1.0527618623451667	100.90156329388164
137.5636143633842	1.0259024886018708	98.32723675648603
137.4065299927105	1.0359138718492162	99.28677400467343
135.566513892336	1.047575924712105	100.40451905905833
136.34195341927295	1.0361310058471265	99.30758513073815
136.21351490757053	1.0213612266126488	97.89198121539067
137.03769447986514	1.0258484965997232	98.3220619134214
135.52481148459574	1.0562934171344298	101.24004382954699
136.78676065678417	1.022993389709241	98.04841527126524
137.11881440419594	1.0266412438114458	98.39804247067819
137.53460196349292	1.026176172036061	98.35346784192437
136.51061560002756	1.0767321080042014	103.19898244064589
136.85605326126378	1.0221610254746105	97.96863763540273
135.85657696235782	1.0338742256846574	99.09128488796863
135.66799294275268	1.0297468685447293	98.69569990091068
135.81382483475335	1.035051111277916	99.20408304339696
136.03157504986842	1.040922013035968	99.76677740621578
136.735592132243	1.0619448770354898	101.78170587041856
135.44920961850508	1.025901525405768	98.32714443931914
135.697068250161	1.0180652327830122	97.57607793097984
136.00318969886095	1.04116924156362	99.79047293112333
135.05747681955157	1.0162692700960618	97.40394456519937
136.39143475018736	1.062146676061325	101.80104722187347
135.15688376505193	1.0812024790506145	103.62744346608802
135.22282482268378	1.0702666846928583	102.57930638397534
136.1926228164808	1.0988141095704707	105.31542354512426
135.0597877693494	1.0241861433318493	98.16273429197668
135.40188341410206	1.084779812407185	103.9703116312562
136.28388805295677	1.0221585630887147	97.96840162895606
135.8565867694116	1.044678270626855	100.12679449708064
135.87576286806205	1.0283338660016046	98.5602712055532
137.29582594592137	1.042071249264673	99.87692551873572
136.3128339273229	1.040005841197681	99.67896726221694
137.16047550262468	1.0280612904957809	98.5341463090909
137.69584610353505	1.0285989989178264	98.58568276982459
137.3346230572599	1.0269573854581542	98.42834294746798
135.90380817884164	1.0763409602249243	103.1614930293938
136.66423470956227	1.056679593851423	101.27705679121101
136.08869483350796	1.0514247773689729	100.77341088906886
136.13193572163124	1.0195974632529312	97.72293398197405
136.50008680527142	1.066869922110894	102.25374495653638
135.95360437645527	1.027159526239653	98.44771705436546
137.76846412440926	1.0287419491000556	98.5993837760787
135.4695127840242	1.042168663526494	99.88626215188745
135.51980069494007	1.050226935182098	100.65860415683619
135.25748324107198	1.0526589183395243	100.89169666452074
136.0921713725639	1.0647304873740389	102.04869164178861
136.70830284018615	1.0223463332338358	97.98639838763465
135.7900366760357	1.018136145495581	97.58287453314745
137.27014142311015	1.0488534684397013	100.52696475537527
137.11939657115656	1.0234933437081364	98.09633317356389
134.4998078858193	1.0942045761238188	104.87362455196306
136.48746684643328	1.0397033725230307	99.6499772662727
135.98183652067897	1.0360251567136043	99.29744006049226
135.82595796433745	1.0586174804323125	101.46279279903179
136.8531268317277	1.0850137648321962	103.9927347131177
135.38479422278434	1.0220290128511735	97.95598493534229
135.06118018586864	1.0162028543319277	97.39757897135695
