138.90581981712376	1.0711769001622746	102.66654564204816
138.828837977441	1.0298581279057462	98.70636351236853
140.42769050448877	1.053821625033017	101.00313584865336
139.50761940022423	1.0417815710272869	99.84916141742283
138.07156760363526	1.0559206822759934	101.20431919774225
137.65307006810394	1.080738966908307	103.58301831977779
138.16992328716682	1.0885860929426217	104.33512315235849
139.07999087245742	1.0316483024002756	98.87794211103135
139.41037731972636	1.0331399156340901	99.0209052183636
139.15371727427257	1.048647292859241	100.50720393469439
137.6649245558202	1.0667426226862167	102.24154399123191
137.93284093519696	1.0880029687622368	104.27923383541058
140.29017156288143	1.0561419933464733	101.22553067375061
138.15577171449686	1.032541954548659	98.9635938638522
139.77147447492158	1.0394669400196912	99.62731648224003
138.1278281902603	1.0415050081633914	99.82265435413132
138.1507755648307	1.0631610841114396	101.89827277851214
138.47804953245898	1.0353828232468991	99.23587585184761
138.53517279136244	1.0944936509599061	104.90133082050622
139.6646611838747	1.045037285637181	100.16120415522232
138.23903744093616	1.105459452848881	105.95234396312118
138.9586667553811	1.0875953198194348	104.2401628763694
139.76158720160313	1.0913644089856631	104.60140980472913
138.83997194146025	1.052557702925081	100.88199571133079
139.17823354436734	1.0747400613706788	103.0080554830251
138.18705990424652	1.0533818635624976	100.9609870765151
139.05671128622825	1.0623452878111763	101.82008309006487
138.81495771089243	1.0642463604888455	102.00229068322824
139.51363638183417	1.0518656458157842	100.81566575893194
138.44399794867505	1.0598796592123267	101.58376584774777
140.37288141309702	1.0371111167618186	99.40152349137891
138.36019192271715	1.0375155224985664	99.44028360656012
137.6773498125818	1.0726754818169477	102.8101766350471
140.55772876011616	1.0380555354868317	99.49204094757319
137.8960220575735	1.0293103305243392	98.65386007913327
139.37935591675415	1.0547304245534062	101.0902393956262
138.4319010236025	1.0319603868293352	98.90785372532714
139.52287367859324	1.0475582839305468	100.40282828500905
139.35826289590472	1.0388772416748773	99.57079706698406
138.27939717818015	1.0631153364550558	101.89388811165513
139.95199978874126	1.0511955738618537	100.75144296545007
139.17293650058684	1.0569296024183361	101.3010187679321
139.1691965230967	1.0488803591355351	100.5295420839666
140.2157059946003	1.0617373946735251	101.7618198017577
139.03951662381735	1.0868404446439373	104.16781215012844
138.16614437374156	1.0275126550313478	98.48156255010437
137.4923517081526	1.1020826564310242	105.62869618514418
140.30838105140748	1.0367919861871333	99.37093654191544
139.72712968519457	1.0400581881761268	99.68398443860586
139.551975208018	1.0610692632137169	101.69778299420247
139.37085888248376	1.0340829693892546	99.11129184953798
137.59993539540028	1.0714127044673976	102.68914621665992
137.58534117452186	1.108573729165894	106.25083060113037
138.4880241954246	1.103264423625987	105.74196221584513
139.0442367481311	1.057670830375502	101.3720614816837
140.4582246449402	1.0377046542212733	99.45841086512844
139.03285919670006	1.0497716666335843	100.61496911466126
137.86238518039312	1.0329061315137968	98.99849826760423
139.88357973296243	1.0606123158895755	101.65398705041123
140.16430704623116	1.0480308519166373	100.44812138524821
138.9353606296845	1.0557162159522524	101.1847222001264
138.18858639606484	1.0358415745422378	99.27984469657729
138.35243146798717	1.0555215666018671	101.16606610661609
139.4153954771146	1.0479372981748891	100.43915476218555
140.12721638209834	1.0442873651030986	100.0893283047175
137.9886338285134	1.0337816149592352	99.08240864794976
137.98066409726783	1.0561299736679037	101.22437865219538
139.25364471167904	1.056275990547043	101.23837358485717
138.20703083084675	1.0345233634671034	99.15350125368691
137.83997271663455	1.0335698091773535	99.06210820273898
139.39387770693565	1.0654829583626106	102.1208119396412
138.05514387895354	1.0861642073628162	104.1029984431893
138.0268770892727	1.0387646129373636	99.5600022081528
139.64355028087556	1.0773137208213115	103.25472690155127
140.3694653095803	1.0413182411984103	99.80475374487457
139.85940663468173	1.0707975145294666	102.63018356928436
137.86988870081572	1.054729553594828	101.09015591893004
139.165811982527	1.0327586220047957	98.98436027439676
137.74420284778142	1.0673203788532255	102.29691881296415
139.81838985110628	1.0613266449973562	101.72245165409743
137.62597406096125	1.0546565040051519	101.08315450858271
138.04357785308872	1.0286687673909047	98.5923697027902
139.22342251259926	1.0438152660208198	100.04408014638713
139.52204246086112	1.0454527878739512	100.20102781025938
137.87307573491225	1.092085603781602	104.67053244770514
137.94698235420455	1.0390252154180037	99.58497955453603
139.91155127332553	1.0426299228218134	99.93047137492854
140.07169806469184	1.0488201106689472	100.52376759242942
138.3293112908799	1.0285379486289148	98.57983142792948
138.8757564314022	1.0625954178015122	101.8440567045681
139.2014657399427	1.0571827043961846	101.32527723145661
138.05537890464075	1.078092235820292	103.32934337775023
139.61481576174677	1.0998767846634832	105.41727523826935
137.82975698645362	1.0519523089189462	100.82397195134041
140.1642110849845	1.048589329163454	100.50164842615216
137.9811844903107	1.0717231568148033	102.71890140470568
139.27806403432135	1.0816469692495772	103.6700454614189
140.03575300430822	1.0465898560012175	100.31000967569021
138.82185586811792	1.0395999337102084	99.64006321230443
139.5897962614153	1.045930303633608	100.24679512798829
137.46073177202322	1.0960358232655638	105.04913974299394
140.62392688210568	1.0403054192722905	99.70768020969146
139.12439099010112	1.1070540836646439	106.10518075170756
139.9038622551333	1.0776789504691815	103.28973219928238
138.7893131877271	1.0297307238321014	98.69415251702327
140.57624582063866	1.0389996396495769	99.58252825466566
138.5038042445221	1.0721038517058463	102.7553889628308
138.2964370369499	1.0307125725452537	98.78825743630146
139.80893751837934	1.0633498084996937	101.91636099626359
140.2259433188048	1.0426916654501073	99.93638907383038
139.52379960865363	1.0352737402376153	99.2254208320001
140.08790821528228	1.0789787008433596	103.41430628325824
139.74401715210246	1.043024836006985	99.96832168008719
138.2714745534243	1.0432242815621062	99.98743746402994
137.75537707246653	1.0421350518805308	99.88304065636802
139.68191752504643	1.0357584420479453	99.27187689404315
139.77080821024876	1.0501577937058595	100.65197731814602
139.5507855471706	1.0531522226680974	100.93897723167747
138.33737647282436	1.033806720531667	99.08481488206249
140.07750882134542	1.041441256558288	99.81654410560552
138.89496208621878	1.0304319218427789	98.76135857566439
139.7740973200899	1.0842462291153334	103.91917054206877
139.94905944223223	1.0709893890071434	102.6485737061674
138.02994104416265	1.1051683303931175	105.9244414412431
139.4153954771146	1.1137486363419984	106.74681762597045
139.468295817888	1.0461413378978413	100.2670216273813
139.97161022874775	1.0525761509754075	100.88376385775045
138.74962268649992	1.0807365535571005	103.58278701304242
137.72289720108552	1.0806684603007255	103.57626064058938
139.07098216155612	1.1067654179446353	106.07751369474055
137.84905053124209	1.0339564237971015	99.09916313502721
138.06394274622062	1.0284403319278395	98.57047539206383
139.7111036502312	1.0821866792052048	103.72177375838322
137.4496203004319	1.0915403303241584	104.6182709190094
138.7282256274152	1.0492101441719421	100.56115020629188
137.72792324822672	1.0717394343894286	102.72046152270109
139.0989729038484	1.0401523011368135	99.69300465979657
138.73440767550252	1.0807800056672265	103.5869516641349
138.4440700240954	1.035280597067818	99.22607802230252
139.91215584121545	1.0444706430270927	100.1068945081579
138.57409597739738	1.0867494263238977	104.15908853360236
138.34934817170466	1.0480277832792797	100.44782727285904
137.97527680694986	1.0266022471218212	98.39430484768181
138.55216446581906	1.0286613871033368	98.59166234191419
139.03459900166968	1.0692879905087493	102.48550380934249
139.43515814864182	1.100570487333844	105.48376290884721
138.83950495010143	1.0860538428490107	104.09242059802466
140.16014890223258	1.0423431937135395	99.90298993178217
139.60426469341144	1.1085943961282654	106.25281141833739
140.12020649359036	1.0619521969089576	101.78240744092794
140.08702465808744	1.0381005069948526	99.49635122478335
140.5018131067288	1.0377615366387476	99.46386273895895
139.51500398088456	1.0790177369660365	103.41804768570064
139.36814223943335	1.0516081574285723	100.79098688165779
140.34862062698818	1.0473943266047019	100.38711385700498
139.51587716028033	1.058634266361052	101.46440164003538
140.06241934179135	1.0734712943232116	102.8864509843021
138.97221239850853	1.051281158640852	100.75964580628612
139.53779591480614	1.0636810181713146	101.94810566221317
140.15088500498217	1.0570821516549236	101.31563979192768
139.2909851024678	1.0332225729001148	99.02882747282378
139.2372916723949	1.0351944700931197	99.21782321492427
138.63945153445204	1.0669489346241767	102.26131788104587
139.56643242941294	1.0781493830110846	103.33482062867951
139.8315817467907	1.0519812092310803	100.82674189084746
139.65711675622768	1.0846839288830845	103.96112171108346
138.47445377650027	1.100998205667367	105.52475741106618
139.66674006392742	1.0617361030234462	101.76169600404346
139.10934307896613	1.034747670838327	99.174999909009
139.46842193932426	1.0758443612313227	103.11389668631108
139.4317027821973	1.0341259736745363	99.11541357902729
137.50724362012704	1.0778978653716194	103.31071401546927
138.01478645812173	1.0284793175738134	98.57421195658566
138.5838830808882	1.109484326140878	106.33810642446036
139.9670758653134	1.055989284863093	101.2108943868063
138.53626619431955	1.0378661450444127	99.47388889211173
139.89410692011717	1.0690114650900642	102.45900033497301
139.31408183359434	1.0682052522257237	102.38172916732417
138.2075740176446	1.0507251035597056	100.70635091693651
139.988987061836	1.0713306037266577	102.68127730215555
138.36076757970022	1.0518673182657947	100.81582605427188
138.36929012008687	1.0292978203195384	98.65266104327657
139.8772200072697	1.0360346088367436	99.2983459956665
138.9005724851959	1.0365142263572724	99.34431475587282
137.7960206967584	1.0803889684285393	103.5494728476039
138.27349614274036	1.03655618165565	99.3483359456083
140.44530931317937	1.0390865857552811	99.59086157134597
137.78891415539596	1.0666397998552613	102.23168897581314
138.17482912134062	1.0505247880649011	100.68715175395323
138.6289405945178	1.032177532503375	98.9286659704861
138.3681797445221	1.102627505216471	105.68091701131269
139.0826187209455	1.0438348732351932	100.04595939244732
137.88324908173323	1.0979131104139555	105.22906762108241
139.93713005815835	1.0371948290281412	99.4095468619444
137.9237280396398	1.0967591474379228	105.11846647524912
140.1423262899396	1.0399122941203365	99.67000127790156
137.64020455500358	1.0491601364976089	100.55635723962261
138.21130473924455	1.0870914510841758	104.19186976764175
139.37091132880735	1.0323294591428862	98.94322732189991
137.94608501873265	1.075880993150599	103.11740765878609
138.47441256587476	1.04058470514248	99.73444825849333
138.82791458175564	1.0500632608329763	100.64291685062935
139.30071478657223	1.0323460067861072	98.94481332451794
139.05451212201135	1.1074067316018337	106.13898016012796
139.80138121392616	1.0760232229810511	103.13103962319605
138.88452218632884	1.0308186674827835	98.79842606553967
139.89863442272147	1.039372234658363	99.61823948263344
139.72234350577466	1.047460366491747	100.3934434250497
138.64383432350917	1.0387351010968817	99.55717365694211
138.0084359278836	1.04599448072057	100.25294615666225
138.87808273793806	1.0326691212889798	98.97578211207463
139.71954386236453	1.0404287058907826	99.71949656910189
137.95569139644712	1.0461705786791484	100.26982419902771
138.2831844626338	1.0287281548993097	98.59806167611531
139.24277346983177	1.0920887086493374	104.6708300325812
137.50864911714234	1.1070565243269965	106.10541467606944
138.02513071648343	1.1010756736474525	105.5321823003744
137.26436387160143	1.0888979668708627	104.3650145912828
140.19749987334305	1.0383669146312482	99.5218849641286
139.0365472387337	1.0595351729162943	101.55074868874321
140.08956892107776	1.0692410518784954	102.48100499404447
138.19573794981443	1.0271617796842782	98.44793303491493
138.37371129995725	1.0684974581868718	102.40973553736681
139.8836539347063	1.0353684885906083	99.23450195212654
138.00370927233578	1.0430501519045656	99.97074807273442
138.42709393906063	1.064297986910604	102.00723879813344
139.57953502256083	1.0333759037558539	99.04352341081189
139.07123238146679	1.0734576880924214	102.88514690024816
139.91029973581232	1.039513655003775	99.63179386225531
138.9895711826478	1.0894607695373804	104.41895620040522
140.03743317379957	1.042604154102866	99.92800158178835
139.16299170876172	1.0423625306823705	99.90484327626035
137.48355806124655	1.0777218228396948	103.29384128545053
137.57421341021933	1.0924090279954017	104.70153091938874
138.9769157404885	1.0368615701203718	99.37760578772975
138.83506356100952	1.072992201215529	102.84053248624707
139.03383848063459	1.0976278483403092	105.20172678531614
138.32242864120184	1.0298113645554097	98.70188149670803
139.37336587934107	1.0752128788133335	103.05337249233452
138.96722858889754	1.038692138458879	99.55305591912052
137.6728358057349	1.08831279000849	104.30892853580461
140.256080922922	1.0584902585335914	101.45059926417332
139.5351752487868	1.0383767591922404	99.52282851236072
137.98300080517552	1.042761401762767	99.94307292439282
137.7455131554172	1.0466667526018387	100.31737980134939
137.69240608830302	1.0752106253321583	103.05315650828193
139.79756117830019	1.0840953351315088	103.90470816514943
139.726009698052	1.0570771378435697	101.31515924507111
138.35955459578813	1.1051506206284358	105.92274405553236
139.64849749211965	1.0964617671393717	105.08996417279131
138.8158186320552	1.0300737316690365	98.72702797367373
138.90667191113778	1.0327071002401087	98.97942219030907
138.369177025172	1.1088202076167817	106.27445423521361
137.38716699312212	1.077816805681584	103.30294488007671
138.0114681574647	1.055717924485543	101.1848859538547
139.20488408218395	1.0318649428513411	98.89870593328504
137.70332562187195	1.051148123770837	100.74689512938832
139.91166794373166	1.0881691404714875	104.29516050015627
140.169116017677	1.0425949593921076	99.92712031820656
138.79554423352783	1.0751099172270413	103.04350417796287
138.33895883656476	1.0614146564307771	101.73088707671059
138.4100514954613	1.0320069268813847	98.91231433904764
138.38728569280167	1.0315283110801707	98.86644158825092
138.7569780875024	1.029534127505717	98.67530981633327
139.36835201347102	1.0387963295566451	99.56304207555527
139.7354035983455	1.099400507128747	105.37162659774053
137.8250974905277	1.066619049213383	102.22970013837538
138.83394289887445	1.0942362451608558	104.87665985886326
140.01840178064373	1.0390816714073992	99.59039055752831
138.74809994223963	1.0867213872663233	104.1564011407135
140.0839589473791	1.043134325889645	99.97881569655989
138.7381980507321	1.0404406898689629	99.72064516896681
139.5051370849953	1.0443927955271821	100.09943324391529
139.8320794248326	1.0345262254059147	99.15377555513193
139.9667360707395	1.0443075063049438	100.09125873060533
137.90256255191676	1.0366284928915472	99.35526658871639
139.12625925327904	1.0312133953242768	98.83625860650346
138.94951356502605	1.0725840331161782	102.80141176884243
139.1735528927123	1.0606903428806393	101.66146551791566
138.66002500237332	1.0373725847582405	99.42658379279554
139.20699583675665	1.0426098611230274	99.9285485689814
140.32628725300444	1.0369762632845325	99.3885985107537
139.06577995803542	1.0394408172994167	99.6248127599763
139.1255599509977	1.0817814697347006	103.68293660964355
139.05680509160482	1.0596816688807986	101.564789539161
137.8462109991985	1.0718650692336664	102.7325029469217
139.7060550129161	1.0864991815101244	104.13510391389012
140.05014268943657	1.0644727218953656	102.02398620678797
139.9364721175883	1.0446296737106993	100.12213674399635
138.32045647099704	1.0959114207694354	105.03721643271267
139.83748009036552	1.0435459583327602	100.01826845268488
139.13582085292413	1.0849971282800852	103.99114018906067
137.93758149902487	1.045415183399119	100.19742362356425
138.2543404340024	1.061766936343936	101.76465121200664
138.0400023106193	1.0441531620945794	100.07646566802569
139.73103927681257	1.0540068467400088	101.02088835324142
138.92270853671104	1.0895678097686718	104.42921543096718
139.16656408266041	1.0849750595111605	103.98902501623373
137.4630452737164	1.0992772679537577	105.35981478553471
137.35779805171137	1.0961740382203022	105.06238690315666
140.33361640759512	1.0431746197045595	99.98267764204003
139.67144689221345	1.0759592877451187	103.12491177464275
138.062552813511	1.0569067202497622	101.29882563512282
140.261166253249	1.041601177248513	99.83187164379234
138.71982878606565	1.0339130333094075	99.09500439011347
138.8958555520486	1.0309164609954178	98.80779904784245
139.1834057613255	1.0315033607191728	98.86405023031946
139.34455885492198	1.0731828859447918	102.8588085921425
137.99079739943815	1.0350477504281583	99.20376092402061
138.90162190750743	1.075320839703452	103.06371996309421
139.5657794982839	1.0455506889321464	100.21041110022584
139.85866499480406	1.0721014680136576	102.75516049875277
137.629470511305	1.0936029692475042	104.8159637680007
139.73141968632103	1.0392176909403996	99.60342729832331
139.93260955090756	1.0641360184636335	101.99171499347433
137.5044630714416	1.0778531816692263	103.30643132288087
140.22360530039856	1.0597451203206147	101.57087101845813
138.83262511528602	1.0497549914041806	100.61337088359373
139.3834895732094	1.0796793164753336	103.4814565240324
139.57951395447517	1.104024991627919	105.81485856888673
139.6792890998305	1.0462082304995934	100.27343292354523
140.08322448330378	1.0446015807909725	100.11944418870982
137.87782101147988	1.0405130338794741	99.72757895334541
138.52764339330224	1.0330243772150745	99.00983148220713
140.26304668093806	1.0371835751332092	99.40846823663286
138.1060980261452	1.084931483318993	103.98484847254483
139.0443409501899	1.053701475620194	100.991620173536
137.46073177202322	1.0795618921965051	103.47020203835406
140.40460188260565	1.049060741287251	100.54683074320612
139.23470790633698	1.0609665156378036	101.68793519157481
137.65201556482467	1.080239691508038	103.53516545750836
138.7594853857829	1.0434828379901107	100.01221870727066
138.4973102265794	1.1013495520108791	105.55843206873186
139.05800373144436	1.0316516745577355	98.87826531419016
138.39439312571608	1.105553731959263	105.96138010886672
140.0354765263544	1.0609239924884846	101.6838595763802
137.88897310401288	1.0959047274917806	105.03657491804245
139.12154176335343	1.059506666416755	101.54801649405566
139.85156701749804	1.0973020031744287	105.17049627839424
140.07128303758816	1.0391615475681237	99.59804625800083
140.12885714256907	1.050354628991438	100.67084292178978
137.70938512301066	1.0614726832579422	101.73644863605593
138.81902387818243	1.0933037957811642	104.78728960005306
138.6170680362322	1.1024887927507991	105.66762216740234
138.1477862980334	1.0484830128211258	100.4914585764546
139.5166872322139	1.050934901006948	100.72645887407192
140.15458395237414	1.0397361412209498	99.65311796975506
139.06237119418483	1.0309385201658796	98.80991330070833
138.1514102945757	1.0403638451639055	99.71328001721834
139.30311346453936	1.105633733202242	105.9690477978007
139.2003681572287	1.0408060128209946	99.75565940940007
138.2795716539499	1.035283114396288	99.22631929469946
140.08786563383907	1.0357098997428928	99.26722437513942
139.60990359167047	1.0570655977119945	101.31405318551651
138.02837840440873	1.0313488605023498	98.8492422153597
138.91925757724525	1.0770642578188085	103.23081721424509
140.27177668413285	1.0525091965004516	100.87734663137267
138.00235158742797	1.0758355085098135	103.11304820055982
138.6595803612997	1.103938084117369	105.8065289513444
138.80551966515768	1.1049247249277387	105.90109316737146
139.85765850174883	1.0629960170268262	101.88245198609783
139.5590611335156	1.0622334170181085	101.80936087613291
138.92349854892518	1.0636366446116912	101.94385269514144
138.47669980621913	1.083958502882602	103.89159352990518
137.7161559517912	1.0556434937980417	101.17775217270767
139.78540467699906	1.07102281151931	102.65177707422947
138.18606617226098	1.0413671083899068	99.80943740239688
139.23501125648295	1.0755581875781455	103.08646848054877
140.4259214793739	1.0523130913084158	100.85855100326891
138.6154356486884	1.061720658976728	101.76021577521566
138.84280511570614	1.0452783123348475	100.184305268076
139.86978019136683	1.0806853507504757	103.57787949936979
139.17239324609352	1.031647604321326	98.87787520391795
138.2587619233946	1.088334566498244	104.31101569524476
138.46555305845874	1.0292663148938694	98.64964141764618
138.88280838119604	1.0307281276430749	98.78974830878029
138.89513870029091	1.0441987784222757	100.08083774773422
138.0627265530472	1.026617906836942	98.39580574716625
138.1306934928814	1.0289159571839808	98.61606151519695
137.87341175951389	1.036015805842048	99.29654382973776
138.84980052533993	1.0317932083119998	98.89183056344064
139.6091552143634	1.0591894153490113	101.51760968522552
139.40359627345504	1.0617013755753508	101.75836756488985
139.6593746860407	1.0337379453977456	99.07822315531342
138.76775414063098	1.0675026076945393	102.31438446747109
139.71277256206568	1.1034317217267204	105.75799683915729
138.34810462833175	1.0462735818456765	100.27969649864136
139.62272265469346	1.1044371998659057	105.85436651185384
138.5342135044414	1.0292861896725696	98.65154630830824
138.72042925345588	1.0429036950900474	99.95671097463229
140.20558825392345	1.0459495847178506	100.24864311622919
139.17702154745476	1.0674446525472558	102.30882977825694
138.99571272817997	1.048752476065114	100.51728517935612
138.2536839113362	1.0946584709549598	104.91712793071494
138.02062718601073	1.0660737879131024	102.17743977487835
138.53194429590275	1.029265234123351	98.64953783160382
139.69459718653707	1.0703034346515437	102.58282866989292
139.4925486367678	1.044534165768037	100.11298282128477
138.84091631506874	1.0349710843617534	99.19641289382639
139.58851085452824	1.068898140521528	102.4481387844801
140.4637072180705	1.0460698576141898	100.26017062657752
139.32142687284488	1.0388405398029104	99.56727938991982
139.9855982991619	1.0525100230803315	100.87742585460923
137.85331521015553	1.0402539783202773	99.70274987106397
138.35042730418238	1.0285476118812964	98.58075759870626
138.02061697437054	1.081591390567365	103.66471854360243
137.41166707390514	1.0876056307278228	104.24115112149161
139.52897672255799	1.0381388681475754	99.5000279349853
139.00710261510878	1.0309293536898143	98.80903474327008
138.2480832950146	1.0366554462427573	99.35784992248863
139.68005966760228	1.0567599492958224	101.28475842844641
138.8126758227103	1.038477887986253	99.53252116344821
138.06895090326705	1.0563731992431828	101.24769051564381
139.24542043338457	1.0358663393268037	99.28221826800564
139.96837135413313	1.055429579961168	101.15724968176191
139.99076121149722	1.0419715478509979	99.8673696743779
139.18853671671218	1.0621493068144612	101.80129936541475
138.61953738099768	1.0377947465430561	99.46704572970114
139.20817720414988	1.035232078632792	99.22142779121246
139.8615468592984	1.0901166286394082	104.4818167684616
138.19794099339683	1.0294487575917075	98.66712756915094
138.1432413081622	1.0659816113029343	102.16860514247215
140.2243739513383	1.0375059602529504	99.43936711673865
139.84680030445077	1.035083363050204	99.20717420233734
139.3122588408813	1.1016451270888346	105.5867613505031
138.0988157709103	1.0333672142983719	99.04269057303966
139.5370802169648	1.0333272650537566	99.03886165276978
138.43245690425292	1.105897508702551	105.99432926105635
138.4578074075725	1.0756861242131217	103.09873051903382
137.62342027981805	1.0690570875009129	102.463372997719
137.83623824737197	1.0837486274302133	103.87147809639598
138.01242789016763	1.0290302259679103	98.62701356365781
138.1112330454419	1.0311153596239844	98.82686241181602
137.5976867491445	1.066142545738293	102.18402984267865
138.78139330789912	1.0506350974684842	100.69772431709941
139.9706969502337	1.07519099681392	103.05127522036086
139.50285472831507	1.0657104367451047	102.14261451934149
139.22277412527754	1.05225775206564	100.85324703443484
137.87825890224948	1.0700564123655918	102.55915291214326
137.58774119355166	1.1031396251466414	105.7300009527019
138.6054151853646	1.0785447926805085	103.37271851918393
138.91630574088046	1.0886760013262045	104.34374038744387
137.96270864815577	1.0455699521896888	100.21225737987339
138.10993389845126	1.0716066204570724	102.70773202148978
139.37791866082432	1.0848841611800666	103.98031290000286
139.1988315823507	1.0675546966177043	102.319376910649
138.52693176838022	1.050024695523034	100.63922057305575
140.22854836928417	1.0387765713458637	99.56114835730136
138.08552217869368	1.0331450922414223	99.02140136833924
139.82781226663246	1.0398858196128744	99.6674638387276
137.36818423525835	1.0915440221763975	104.61862476319364
139.11741954552838	1.0338305407234163	99.08709791934892
138.0234150394328	1.0970002293299437	105.14157287818487
139.78454780637853	1.0391927162588048	99.60103360939345
138.18494952734903	1.0273509364904587	98.4660626975993
139.7497251344257	1.073220527899236	102.8624163710569
138.80138200522114	1.0650709592689458	102.08132404203269
138.89092091116058	1.1096831625931212	106.35716382916767
138.90525868997585	1.0384838828216119	99.5330957361802
139.83576451947738	1.0345085455432528	99.15208103536901
139.73083850632955	1.04964918998608	100.60323038661441
137.8139896371131	1.0453198977485765	100.18829100635696
137.45154948751974	1.076438401208825	103.17083222371318
139.87589516984735	1.03643568336443	99.33678683237267
138.39908395812063	1.051372795172846	100.76842867510362
139.09586436001734	1.0332883012558995	99.03512718227246
140.25688214692542	1.0663795494767896	102.20674537652931
137.87782101147988	1.0646384665390562	102.03987193959625
140.48236989748918	1.0387825096105108	99.56171750803486
138.53234655727292	1.0693413025801517	102.4906134847015
138.7063512143758	1.0814247626012101	103.648748149086
137.3924434367663	1.0827880689387672	103.77941373038047
137.6055675642677	1.0944210175903764	104.8943693026217
138.14521689620238	1.0327939696024457	98.9877481515503
137.19976666624453	1.100763314648612	105.5022443700416
139.512489732102	1.067128667658585	102.27854432588207
139.39124373990896	1.0324131437505246	98.95124804152927
137.17303345488986	1.1025223825835315	105.6708415722409
139.47137537578567	1.0790549659967503	103.42161588809599
137.99260384653272	1.0293823546337009	98.66076320270696
139.5901439592623	1.0411319073279406	99.78689464539778
138.93907265721393	1.0334137124522373	99.0471471710445
137.80816201611412	1.0353007351394923	99.22800814818031
140.524046793076	1.0470355338697057	100.35272550275842
137.6818033391099	1.0726440605625418	102.80716507677964
139.56246232177594	1.0405218832061758	99.72842711372265
139.08648775096023	1.045010278018312	100.1586156201868
139.6869003114369	1.0405533894831873	99.73144682094964
139.58559247447272	1.0536740285454225	100.98898951901542
139.2025528935015	1.0867750098983076	104.16154058163424
138.91996438085144	1.0814153940093756	103.64785021993814
138.79677809312463	1.0709923893861117	102.64886127635702
138.30058494740243	1.062142309280735	101.80062868943621
138.24191922307412	1.0284593444985364	98.57229764472528
139.60154560733108	1.100348058997836	105.46244434894606
139.8054661284156	1.0578857439554639	101.39265979262834
140.24118061167803	1.049842880600673	100.62179459045461
138.21208371541601	1.1065757772233455	106.0593376513952
137.43509811589058	1.087999383269434	104.27889018520636
138.13389668114093	1.0474281132576313	100.39035212600103
137.62411951701304	1.0806312954469866	103.57269858921198
138.09172883598362	1.0562700428331107	101.23780352846053
140.33454734464135	1.0423292442083731	99.90165294672524
139.05412649660587	1.0668254320379866	102.24948082229294
138.92172103901657	1.0316959542071393	98.88250928047233
138.28547339127212	1.027772231983542	98.50644160510085
140.39267609630272	1.037205448161719	99.41056464879361
138.83639178563317	1.093395339698546	104.79606359225801
138.57285723862785	1.096544734993559	105.09791619545672
138.9197668906016	1.03384873295642	99.08884154705387
139.41611989785804	1.0700816492860634	102.56157173525929
139.81894032378779	1.0622912143665137	101.81490044117315
139.84834678650108	1.0533412724488342	100.95709663654861
137.7584250047641	1.0601966229008914	101.61414511282898
138.60845210547987	1.0734967872206864	102.88889434143735
138.49904188335293	1.0984332173308564	105.27891707219982
137.72126257107004	1.0722784183520522	102.77212023713999
138.5592227946012	1.0430325716431295	99.96906309921337
140.28209019444967	1.0542137837097725	101.04072214899267
139.9790126720791	1.0445154945484902	100.11119328529543
138.6298500091787	1.0385655277311363	99.54092096171378
137.94017115186458	1.055564532021584	101.17018411105002
139.52110604262046	1.0741167849108264	102.94831778600853
138.3044046085683	1.0292046421986858	98.64373042145685
138.65596133564563	1.0701714793316564	102.57018146206957
139.27538391254987	1.0322007166169198	98.93088804309714
140.25625184957872	1.04152975385934	99.82502609601836
139.51636109774395	1.034978897072891	99.19716170017618
138.26398408204903	1.0369523335396424	99.38630497338784
137.9687883170915	1.0807917071712472	103.58807319037061
137.70905015731725	1.0823159902976187	103.73416753122254
137.9672479305965	1.0393717962203062	99.61819746070341
138.4214021977639	1.0361071104430244	99.30529488475216
139.62849022455742	1.0622339523288513	101.80941218278899
138.17370247907385	1.05314004833128	100.93781038696086
140.43628998018386	1.0389805786592217	99.58070136124032
139.04985355043087	1.0513423122255112	100.76550704852318
139.54573244345616	1.063815653792919	101.96100976254282
137.6429416328488	1.0569821095400818	101.30605129319513
137.47954581720873	1.0960789605718717	105.05327422183329
140.08332028232758	1.0441628927095885	100.07739829514806
138.99093474855744	1.0305810301985614	98.7756498097381
139.54576402373132	1.0439974568100194	100.06154215380357
139.60166153426314	1.0708148070668853	102.63184096600556
139.36844641208	1.05348277769923	100.97065915385656
139.9342861214943	1.0349601435988307	99.19536428053404
139.83591277628733	1.054231522085062	101.04242227687631
137.71169949026185	1.088152942059266	104.29360796945156
139.01667255046934	1.0356152143855049	99.25814929280294
139.17750216336916	1.0319593431319167	98.90775369254204
137.53109161102628	1.097025115966037	105.14395812842689
139.79545552573316	1.0843084781648507	103.92513677872162
138.0733359960244	1.0325745259339938	98.9667156559844
139.98228412897424	1.072520599111243	102.79533196058485
137.73039075795407	1.063759439385885	101.95562191392075
139.56589534026637	1.07527536098808	103.05936107278697
139.8238419240117	1.0549558783835964	101.11184793287518
138.4152685933345	1.087765218966126	104.2564467959495
139.9635506132576	1.0620741062868981	101.79409179923759
138.9090827924269	1.0310528575916944	98.8208719281248
138.1763040359071	1.0770117239151462	103.22578212207937
138.07133250402146	1.028437799216674	98.57023264531824
138.45845626647707	1.0570825831218023	101.31568114570779
138.09220944860266	1.057418779148338	101.3479037269619
138.01282608238296	1.0309259594686475	98.80870942542363
138.78762337025523	1.1093877099893381	106.32884628588724
139.61866362272508	1.085072490827466	103.9983632839661
137.9977683887594	1.0557860298965056	101.1914134912596
139.20102670393396	1.0609497483851915	101.6863281405776
138.3107405371072	1.0797796038721938	103.4910685317274
139.8929300510624	1.0365229740035125	99.34515317072457
139.82580058564523	1.08634906372379	104.12071593132622
138.42608522957528	1.0288865717845905	98.61324508268494
137.912660171301	1.065252865146555	102.09875874220526
138.1058320829444	1.0267454742640842	98.4080323990658
138.344312522256	1.0425024091314516	99.9182498734104
139.4153639808031	1.040758574948906	99.75111274445685
140.57183633657712	1.0439623434257335	100.05817672474146
139.2345719223935	1.0694368085258026	102.4997672160103
139.28357130413337	1.0769508793661553	103.2199504992493
138.46781929685164	1.087094617456945	104.19217324744454
138.19678310286653	1.0319445518435957	98.90633602709642
138.6665916702859	1.1075895430281293	106.15650165227257
137.76626917162372	1.0686571148679405	102.42503777169571
139.8389521410666	1.0990910455823435	105.34196637264283
140.11788429488502	1.045991804921604	100.2526896957204
138.18617886254847	1.0621594823772527	101.80227463838935
139.19198551934485	1.031847567347843	98.89704058471129
139.72992976610865	1.03463371252789	99.16407761776279
138.7893235548811	1.0298281600339718	98.70349125301074
138.58704261384645	1.04076434193834	99.75166547938221
138.29197122297808	1.0412762389106083	99.80072805145545
138.1027533791363	1.058804633787577	101.48073044171939
139.2728295570271	1.037215315161669	99.41151034767917
138.57184562447858	1.0712438714678267	102.67296448154809
138.22651741811123	1.0551236404813116	101.12792702780287
140.50763366885806	1.0384563478652258	99.53045665867941
138.98424218370909	1.0807129130246176	103.58052119513054
138.6282688783033	1.0605788085779073	101.65077555477293
138.29743291539893	1.0673330538039776	102.29813363883437
139.9794269026972	1.0519511175511307	100.82385776514187
137.6963332036798	1.0530376092250933	100.92799214949768
138.2379093853777	1.038923868212811	99.57526596991147
139.07165984339628	1.0665233638234097	102.22052920829327
138.34170240179216	1.0989119370840512	105.3247997862349
139.03307797122596	1.0354034988469079	99.23785749692571
140.12416940473088	1.0644670508678917	102.02344266930047
139.12404656937838	1.078774719393339	103.3947557581811
139.80327547079344	1.0711247130977006	102.66154379254394
138.03008403317298	1.0423678546662942	99.90535355148978
140.02987287401163	1.0482953501635122	100.47347211987562
139.73940897486563	1.1074386367403588	106.14203809608617
139.6773891218819	1.0986544733976646	105.30012327640205
138.92976711515462	1.0415861737051335	99.83043363484076
138.5775026655186	1.0749035619205272	103.0237261315062
137.926796072387	1.030903352225184	98.80654264270778
139.33144555418278	1.0546759770542478	101.08502089562252
138.760252105285	1.0430511889408893	99.9708474670894
138.63644375570968	1.0342346859967777	99.12583307051517
138.83128661468334	1.0794884379250718	103.46316184143647
138.0675914981687	1.0404144916850022	99.71813421391452
139.43102013980953	1.0396494693501654	99.64481093701711
138.09914304114096	1.078937241408999	103.41033261942229
137.99895242780457	1.0743743912782127	102.97300797104793
139.69444936126953	1.0493443790018957	100.57401589289707
140.17200589847315	1.0608584218103505	101.67757497948644
138.17196135335118	1.0485739265509322	100.50017216856928
139.1120768261218	1.0995115522669272	105.38226967709147
137.42909045645354	1.100068273501237	105.43562841363958
140.3988154121007	1.0456432356194378	100.21928120253425
138.41389995373495	1.10500388829483	105.90868055040728
139.45850137798752	1.033736453680474	99.07808018223464
137.97275680918406	1.068506385825261	102.41059120349819
138.76905985796574	1.0319424745192889	98.90613692673242
140.56145954525343	1.042954089772251	99.9615410339248
138.9572832677373	1.1109177398647838	106.47549142173486
139.1230341950431	1.054412929144839	101.05980916804205
139.20611767043545	1.0739045703860555	102.92797816498982
139.692950016107	1.085222054801637	104.01269818661225
139.754429439565	1.0364425691457642	99.33744679748538
138.49238357428902	1.0906853468922857	104.53632535472562
139.47581112025355	1.04355404222009	100.01904324981446
137.18537327946842	1.1029104022445302	105.70803117017743
138.97173376468785	1.0358083504776139	99.27666034864502
137.44811538162617	1.0680882577078206	102.37051587191951
139.69964463331905	1.1115655426385214	106.53757983404745
138.6002404462807	1.0416349488923513	99.8351084742477
137.95145906730778	1.0931617608298636	104.77367631376183
139.11559335600154	1.050285423095946	100.66420990886058
138.88483379357203	1.0573088287661379	101.33736557408463
137.94076250810727	1.0307565854846132	98.79247583986012
139.81907794293664	1.0391753884547161	99.59937283255155
138.42904965734652	1.07294030322929	102.83555834334672
138.4389426279235	1.0425818234421809	99.92586130804447
139.113934190665	1.0644167221432141	102.01861893168211
137.96006686740176	1.0481130473077784	100.45599937148455
138.17196135335118	1.027668637373798	98.4965126188354
138.76093594606655	1.0387882375298616	99.56226649830282
137.81527119123044	1.0928834374973335	104.74700051901858
139.25963067139506	1.095040314020072	104.95372553515031
138.9732945440855	1.0482029062861988	100.46461187135077
137.6084851851301	1.0620201406246974	101.78891948071522
138.94014368565828	1.044122335615733	100.0735111157972
140.0341366942055	1.0693069310236516	102.48731915584352
138.21928980686957	1.0273166640532667	98.46277786879399
138.1358821441438	1.050986485452239	100.73140296575845
138.23444333392098	1.038286132397185	99.51414242139896
138.14469484223002	1.0724514410076909	102.78870352825608
139.09329839332523	1.0587745730377605	101.47784928050073
138.2784632297802	1.0275231021654472	98.48256385172849
138.81637875737698	1.1060019223436364	106.0043367470715
137.6916754948148	1.0895607550336337	104.42853927255051
138.44270060859745	1.0449513599920492	100.15296864420036
138.15371381524332	1.028937819428538	98.61815689377383
139.2166671524302	1.0350107381226465	99.20021349357044
139.64687297925835	1.0607166184371744	101.66398388871312
139.46295697486033	1.0962079235793114	105.06563463259965
137.88552028177648	1.088055772867168	104.28429482491492
138.79668477495144	1.0467453612476216	100.32491401733078
140.43854197130554	1.0389509377420154	99.57786043871971
139.43532619698598	1.042217629003744	99.89095522957071
137.6650868258238	1.0652693875776482	102.10034232837641
138.28890184399248	1.054428605578673	101.06131166992525
138.08819084728364	1.0345439245310806	99.1554719211023
137.70684755774124	1.0655193265253882	102.12429763247415
138.03601842702514	1.0264726867564988	98.38188718337469
139.5040011522337	1.0698117388591164	102.53570227227588
137.82980785662144	1.1054680499060134	105.95316794481677
140.5154635640385	1.0438625642141477	100.04861342387225
140.10700980790753	1.060033003114788	101.59846303619405
138.18850443561752	1.027454603623753	98.47599863485705
139.50731436317545	1.0847741617238076	103.96977004364095
139.6299348599575	1.0388653770463905	99.56965990614546
138.6098363405475	1.0291687419755131	98.6402895781187
138.90479108883218	1.0371079648087338	99.40122139362533
137.88928886030666	1.0863577232252792	104.12154589797761
138.32647593761664	1.055514252833629	101.16536512126015
138.99433862173686	1.0353321922994747	99.23102314780418
138.62714248195022	1.0488063829029477	100.52245185987925
139.427313032402	1.05686314549165	101.29464922888043
137.50918503598766	1.0848227453043477	103.97442651857821
137.9434440876802	1.0279366910335037	98.52220412066346
140.24067867513432	1.0391188412991812	99.59395309177505
140.63903435035328	1.0394787912156842	99.62845235564632
137.40958795907693	1.082754454556177	103.77619197257003
139.7162267579759	1.0750198521421508	103.03487192389981
139.80280983653708	1.0504564291620029	100.68059992070945
137.72040974098778	1.0897390476983733	104.44562766569953
137.90412138979562	1.0821728837622056	103.72045153935655
139.1797276848557	1.1007615654083815	105.50207671477202
138.61071441977498	1.0345343199935637	99.15455137782956
140.65603201896602	1.038558726330346	99.54026908402244
138.13790862369993	1.0442225349076546	100.08311467910764
138.7522228531004	1.0635653954511386	101.93702384624382
137.94438216356738	1.0503184121692053	100.6673717341342
138.38885932248448	1.0280614906378682	98.5341654916337
139.48957289370702	1.0348509884098758	99.18490234265319
137.61339890756986	1.0607928276987562	101.67128813662151
137.77188884224432	1.0554894984450205	101.1629925462284
139.6968674167661	1.042795472089409	99.94633838198875
138.13675208769038	1.0280195878545617	98.53014933518541
137.9808273572656	1.0911697679724086	104.58275451028796
138.3437062225141	1.053496011470041	100.97192753962437
138.43789250220087	1.0359595323041366	99.29115031373911
139.51595080262894	1.0440093559477768	100.06268262217016
139.51065935612087	1.0799668819352108	103.50901812698247
138.85734711491466	1.041985026862559	99.8686615651528
138.31601936678248	1.1086127480773411	106.25457035396894
139.18984305306012	1.061854431721206	101.77303717341285
138.49631042787706	1.0302984612687682	98.74856709732781
137.77131973404198	1.0427967933919482	99.94646502173184
138.99978322047224	1.0330972017022877	99.01681131769388
138.9557749978604	1.0388597777115707	99.56912324001333
139.86134554700297	1.0478699917090837	100.43270379937768
138.01386752271435	1.0898510659613247	104.45636401382681
139.3270018707131	1.0619276501571269	101.78005476676476
138.40925920197125	1.02850414512361	98.57659154372388
139.84636602729339	1.0521334004043221	100.8413285963968
138.83123473553482	1.0300750421541645	98.72715357662614
139.4716591673137	1.034652182032275	99.16584782043861
137.77278316771728	1.054510182171412	101.06913034766231
140.5565891555258	1.0418271700100372	99.85353183471157
138.4624628964479	1.0358871684795514	99.28421463028805
138.70860757614835	1.0715166664667632	102.69911041524493
138.17667277117823	1.0549076909568922	101.10722942715277
139.329087417488	1.0619858749481308	101.7856352998795
139.6755208826176	1.0524011968358447	100.86699544428676
139.85782801490052	1.048624142710603	100.50498511743703
140.46099267483595	1.0415340348161581	99.8254364027086
138.62022964576954	1.0459766083484632	100.25123318590421
138.6411673923527	1.0570884629353507	101.3162446942178
137.9798784157497	1.063176606449321	101.89976051112691
137.297638731505	1.0996004651515703	105.39079149895673
137.82120133360485	1.0870386870525608	104.18681261894926
138.32844834059043	1.100654109547831	105.4917776483806
138.37316634309164	1.0282989187112346	98.5569216956998
138.17400974269157	1.0339773745953444	99.10117115637618
140.3946260196993	1.0372198460825601	99.41194461208163
138.2672777020352	1.0741666540802386	102.95309747772596
138.55069926367605	1.09183516317988	104.64652906277085
138.16993352850295	1.0716306136898484	102.71003164382807
139.63305626229953	1.0672085063302756	102.2861964332323
138.82239531291503	1.0399886611503464	99.67732064706539
137.68932142986216	1.0929491860441132	104.75330216366554
138.87388715632568	1.050616757172213	100.6959664983265
138.94319052332756	1.0523947456360567	100.86637713147832
139.7332266722042	1.0449128248355617	100.14927525667328
140.45159490635098	1.037560572751447	99.44460143104163
138.50054682359135	1.0417362162340118	99.84481440438218
138.41943648220666	1.0568911399849685	101.29733235052502
139.8003230021323	1.0537034525487199	100.99180965150433
140.28809764167286	1.0509010032225037	100.72320995371778
138.72276907408863	1.068053453426833	102.36718006874636
138.29218680502484	1.0351123139323872	99.20994898871164
138.56159643051842	1.0749588245729473	103.02902275956656
139.43658657792048	1.1120068582451192	106.57987756177145
139.80052406059343	1.0971638171162739	105.15725188781363
138.74394629624103	1.0360296773911144	99.29787334312172
140.06803743667632	1.0409595065532402	99.77037095822546
140.60617669455	1.0384389527628017	99.52878943165399
139.05546056478917	1.0340074970783748	99.10405823439142
139.5483431484461	1.097001947618141	105.14173756686851
139.18381329230223	1.0507270094668506	100.70653358788736
140.3634261546029	1.0403377571647885	99.71077962279084
140.18702329606458	1.0477366993175463	100.41992844042674
138.6709251055999	1.0342948611628011	99.13160053658743
139.03132780195594	1.0409548093521994	99.76992075676483
138.52693176838022	1.031670023703501	98.88002398113952
138.82680445441233	1.0754475920397752	103.07586849292194
139.0032709912818	1.044799004815463	100.13836621981235
140.312102932338	1.0369056793236988	99.38183341767203
138.13062185836745	1.0296385226225655	98.68531552689994
137.71110058712506	1.052747672737039	100.90020329624703
137.91876453146475	1.0308441801052812	98.80087131321233
138.34993398364276	1.0458164928769302	100.23588697897644
138.60839012569275	1.0526847745642307	100.89417484461737
139.57677518078665	1.1046192086322637	105.87181107335971
138.84681126930872	1.038962768908318	99.57899439238788
138.0307989841757	1.0264403209550237	98.37878509534991
138.1180464328292	1.0652912493239484	102.10243765919806
139.0047911111065	1.0314888195587197	98.86265653828494
137.89562476444314	1.1038757225018798	105.80055192584848
138.0556241499799	1.0267469664387503	98.4081754159834
138.01161109524585	1.039400203101759	99.62092010753307
138.06946196710237	1.0324452698817665	98.95432715845101
140.37718669637454	1.055950705551177	101.20719676721885
138.77377523105307	1.0509730943999804	100.73011950540966
140.0908570722543	1.0527050166144751	100.89611493628196
140.03849660259482	1.0354887809810767	99.24603133088235
139.38111844855766	1.0846223794260779	103.9552225266107
138.72449812652974	1.0503902140363188	100.67425355698353
137.87821816806826	1.0867259160983598	104.15683520491045
139.7456766258639	1.043571854409485	100.02075045238317
138.87912130257226	1.0815496875294552	103.66072153167627
138.55491957347968	1.0287114790225191	98.59646338299925
138.8733367719745	1.08324668552231	103.82336966370889
140.1076168395567	1.0469157146371606	100.34124147364518
139.1952777825232	1.0660086251981982	102.17119427906636
138.56698396536186	1.0749019163341498	103.02356841090106
139.73478009981173	1.0344166833893127	99.14327654190127
139.46473302145006	1.110280649578657	106.41442974375354
139.721413794966	1.079438054340114	103.4583328457553
139.35662701781533	1.0395602783697708	99.63626246116952
138.05420378693213	1.0287203332403738	98.59731201216718
138.09460235275617	1.105939216570878	105.99832673595202
140.25562156057063	1.0376032230335106	99.44868923122614
139.16048493358096	1.0330856486422038	99.01570401901125
138.66834982107204	1.1105432711198249	106.43960060623088
139.3105825852805	1.0845541046213074	103.94867875372024
140.0152447870512	1.0386201418191388	99.54615542836233
140.10113158358723	1.051949820145446	100.82373341578376
139.60448602104532	1.0409309116296144	99.76763028856472
138.47118793820653	1.0283540108433833	98.5622019803091
140.50492734040165	1.0418947413040576	99.86000817987977
140.64197457181044	1.0389763322719616	99.58029436785633
139.23707199471986	1.0341653539599194	99.11918796761435
139.58761530417553	1.0508897267691524	100.72212916630302
139.3317704618702	1.0923917439402184	104.69987433564418
138.3595340369877	1.0311865550597414	98.83368611148089
139.30743975974946	1.0330193528016123	99.00934991919549
138.5774097527975	1.0300584885913011	98.72556700664224
137.4531050092709	1.0935608743861565	104.81192920190504
138.29233052689494	1.1023327953466893	105.65267065509224
138.58513241508166	1.0329447149143227	99.00219627906297
140.22294341645954	1.041787961424666	99.84977390264736
139.23210335588502	1.0898758732548401	104.45874165950941
138.66786373795492	1.060209293831382	101.61535955337877
139.84631306693134	1.044361471104976	100.09643096649346
137.87735257428866	1.0462855982542794	100.2808482067879
138.66240338169376	1.1117828504986353	106.55840762386944
137.7785661662109	1.0502877737920573	100.66443521044202
139.09486299138106	1.054829503275911	101.09973555838384
139.67943687900473	1.0688436855518542	102.44291956846767
138.7210711403172	1.0293824314877031	98.66077056874981
137.95461033483545	1.104538669799824	105.86409185936678
137.9680538224363	1.0453470121156274	100.19088977263168
138.10465581221322	1.0673077754093243	102.29571084064106
139.43340417841597	1.0363222217478552	99.32591214656222
139.43657607461222	1.0347520239905639	99.17541713524189
140.0618128822614	1.0357081703237996	99.26705861961926
138.4290187769993	1.0290024984834145	98.62435603337306
139.34079536796438	1.0419856357041157	99.868719919342
137.77330147701983	1.0652633649828336	102.09976509504985
140.346255167844	1.0372924716816962	99.4189053852157
139.77628665841928	1.0345001428309466	99.15127568057993
138.7040846041796	1.1073839173367543	106.13679353550349
137.95184659146273	1.0370760848062586	99.39816586682232
138.94881674318722	1.0403702898827396	99.71389770886222
139.0101743743067	1.0400828583764314	99.6863489446414
138.94872314099507	1.042811220198316	99.94784775354225
139.33160276731215	1.0809408599749675	103.60236868454011
139.70465035985274	1.0339883433462034	99.1022224521617
137.55226857244975	1.0984991777746096	105.28523902603223
137.78993076841246	1.0667408334639654	102.24137250390064
138.85803228116507	1.0410301305438499	99.77713988794588
138.89320636849232	1.0313071725009781	98.84524664460486
139.015204138406	1.0943766813947122	104.89011991668457
140.20539616567336	1.0414848358866626	99.820720949883
139.88983428032023	1.0350237108838474	99.20145686297073
138.61901043954995	1.0857050647932025	104.05899209692446
140.03944307403341	1.0508537665364532	100.71868257137446
139.51228986012916	1.076177723835451	103.14584769926412
139.6949667516731	1.0601632687761817	101.61094829933688
137.25784223660142	1.0884036032095659	104.31763249278104
138.37391694557326	1.0293749472839477	98.66005324806605
140.26977836591044	1.0611453389096632	101.70507444056297
137.82858698635553	1.036666428451995	99.35890250818737
139.86638920253554	1.0346365729039861	99.16435176942998
139.12725081819616	1.076770162970809	103.2026298045552
138.32785250248406	1.0814608348057873	103.65220547591696
139.66558980967142	1.0610283273565122	101.69385951242138
140.30918315629245	1.0370667316498074	99.39726941707295
137.61649934939345	1.0619255320658374	101.77985175910467
139.36297159233274	1.08906671076438	104.38118778605858
138.32319904089857	1.0353611675835246	99.23380027296619
139.07076322016803	1.0385069764767119	99.53530913883573
138.11946856008467	1.0886397751907	104.34026830716128
139.01068461706956	1.03068772242322	98.7858756857357
139.21495231629993	1.0316434261213514	98.8774747459186
139.10043336078675	1.0312816840325394	98.84280371196887
139.30944066881526	1.0347698762131798	99.17712817477957
138.6689496747863	1.0856259177075516	104.05140627437714
139.69741651163284	1.0340730944683483	99.11034539147134
139.78514020914116	1.051724497278129	100.80213743062194
139.41472356018582	1.0602385782059955	101.61816630320915
139.92510814239404	1.053472512958006	100.96967533360876
139.64016452626242	1.0579835629062035	101.40203521303671
138.0916879329894	1.1038196459824585	105.79517729301263
138.96566799936915	1.0485250303158793	100.49548572737825
139.8368340966522	1.0528932670354663	100.91415772682
138.04800165340265	1.0867783376885316	104.16185953243208
138.35109535002567	1.1098939805544588	106.3773695970913
139.19181829912586	1.1106589000596723	106.4506830183223
139.272452696098	1.0347537556320363	99.17558310376515
139.84521150455555	1.051773844705021	100.80686711612445
138.04385369096212	1.0451400042375103	100.17104918069606
139.2892362670801	1.0951558141620936	104.96479560266272
138.00333156693154	1.1010713952564466	105.53177223960348
138.37649786867988	1.049723011576288	100.61030578906129
137.99643127388694	1.0568021914572947	101.28880711246693
140.4153515911493	1.0380957512417608	99.4958954114235
140.12190027836832	1.0368731255359345	99.37871331217234
138.40118262844763	1.0672896046988616	102.29396927575594
138.27298304143156	1.0841151175305794	103.90660420172078
140.24346609170064	1.0425585614724118	99.92363177333303
139.60329507942922	1.1067998384680433	106.08081271681333
139.70502000145817	1.0936490985725074	104.82038501574247
140.18533786995368	1.0363980395006882	99.33317887046238
138.43163337953231	1.0335042100376577	99.05582087795759
140.02978781411855	1.0380036817352822	99.48707104433
140.26491649798882	1.0515055322416662	100.78115080935834
138.71330692958364	1.0639263785642588	101.97162213645484
139.01111155890982	1.0984077768779867	105.27647874159794
138.96740545879211	1.1120886640089045	106.58771820432095
137.70993325333458	1.0481076276202101	100.45547992357541
138.36587682052664	1.0436595867379812	100.02915912429017
138.52816938336747	1.0526104922290085	100.8870552822385
138.30131394668413	1.02822551694402	98.54988653102924
138.94929515713395	1.0401378291204864	99.69161759485466
138.20535006290788	1.0292369773269696	98.64682956962116
139.70234808401995	1.041065572480874	99.78053680702112
138.91176399530607	1.0408634966472348	99.76116892502674
139.14437148712994	1.033169934733093	99.02378238757572
139.0100702437731	1.106514300543128	106.0534454421863
139.6858551507796	1.0579339959291167	101.39728448482866
138.64288330862513	1.0384334092981318	99.52825812037528
137.4210140118108	1.0738442960941728	102.92220119823702
138.47509254547663	1.028887655003894	98.61334890343018
140.034466331981	1.0453767496833368	100.19373995858327
140.45143400191412	1.0376170742601765	99.45001679681728
138.29487652422216	1.0580530236104253	101.40869264801242
139.5507539636491	1.033590713200827	99.06411174097784
140.30190054015677	1.0387664397722776	99.56017730045552
138.6734281187014	1.0686661291347022	102.42590174069073
139.73009883276848	1.0792126054122442	103.43672477836736
138.23694543033668	1.0370532382836481	99.39597615048697
139.48755411801045	1.0328636783968341	98.9944293646344
139.2659941659562	1.0338691499591877	99.090798406977
139.45042138783913	1.0949387772677341	104.94399378345116
137.90154372899624	1.0338939546427803	99.09317580251253
139.4501482254926	1.032668633212654	98.97573533258343
138.48143946129704	1.0831046976033119	103.80976088521093
138.17347715359108	1.0373844607560225	99.42772204331995
140.1551169654988	1.0370624578583112	99.3968597971403
137.9611174435681	1.0808774889563988	103.59629491318705
138.34622395509265	1.0771980653265762	103.24364194431666
137.906271236695	1.0392962956888296	99.6109611407644
139.0184117895891	1.078403997188456	103.35922402839645
138.96592809423225	1.0490572512648906	100.54649624333044
139.73316326805187	1.041281386019412	99.80122137415576
138.40830229252538	1.0389360479806962	99.57643333516674
139.6888956805468	1.0628481591721894	101.8682806058344
139.15575374115605	1.0779442919967726	103.3151637578317
140.19582474682716	1.0371721544973944	99.4073736301043
138.77672904198903	1.0580811043217506	101.41138403318934
139.1171377861863	1.061455523176875	101.73480393456373
139.27903770837372	1.0466359649586434	100.31442897130921
138.1764064621053	1.027956956430548	98.52414644999327
138.24437040397956	1.0460019762121524	100.25366455922351
137.91089727642392	1.038996848450024	99.58226073319814
139.3043809354167	1.0346698887705732	99.16754491608677
140.0286607847574	1.0471206302603215	100.3608815341943
138.24162180744037	1.0273847692565314	98.46930538629215
138.6630135057808	1.1007499737906505	105.50096572054628
138.2528837857338	1.0282932376972935	98.55637720106313
138.03125860077242	1.0837265911816185	103.86936604046777
137.9542329884661	1.03014543899045	98.73390073482614
137.67280537555314	1.1052659475553797	105.93379752131104
137.52432447641263	1.067480691026353	102.31228387268199
139.04616452156563	1.035248795917284	99.22303005303405
139.62059293861506	1.0363354503412763	99.32718003610505
138.55118422025132	1.0784779675642444	103.36631369114113
138.15508573890818	1.052995289858685	100.92393606579923
138.78981081353464	1.0363397872464195	99.32759570514138
137.64088374242513	1.1057175020957968	105.97707659578192
138.94769352846984	1.0367424760183075	99.3661912584737
140.3512966277977	1.0406382341272675	99.73957872383386
139.24746067999243	1.0470178754661141	100.35103303973197
137.94034447971768	1.0264173438586144	98.3765828642181
138.2763901306081	1.0276154185041713	98.4914118763654
138.89862955353303	1.0437835669360804	100.04104195957625
138.24126285984048	1.0531768020680226	100.94133303498494
137.9047429003398	1.027281354419877	98.45939363031063
139.59841568434112	1.0357866871705237	99.27458403715455
137.93378901319394	1.1058953977937307	105.99412694179729
139.30498849500003	1.0376669650194292	99.45479855780482
139.53170229346145	1.0878503521834648	104.26460635702877
137.84745263924538	1.0459709160349682	100.25068760826605
139.2405764932155	1.0366397241513794	99.35634304457537
138.06236885464116	1.0285797420748926	98.58383710498279
137.95075541245546	1.0495746993804975	100.5960908626415
137.91528933997435	1.0707102131499897	102.6218162015234
137.8142845951793	1.1041481698210105	105.82666453630556
138.4764319258927	1.108668520208439	106.25991581282084
138.38680229998877	1.0724546895315301	102.78901488179719
139.6674365613758	1.0353489390253696	99.23262823142593
139.4874594899422	1.0451857509688125	100.17543375888899
139.51784450110966	1.034410780081148	99.14271074155863
139.73479066751676	1.0881825944466124	104.29644999132343
139.75808748431706	1.0505448818042777	100.68907763081869
139.16554039361955	1.0329738570119353	99.00498939240791
138.4129120863905	1.0736927328314914	102.90767467453827
138.7258441366453	1.1067060086537934	106.07181963368596
138.50194872592695	1.0440257157701267	100.06425062316768
138.2204379549421	1.0608681955856822	101.67851174329365
139.1634930790252	1.1118411360238303	106.5639939780298
138.9779875818317	1.0903687194333351	104.50597831544485
138.30662260752058	1.0278037405852027	98.50946153513297
137.36180102785482	1.0821720800755745	103.72037451031477
138.2838926851998	1.0657452714597617	102.14595323941819
138.09537955925967	1.0566551876565282	101.27471758867429
140.1396406825967	1.037730296469672	99.4608685367466
138.92293722317206	1.0443808341165257	100.0982868070262
138.24921157497192	1.0529818325426905	100.92264625442769
138.70559566630095	1.0526237160569099	100.88832271503192
139.94744604316548	1.0606798369574115	101.66045858166974
138.1851031926365	1.081555590022888	103.66128725393122
137.63894757470905	1.0833135441188608	103.82977770065715
140.2474499240188	1.0386136652869422	99.54553468757875
138.53732867453215	1.0298147770208728	98.70220856317218
138.78669036658678	1.100380434583297	105.46554737471325
138.2110280005626	1.027188605557169	98.45050415057577
140.5256905682205	1.0378737619319771	99.47461892982508
140.42514956185175	1.04025600852536	99.70294445530375
137.68472522136048	1.04514222106278	100.17126165147722
138.58049661127475	1.0737131796791195	102.90963439493082
139.18251756441487	1.0340529308145745	99.1084128136869
138.59414712183369	1.04583506137685	100.23766666984191
140.40805266981553	1.0377190123090598	99.45978701063235
138.1245742189986	1.0641865992150594	101.99656288650124
137.75872980781426	1.052056693245888	100.83397662775255
138.90189205939157	1.0791587370958042	103.43156178991269
139.27014971964044	1.0427666713982813	99.94357799061945
137.97705210188676	1.0309992772748797	98.81573654288552
139.7093080496389	1.1038815508868192	105.80111054520285
138.87307715881613	1.0675081022481778	102.31491109089045
139.24969981689452	1.0604879955047002	101.64207161005203
140.1783727839233	1.0702329163709425	102.57606987190836
139.02957769425157	1.0664983235375587	102.21812923154822
139.12352472435654	1.0596348012209864	101.56029752599817
140.06069574003865	1.0621509223872394	101.80145420937782
137.5670762803448	1.070799974894353	102.63041938202814
137.69242638271268	1.1000371138908258	105.43264193254201
138.33589690440795	1.057861321627354	101.39031904380973
138.1198061932013	1.066377614423432	102.20655991207072
138.27397846266874	1.1084556253068631	106.23951098134411
140.30798535131453	1.0403610168122996	99.71300893492635
139.98230537292778	1.03629765963585	99.3235580002089
137.7038330907531	1.082021729969808	103.7059642611826
139.07335930159184	1.0544018103358688	101.05874348999349
138.04722516211334	1.060615078275047	101.65425181020397
137.97181821796735	1.0479224649052088	100.4377330730524
140.55618062474016	1.039250902706597	99.60661046751753
138.36182639435222	1.0307314296266643	98.79006478615099
139.87339397588258	1.03546891210054	99.24412700552752
139.12462060524524	1.1115352409852344	106.53467558352658
139.92188300170162	1.0513950963536558	100.77056612335996
138.57171143228538	1.0642320816283017	102.00092213122952
138.51273230043526	1.0480778620559488	100.45262705430486
138.09672947216228	1.0519941037494918	100.82797776109709
137.8695526990573	1.0917674563714972	104.64003972927974
139.79610096729115	1.0349029344942748	99.18988109550351
139.30112328679814	1.0945642783004899	104.90810007130366
138.8850830807646	1.074284333694443	102.96437643592701
138.42815413489546	1.0291762659878523	98.64101071424115
139.84717103194035	1.048716823919913	100.51386811295752
138.54958491298584	1.1097238557483073	106.36106404926542
139.4295918726211	1.038135051394866	99.49966211976262
138.13969977070866	1.082669756877616	103.76807415554053
138.34714886768506	1.0882635986047395	104.3042138042812
139.3826712075236	1.0345229175713069	99.15345851697262
140.40178356890866	1.045522487999227	100.20770819245563
137.98063348607576	1.0473296072938687	100.38091085908879
139.10508624588448	1.056486585521091	101.25855798064822
139.87936102138104	1.0759183417420317	103.1209873204334
139.25389585623805	1.0457115229388256	100.22582617488347
138.70947702695423	1.110028612972103	106.39027339033859
137.5395998159652	1.1050411619552736	105.9122530303222
139.1568085594811	1.0323333084099118	98.94359625344492
138.6002301179903	1.0721795667064615	102.76264583848344
138.65574420236806	1.0482582775078286	100.46991890518602
139.12571651035313	1.0987494291477526	105.30922427442478
138.90013609824578	1.1083808219038402	106.23234147741859
138.84257679536077	1.0846032109357857	103.95338532989447
138.6055597964671	1.057975762037221	101.40128754169379
138.32073380282486	1.0279742648882801	98.52580537259091
138.54338420593226	1.099959941505111	105.42524537436465
140.19365890603288	1.071482033496505	102.69579103128399
139.72964446745542	1.1046450454592782	105.87428739429187
138.42309009795957	1.045356302267056	100.19178018368845
138.44315364422428	1.0612722363015252	101.717236873184
139.58355919372227	1.0789959762243893	103.41596203563182
140.01980495549444	1.0358121383796832	99.27702339868897
139.3645447539803	1.0681792732033206	102.37923921772865
139.45104126188713	1.0446939503606791	100.12829731525017
137.8021520134227	1.1053046837489615	105.93751017716252
138.1810056092818	1.0578744533478979	101.3915776486082
137.70328502457485	1.0906773666818472	104.53556049446856
138.7182965914134	1.0903235670487093	104.50165070218476
138.2238517973074	1.0846084146144197	103.95388407450884
138.81071555625095	1.0417028896135463	99.841620227024
139.75600469090452	1.0437877966086218	100.04144735094432
138.20424324584857	1.0603999443730694	101.63363238257891
139.82253972259727	1.0402708158725547	99.70436365990605
137.94032408817537	1.075739388576133	103.10383562180012
140.04623907427452	1.0388927473222649	99.57228319990476
140.51480833783666	1.044908419785675	100.14885305632973
137.80255875985623	1.0798300470946427	103.49590324334142
139.2747976553245	1.0351537631899976	99.2139216771608
139.19608259129572	1.0586884076866359	101.46959079494839
138.50248475765508	1.0285252064733212	98.5786101608366
139.3245391528476	1.0324415062817087	98.95396643762416
137.18725264122608	1.1015099062587415	105.57380116108676
138.7676919644619	1.06075891796601	101.6680380710869
139.03871435142284	1.0936806855875092	104.82341246127167
139.30292491793824	1.071890353628607	102.73492632021029
138.53447137548338	1.0584032577943756	101.44226071116472
139.2851105180224	1.0319257420943584	98.9045332137812
138.8869735490861	1.0354747052363231	99.24468224643984
138.99636856507223	1.1106405724241717	106.44892641301615
138.3109664680467	1.0280743657229696	98.5353994993051
138.00400531364005	1.0380314305309486	99.48973061717587
137.6392111325877	1.0940518728630542	104.85898876557837
138.8044204039061	1.0694278272522177	102.49890640923384
138.45599476632353	1.0520118985715756	100.82968329910243
140.32301357253036	1.0370447369569356	99.39516134403735
138.5221878577495	1.0293367773766693	98.65639486771154
139.26148311721388	1.0857643750241253	104.0646766636185
139.60318968776696	1.03723583680315	99.41347723666028
139.4287517348758	1.0607087253697838	101.66322738064858
138.73966871042714	1.0835321247517846	103.85072747890865
139.09543668969093	1.068964358081269	102.45448538149728
138.3045483648385	1.0276762790887364	98.49724503611904
139.46912612331076	1.0390766966097658	99.58991374992706
138.43349662327563	1.1075280943486103	106.15061212678006
139.453920101728	1.0380114786263517	99.48781833441133
140.10205799497	1.0750240332828513	103.03527266375195
140.22150224933125	1.0386150132130163	99.5456638790445
138.15682629187145	1.066811666078931	102.2481614291437
138.7409426264908	1.0312926932016973	98.84385888163101
138.47281567991354	1.0981071166727496	105.24766207772193
139.36843592333673	1.035632219368101	99.25977912894074
140.55464329062045	1.0409506463822031	99.769521758477
140.19700906585592	1.0414233208044035	99.81482506004492
139.75537035535234	1.0862326416994104	104.10955750634719
140.08479986934202	1.0359010095812822	99.2855412254586
137.4261525063186	1.0829680320676085	103.79666222853074
138.18350509616482	1.0470687484559023	100.35590894223441
140.01303395206781	1.0471855550988918	100.36710423083889
139.80743462997074	1.038958288523305	99.57856497157759
138.40676921707413	1.0804789314225658	103.5580953168066
140.32383732056834	1.0498949459162534	100.6267847709725
137.32578516705672	1.093773672936636	104.83232479864735
140.38544493769302	1.0384740841018427	99.5321565815828
138.11118189730152	1.0280216538316167	98.53034734797636
140.1611510884719	1.0467142807686531	100.32193512055652
139.5747528004094	1.1015468994945066	105.57734676380426
140.3433118877214	1.0539317752067732	101.01369315047688
139.61456276235447	1.0930262367212662	104.76068705673173
140.09549896204243	1.0359697961097472	99.2921340443134
139.092776871598	1.032864983475349	98.994554449392
139.40374322118623	1.0699931819374278	102.55309261562448
140.08625821202713	1.0496150525772001	100.59995849954669
139.98260278926296	1.039951191514455	99.67372938395764
138.10816424712095	1.0706218260356828	102.61334477191754
140.17404278292895	1.0498555404123124	100.62300796532232
138.58902516675818	1.111243169971581	106.50668214747562
138.09506253939878	1.052463534492024	100.87297017341167
139.1119933506966	1.063356624839909	101.91701430581844
139.61605969452899	1.0538395993949154	101.00485859458445
139.1054827002101	1.0959374847616254	105.03971452620533
138.49625889239584	1.0374013336092591	99.42933921556913
139.20795765586172	1.0315661781629857	98.87007094450904
138.81775835199016	1.0628371933830505	101.8672295939138
138.29957874014337	1.0286529341387094	98.59085217071035
140.560169326786	1.0415392524408311	99.8259364839758
137.64906509666926	1.0785815365052918	103.3762402172
138.27495337855382	1.0274587002782294	98.4763912771589
138.28147039938486	1.0865259551500672	104.13767002330377
140.32405128343348	1.0385502437191443	99.5394560713539
138.306098904631	1.0978281483859125	105.22092446757658
138.17106008796333	1.0673841671236481	102.30303257566364
138.28606873481266	1.0289917291597312	98.62332385160988
138.3232298571285	1.049143209296624	100.55473485843397
138.93989412357877	1.0340500774037338	99.10813932960198
138.51296944114804	1.0485752175794418	100.50029590670943
138.73509116466934	1.0947212479727597	104.92314477028856
138.10542294224558	1.0273773264632788	98.4685920345824
139.38428696826983	1.0639314306524135	101.97210635193694
139.50057247809053	1.0369573780989443	99.38678846726988
139.51893867143366	1.0563230858861776	101.24288741985872
137.4350678234504	1.1023327351982675	105.65266489018944
140.05995099300912	1.0481934060861664	100.46370132826485
138.07318266479834	1.0303782343846277	98.75621292150416
138.35558690101433	1.04343450007958	100.00758577848273
138.29159139015786	1.0753963646721891	103.07095862521324
138.33081121541758	1.0952019600959126	104.96921844227018
138.18274704218445	1.0301983768847407	98.73897454732112
139.17143211813226	1.0333462260893786	99.04067896607145
138.7413672723537	1.0794044505424127	103.45511210244955
139.6965189559341	1.0339424827403063	99.09782695970124
138.6558786180963	1.1047136821964867	105.88086585646023
137.85866945639188	1.0308945380420986	98.80569785065718
139.62171050079138	1.041040622300128	99.77814546636588
138.23144918263498	1.0411406588465135	99.78773343139183
137.9172663997652	1.0318590985976284	98.89814579299407
139.09609384317497	1.0628677953596206	101.87016262880637
138.84623004580223	1.0376661185459528	99.45471742787402
138.29430161050314	1.0287594005815301	98.60105640673294
139.49837446674695	1.0398772393959692	99.66664147107724
137.83290085650893	1.0587807095284303	101.47843743013254
138.82297625995915	1.0423226340001241	99.90101939381087
138.14921948641364	1.0936833563901434	104.82366844334196
139.78841971263532	1.0543038707467958	101.0493565070496
140.3132045794093	1.0382304847925221	99.50880889773623
138.24236022185195	1.0312299967077767	98.83784975983824
139.42809013652757	1.0888690734702595	104.36224531420883
138.42538532047323	1.0384797004039	99.5326948739334
137.18022798771923	1.1000815172504061	105.43689775577937
139.70400613406264	1.0364074678046693	99.33408252269838
139.12024766314002	1.10350397404965	105.76492183577425
139.27720554196307	1.0605166987713943	101.64482266381326
138.85407713244848	1.0708242113694197	102.63274231783198
138.36477679983255	1.0934995429238341	104.8060509110505
139.95706354991648	1.0603886836773666	101.63255310545006
139.09214062251	1.0311896296604008	98.83398079542047
139.96643875245502	1.0362903117538953	99.32285374523669
139.03325507511826	1.0628150920625838	101.86511130119662
139.73556211619905	1.0592611608583635	101.52448610648648
139.75120509134325	1.0342122701745193	99.12368463449246
138.38817021068704	1.0672231922713427	102.28760400171015
138.29982515641382	1.08792658179675	104.27191255553849
139.49817465242924	1.0367776227151455	99.36955988036478
139.33195911893085	1.0378346211304135	99.47086749447432
138.11483400248534	1.0321003126536528	98.92126486313887
140.0614404986299	1.0410377216339346	99.77786745310952
138.57074113010125	1.099498917557994	105.38105870818318
140.26024743489936	1.036585489431553	99.35114493832644
138.31119239998654	1.044710872372129	100.12991919904975
138.68521049953867	1.0332323247414126	99.02976213437178
140.16095917884218	1.0565905149033996	101.26851905306371
140.13441909985335	1.0658044392792743	102.15162415674436
139.37508623567751	1.1109111054791991	106.47485555155288
138.48181040951062	1.0386646437664073	99.55042070069943
137.81641037699995	1.0651411459171172	102.08805105483219
139.21245336284525	1.1090927889096802	106.30057968633594
139.07657070648187	1.0335960020385797	99.06461864763578
137.89664347089044	1.0370671161247789	99.39730626693145
137.95550781835271	1.0826266129125799	103.76393903849788
139.9466287497871	1.0369911851307685	99.3900286894734
138.5188158262287	1.03161130345501	98.87439596108895
139.19886294054444	1.0347170564450627	99.17206568404309
138.20565751633572	1.0322424826690701	98.9348910945994
137.91134563705643	1.0345158254096345	99.15277877141432
138.1497415864123	1.0277793149562362	98.507120469945
138.83557201783805	1.0740538438646028	102.94228522519258
139.98989006396437	1.0726536158660596	102.80808090123831
138.53684385069823	1.0288192602933857	98.60679363821953
137.6506366311254	1.0565086966929509	101.26067721756849
139.8597138888232	1.034629477298977	99.16367169384638
139.18072032060732	1.0926932077550666	104.72876802118002
139.8146108134932	1.0512968477019167	100.76114951842146
138.9290497766583	1.0745830307565947	102.99300494309503
139.5833274261669	1.033296811477465	99.0359428412459
139.43174479126992	1.0334927250243966	99.05472010119699
138.98501235535633	1.0314785297448883	98.86167031496252
138.5076288888268	1.0484275925596482	100.48614684241366
138.06657963347357	1.0733860974529033	102.87828532242798
139.35285212217445	1.0323699676920386	98.94710984850202
138.06967661542663	1.0335051832598519	99.0559141560714
138.9036896456517	1.0966287181004974	105.10596552463879
140.47750766176927	1.037634843649456	99.45171989722509
138.39576124049123	1.0859564700229525	104.08308793626797
137.303460207695	1.094669202475302	104.91815648923114
138.16295965207448	1.102613628294681	105.67958698298207
137.7248161800338	1.0640431959956673	101.98281845907128
138.31396528254464	1.0461101158303059	100.26402916010426
139.90504999583084	1.0630683125833562	101.88938112642292
138.01598109863562	1.0542981374442861	101.0488070008348
139.06568613571753	1.0678083279233694	102.34368610739828
138.25699738525825	1.0273886165817965	98.46967413172989
138.17246320117158	1.0271032425970006	98.44232256988172
139.2559992420846	1.0992066517517942	105.35304660231415
137.64887246021522	1.096156722591002	105.06072729320279
137.8327482370592	1.0802811230750258	103.53913645040647
138.49441395667503	1.1088509950653451	106.27740504659936
137.54449695943384	1.0852529338795753	104.01565778018086
140.09300761666398	1.0358456720597076	99.28023742159242
138.8130284713714	1.0369539001530375	99.38645512485732
138.7387055270325	1.0615172841456073	101.74072339129798
139.3259014921884	1.0944324036976394	104.89546059977422
140.38298123920455	1.0383879611306932	99.52390215792317
139.2445520463033	1.0473375797583075	100.38167497693344
140.50040639953957	1.0409477265231806	99.76924190569119
138.89212595746054	1.0303629794518498	98.75475081823056
139.74217805641226	1.057477578296846	101.35353930915481
140.0234831689379	1.0435808740268668	100.02161493420635
138.32969140456865	1.0288321525931683	98.60802929582553
138.96209963482406	1.036453135382122	99.33845951442049
139.17757530098262	1.1135107423974588	106.72401677065761
139.60316860946182	1.0581609088199209	101.4190328651914
138.2380016798982	1.027704120321708	98.49991346858356
138.49863988632993	1.031531557855621	98.86675277421834
139.40996791110936	1.0428963715304589	99.95600905082807
139.56358908344183	1.0448627716388625	100.14447792693001
138.84198524294422	1.0482502625358219	100.46915071321956
138.69363260839984	1.0293987962787545	98.66233904597065
138.72650680101293	1.0319330484323093	98.90523348698405
137.36766991979493	1.101504131935468	105.57324772325234
138.04409888142303	1.028169714390079	98.54453815631142
139.67229121452286	1.0672036481956373	102.28573080715177
139.70662533477517	1.078275795982904	103.34693663224442
139.0501453497058	1.0422300632228108	99.8921469826034
138.09385583651792	1.0423684352251974	99.9054091949387
138.76417913595137	1.0774517175835157	103.26795314913291
139.78077140904352	1.0480650717823987	100.4514011753646
138.05819929657093	1.03745984288851	99.4349470153525
139.97945876673865	1.0469467469465183	100.34421575362133
139.00788355287227	1.031242086157355	98.83900846856946
137.95795557990962	1.0708424656194686	102.63449188953719
138.83100646791968	1.032880346752979	98.99602693693704
139.290042608623	1.088233946202052	104.30137178093898
139.4128653378237	1.0660665972577155	102.17675058922717
138.08237312335916	1.0473869189915168	100.38640387711553
139.11689777023145	1.0450422965412003	100.16168442342648
140.16309155134135	1.0361672224940905	99.31105630159516
138.8130699596123	1.0555320740564487	101.16707318963404
140.10065241231555	1.0449857997081111	100.15626950578581
139.93713005815835	1.0365390586400167	99.3466947966386
137.48667104606514	1.0709675057116803	102.64647630997437
139.9481784347278	1.064026600956308	101.98122791378827
137.74011977504526	1.0467477853188354	100.32514635152124
137.55175245304923	1.0573455997027115	101.34088987062002
140.60261454691613	1.0419223930108539	99.86265844727951
140.64894352370771	1.0395255962372523	99.63293836527029
137.7999963104912	1.0860373788787312	104.09084261500814
137.45302420181318	1.0871243213125823	104.19502020227533
139.28257659962682	1.032336571881671	98.9439090396638
138.91062082919666	1.0522219139273308	100.84981214159698
138.98788499244216	1.10171118083756	105.59309224711535
140.1805379315953	1.044951997847717	100.15302977923605
139.07030448895966	1.0729881381394752	102.84014306225644
138.22094027782134	1.0296972499782007	98.69094422813204
137.64715904091554	1.087044348898152	104.18735527640271
139.44999063252354	1.0788913180782547	103.40593111512251
140.0987570707026	1.0370277040615512	99.3935288326089
138.30353181133358	1.0580186105970466	101.40539434573556
137.75958326585462	1.0498322174438754	100.62077258421655
138.106885635235	1.0307640889811245	98.79319500965076
140.26593157227273	1.0373030241583083	99.41991678335317
137.8550863254712	1.0414347148398069	99.81591711706709
138.43803663581875	1.0882200325054847	104.3000382279437
137.918856255223	1.0909326718330357	104.56003012031016
139.56149353814212	1.082743862817242	103.77517681135008
139.95787040381555	1.0912059134555718	104.58621886047733
139.06212101889207	1.0329095510395416	98.99882601075844
138.57916479971533	1.098608023418096	105.2956712956445
138.66784305367094	1.0303783420924806	98.75622324472266
139.44084060272704	1.0519760232754531	100.82624484488798
139.051562684831	1.056266974745081	101.23750946872147
140.22060554509284	1.045812982232013	100.23555050253958
138.80645301909755	1.0527206103358202	100.89760951061788
138.7086800298084	1.0583372022244946	101.43592964000452
138.7268381364713	1.0502017132157804	100.65618676699539
138.4925690880863	1.065362582776385	102.10927458701948
140.35189607265428	1.041315896733781	99.80452904054718
139.0618499970794	1.0310080336478067	98.81657579414329
138.43933385678207	1.033068987210061	99.01410711033698
139.01947410924683	1.0408812385635247	99.76286939229621
139.0676564415955	1.0463922314416547	100.29106842437936
138.40772609767336	1.0555638230279167	101.1701161578196
138.6293332942926	1.0568079592061597	101.28935992017963
138.07001392174502	1.0390368393300207	99.58609364399545
140.41208247854544	1.037956727654987	99.48257074822861
139.24998233203618	1.0364912984936117	99.34211724343518
139.5757113139952	1.0427667089145467	99.94358158635174
139.107454585887	1.036248708692349	99.31886631550736
138.1806573298002	1.0775213644599309	103.27462842771222
139.28458697049132	1.0331452672740655	99.02141814427685
139.63168535150166	1.0394589968823436	99.62655517523936
139.5831694034649	1.0334303764779886	99.0487443283022
139.19766089067542	1.1001716282220086	105.44553440783697
137.96353486987007	1.0466463198177762	100.31542142887399
137.85401754174958	1.0935613698780262	104.81197669213627
139.3960815328939	1.080813466541882	103.59015870903524
140.46412567930716	1.0415802432035695	99.82986522815702
138.88979899760972	1.0355342621431627	99.25039045569397
139.3752645687421	1.066855993478045	102.25240997197884
140.0370290770331	1.0469347188805183	100.34306292817598
137.461348022352	1.0707800860960341	102.628513147661
140.36615652842315	1.0415416738797427	99.82616856587423
137.5336914748658	1.0786538592564636	103.38317196398526
139.42428874432147	1.0341603252753357	99.11870599523867
139.53397547268398	1.0499765107066041	100.63460231751414
139.0567321318522	1.0980014811289813	105.23753747890537
138.30311082035593	1.0673212154994685	102.29699900100748
139.72640063402469	1.0387714694153596	99.56065936469811
138.45343040146275	1.0315100733965097	98.8646936043449
138.47056982212357	1.0346427957657716	99.16494819726877
138.93016217553892	1.0355465495536706	99.25156813791578
140.17766886542375	1.067825428902047	102.34532514424427
137.96987987705683	1.0271024932624264	98.44225075019233
139.92600994730748	1.0416059240703532	99.83232660113975
139.87340457388882	1.0815200932175872	103.65788507602673
139.69075387569964	1.0477527829382816	100.42146996898478
138.19183418429958	1.0962679206788033	105.07138503195242
140.19903634679466	1.0406637588797387	99.74202513409922
139.56580056044209	1.0846203341856138	103.95502650131046
138.29699144111217	1.0309505531925471	98.811066601607
138.62415610321983	1.0740203399454606	102.93907405470965
137.8123216299212	1.0905886749474962	104.52705986866957
138.80886944944916	1.0817667411781156	103.68152495669747
138.96446117695479	1.1053456284485486	105.94143450643841
138.30834778445998	1.0927115382732533	104.73052490277611
138.31971692682723	1.0408818368721209	99.76292673695778
140.41330434997113	1.038267906166655	99.51239553521398
138.6932911441552	1.0952705977501223	104.97579699232814
138.51101048593566	1.039867828471934	99.66573948461557
138.13900377473323	1.0742577776578586	102.96183118262509
140.53604874329574	1.0400068071051238	99.67905983925121
139.03496363916634	1.093110554591942	104.76876847121785
139.09153567192314	1.1131605740154797	106.69045501427041
138.91612905198332	1.0451629739997568	100.17325070888782
138.01268314123394	1.0273266894071755	98.46373874505495
138.5952004914818	1.02901523638163	98.62557689241915
139.88346313045247	1.0423920850600183	99.90767590442964
140.4216760886941	1.0376125270183594	99.44958096814185
139.82093054650363	1.036709792892644	99.36305875663192
138.32012778337574	1.062687965911136	101.8529269431994
140.16715398419353	1.058094844664396	101.41270097114341
139.7373058467638	1.060528985753062	101.64600030493304
140.5682660323638	1.0402818514860637	99.70542136411706
138.43943681224565	1.0662715356009456	102.19639282737275
137.51889319272658	1.0912466166261825	104.59012004049964
137.48452832244004	1.0675402254307054	102.31798992519376
139.65769705528888	1.0968047974202642	105.1228417805744
138.48606620394938	1.1035358470132597	105.76797668793982
139.9852052606354	1.035216851447783	99.21996834741333
139.70846308409216	1.0340037146613752	99.10369571006191
140.149467328659	1.0394182401332153	99.62264886000426
139.2294152690985	1.0511505710975413	100.74712969249245
138.2953179802217	1.0294160759127622	98.66399520596929
140.317739783767	1.037483525586735	99.43721687462401
139.75598354625242	1.0360627116692938	99.30103950104385
138.4501041291571	1.031207190977757	98.83566395325332
139.05605465354884	1.0639416612703807	101.9730869016541
140.0380605939399	1.0685038717173052	102.41035023977018
138.89803733804467	1.0322223407994628	98.93296060471015
138.28107011744933	1.0743784931458997	102.97340111300802
139.60137698683104	1.0877939307887103	104.25919866974678
138.55677703410004	1.0372823794399941	99.41793809811944
137.90982734060967	1.0341349333655465	99.11627231723001
138.51385615103848	1.036275126710526	99.32139834048711
140.20397687089533	1.038806654352078	99.56403165167606
138.10004304501777	1.0604900547559697	101.64226897821263
138.6971715560437	1.0357840342939302	99.27432977319887
138.90205830743065	1.0302165796829017	98.74071918763956
137.66465072633295	1.0997341244247925	105.40360202154426
139.29055574192617	1.1039059750457234	105.80345146949327
138.97786270592596	1.0309131916313063	98.80748569687333
137.67986565328619	1.0460088545272421	100.25432380873681
139.77739723016643	1.0638495662717957	101.96426009127926
139.2219061362126	1.0342339471640094	99.12576225736738
139.09650065683454	1.038074835850718	99.49389078366427
139.54739569905541	1.0923872522024949	104.69944382673762
139.4781552896444	1.1078360471746223	106.18012774914139
140.23024599925165	1.0365594585700473	99.34865002023169
138.07932649356076	1.0326773000465284	98.97656600200452
138.59975501891518	1.0368828554830718	99.37964587528282
139.52606189790015	1.1011227643423127	105.53669569024721
138.06067237604992	1.0265883987635982	98.39297755701548
139.8629136860126	1.0388265746990002	99.56594090980718
137.5090636953925	1.0888979161528134	104.36500973023051
137.80837558230368	1.1017334098440659	105.59522277785278
139.82806637965595	1.042038990745246	99.87383371311836
140.4338986973681	1.039018378031679	99.58432422782475
138.74888720561952	1.0955030492132376	104.99807621506332
138.77575478338437	1.0904801572149863	104.51665902756103
139.073328022695	1.0356550209515905	99.26196453810302
139.77771454105488	1.0542412227061244	101.04335202924018
139.57739665825707	1.054175238765257	101.03702782333575
139.0526465566028	1.0402991822860086	99.70708242809565
137.94493278125614	1.0846900889578712	103.96171212112604
139.24265838767843	1.0939762927966485	104.85174482264414
139.18828590408032	1.0316935375377576	98.8822776557077
139.69334068609484	1.1028151202308658	105.69889890154536
138.5990836908836	1.0290404277575866	98.62799135033833
138.01354079407156	1.0463603074642531	100.28800868281617
139.10666164889327	1.0329325516296122	99.00103049363136
140.30784632233377	1.048073786655995	100.4522364491347
138.47356775542764	1.028339199773947	98.56078241894994
140.03897515323735	1.0526964916156716	100.89529786098969
137.94169033929327	1.0606491701579015	101.65751933384698
138.55034844692312	1.029308599267753	98.65369414749931
138.39444455793682	1.0548420549106343	101.10093856507586
140.10420904221803	1.0538816067744516	101.0088847760189
138.10383755279804	1.0811479584452315	103.62221795924584
139.2309946331066	1.0325221753950704	98.96169813834287
137.64334713805945	1.0823482855385829	103.73726285640176
138.27295225551688	1.0275590154940284	98.48600595114958
140.4815970583781	1.0441312197542671	100.07436261270139
140.1637952551418	1.0460300090946666	100.25635136026605
140.14273127555794	1.05809710148988	101.41291727572997
140.34039019367333	1.0478368625188204	100.42952854464266
139.61115793996683	1.0413407903222742	99.80691495713933
138.5307891015291	1.1046383284767987	105.8736436076417
137.72965963177305	1.0800511330140068	103.51709313982609
139.49038253026592	1.056012534205878	101.21312271128923
138.5935688105811	1.0612136964173906	101.71162614008709
139.73732698327618	1.0928595527492673	104.7447112943563
138.27010976931203	1.0576175236015064	101.36695231405264
140.6257464126533	1.0389866785264217	99.58128600070947
138.10444101785586	1.0390452619151627	99.58690090348897
137.87510209813584	1.0676558940217828	102.32907613764235
139.2972269609832	1.0388282517720386	99.56610164823948
138.27516888878634	1.0302094492571598	98.74003577467597
140.17318962703945	1.0507272033020232	100.70655216594633
140.51799862320524	1.0390779531112704	99.59003417883946
140.55067655513895	1.0380757213206722	99.49397565119777
138.1986172955473	1.1015294051657192	105.5756700264655
139.85550785526993	1.05298263242618	100.92272291895878
138.8827356756102	1.0520071443406476	100.8292276316338
139.68284648039014	1.0900158188077058	104.47215468819635
138.35656337753846	1.030247467548784	98.74367962348532
139.20817720414988	1.0546567971254452	101.08318260258656
137.30143571161682	1.0920819458412399	104.67018185379193
138.72647573842562	1.0769295343628098	103.21790469546107
138.96541830957688	1.0699378762057645	102.54779185865033
139.4102303521377	1.0328623866272417	98.99430555546544
138.2681088359434	1.063249227095847	101.90672080957994
139.29188572453305	1.100047681239089	105.43365475604726
140.00464858424456	1.0354004252463076	99.23756290883641
139.09052396069018	1.0688631961580282	102.44478955515142
138.00655746431045	1.064113449463843	101.98955187620888
139.04248618618854	1.034529199804759	99.15406063526639
139.59912174369646	1.0569008570080307	101.29826367493237
139.972884599825	1.0704859776202929	102.60032443182531
137.87704707405436	1.069310817060555	102.48769161158361
140.5248310708065	1.040584413383021	99.73442029491812
138.8254246107813	1.0761212802433575	103.14043788448659
140.02134636904412	1.035979478538427	99.29306205303526
138.4863753554725	1.0339102956524677	99.09474200041751
138.55966655285096	1.0915782768011535	104.62190788477275
137.9385194685352	1.0680731342496161	102.36906636977679
137.62619701603043	1.0676638742851883	102.32984100297601
138.24849357575533	1.051288169272635	100.76031773764296
139.77728088336127	1.0344064778412423	99.14229839499892
137.55782476790444	1.0840178198956343	103.89727874662793
139.330743341668	1.0390320586315174	99.58563543975204
139.9846422650977	1.0880048967388058	104.27941862159706
138.81415903821437	1.080253530213331	103.53649182299324
138.21136623693252	1.0867343637911149	104.15764487083369
138.09186177093946	1.076924462500884	103.21741858476936
139.22984409804113	1.0479703330590295	100.4423209781858
139.32198224846016	1.068894341159084	102.44777463602085
139.82342902708535	1.0408477251220971	99.75965730915344
139.7118113463481	1.0829119775959404	103.79128970885345
137.49369615404393	1.0923301470339328	104.69397060341319
139.4607711597342	1.0662910974031194	102.1982677209178
139.22247085025697	1.041337500799353	99.80659967405671
138.10034986812255	1.0428478478888719	99.95135832071713
138.4688288356264	1.0330834133478413	99.01548977806688
138.2462986120907	1.0900650305265729	104.47687136681446
140.22174777843145	1.0668473622148902	102.25158271181995
139.1949119646826	1.1097392577698026	106.36254025020158
139.05331356636182	1.0309897006721673	98.81481867701358
138.26014692331506	1.0322832829404307	98.9388015812064
140.5222741585576	1.040031659196051	99.6814417785248
