149.79532233821635	1.1790842422412753	113.00888411012708
151.3296499804113	1.1889744405564575	113.9568064342369
152.03691430014032	1.1607017984502823	111.24702572408977
151.37188937405787	1.1377673359937388	109.04888082737489
151.4383484237036	1.1468708625057675	109.92140488946883
151.1872960728946	1.1213837716492727	107.47860428734145
152.7031479282168	1.130459341005369	108.34844880637847
152.02117217283057	1.1858098192866307	113.65349450322975
152.64494167266903	1.1301993461446105	108.32352969709345
149.74268719000506	1.1802465823220116	113.12028815639844
151.0872725501399	1.1258671934317575	107.90831615565592
151.55096825761143	1.1182891067095617	107.18199729438673
151.40104144931246	1.1554240937346076	110.74118610787419
152.9242956384678	1.1526314496490198	110.47352618967433
151.65017225167253	1.1453857212911376	109.77906209037226
152.1987691888935	1.1604904742045297	111.2267714315275
152.13658022091315	1.1839083489673294	113.47124879825425
152.37751956318922	1.168734126668447	112.0168811900704
152.27580865051033	1.125695036041607	107.89181579558388
151.07607163796365	1.1562717871966588	110.8224329677523
151.3812139396705	1.1581951459708135	111.00677656342064
151.43450572989178	1.1224694839445548	107.58266397244185
152.30158618108126	1.1428092766363829	109.53212372500842
152.89107644069767	1.131686376484965	108.46605355873197
152.5308547638132	1.1383630467528325	109.10597650020792
150.81380559659044	1.1611198129012843	111.28709016135156
152.13579106248352	1.1656817372480053	111.72432607830164
149.9269343958421	1.1786823428949869	112.97036421899334
151.60248366404647	1.14316234851374	109.5659637658141
151.56147963510384	1.137281560064619	109.00232181682188
150.2892314928554	1.1684341934177505	111.98813420087791
151.0936728331334	1.1214509410588847	107.48504211405022
151.5047632757816	1.1994936811722943	114.96501908019845
150.79075943428293	1.1404744983025492	109.30834777694766
150.76981385524266	1.128393021983766	108.15040323975889
150.7866028097555	1.1564974504526437	110.84406157733751
151.3973602842816	1.1170362261705686	107.06191543207147
152.04979366099084	1.1378793435153676	109.05961614600416
152.03614229454766	1.1425529129706253	109.5075526462375
150.88392821610998	1.130230026060452	108.32647020204604
151.89291724707937	1.1609298908189907	111.268887151067
151.4110598393016	1.1167888412574314	107.03820491845612
151.77334144466434	1.1906857542882203	114.12082665286117
151.14061956661584	1.1237763385767987	107.70791896135027
151.87532204744736	1.1722337301500587	112.35229936471507
152.71539295515046	1.130628900692102	108.36470019054705
151.16591770448443	1.1906239509121157	114.11490313160832
152.02412775149838	1.1467690037639406	109.91164227680865
152.85274492322424	1.1311704643036662	108.41660615046487
151.8595471416701	1.1277040910307639	108.08437291263003
152.30158618108126	1.1392969588037902	109.19548694819346
151.5578511583998	1.1626850544543628	111.43711014715
150.67842625769487	1.134823022520663	108.76668421398429
151.78791621438458	1.1403903419436363	109.30028184249548
151.22701701140073	1.1152445600658272	106.89019387059095
150.87067992308138	1.1437704794765864	109.62424984838735
152.12186725907992	1.1553849875679325	110.73743799209124
151.27075241258805	1.117404904873601	107.09725130319268
151.2679816450215	1.1218644065548584	107.52467055843448
152.58598905791277	1.144835312085322	109.7263083278125
150.5149454504068	1.141185396679635	109.37648356354545
151.50462011128357	1.1419406605096396	109.44887154023091
151.9563526339825	1.150055089587045	110.22659593207355
151.603287925519	1.180349764424269	113.13017760603955
150.13102177925006	1.189292610466878	113.98730130919654
151.98068197740662	1.122158618506854	107.55286919191268
151.17280140189098	1.1254033147714706	107.86385588056828
152.15782215378184	1.1280157493656349	108.11424368808918
151.08660857723686	1.1276288152337004	108.07715813227603
151.7991011495679	1.132138297947754	108.50936780073904
150.81314730469552	1.1675018800641608	111.8987769794381
151.32573521591112	1.1510361250312335	110.32062290389491
153.01224214804876	1.1366363113781377	108.94047820003826
151.321692845131	1.1495638695361807	110.17951513172704
151.3519093763749	1.1190331906231532	107.25331373620385
153.1679853041399	1.1429196249088804	109.54270001353105
151.9598395207259	1.1264991884347768	107.9688894781512
151.9007180260483	1.1404011964352245	109.30132218714434
151.42073877263167	1.1418083185012935	109.4361872703982
150.3643970633121	1.1740871714470784	112.52994174618024
151.99729056017017	1.185506916483484	113.62446289840364
152.63657425898097	1.1287905084763115	108.18850018259144
150.8099680855096	1.1610976778917506	111.28496863971844
152.11453536132092	1.1551819249727395	110.71797553430821
150.8784963122703	1.1343345575456152	108.71986747283938
153.24594391035703	1.1358650162218122	108.86655370693317
151.03625784915351	1.1348421625964866	108.76851868732649
150.81855410307824	1.1392832658383063	109.19417455108557
152.38158574594726	1.15370910540855	110.57681369914685
151.0928956877762	1.1404412328592248	109.30515946308947
151.0551776271599	1.1198829065866125	107.33475444196593
149.86811732808093	1.1735552746819542	112.47896230151036
151.9103339906105	1.1912043857120094	114.17053468589826
150.1111551246828	1.1719487553485828	112.32498606244152
151.3018443990967	1.1408558037938525	109.34489385782423
153.27730783647831	1.1355434386785144	108.83573222868672
150.80722328683257	1.143950117283275	109.6414671661587
151.56852267247984	1.1214070235135027	107.48083285349132
151.83256466146668	1.1713973527878407	112.2721370921538
152.27209439324366	1.1351405752430337	108.79711993478828
151.87698837502919	1.1729969179868465	112.42544681483945
153.00032411371396	1.1509587634728609	110.31320821453558
152.84897289485463	1.1411460085090661	109.37270841920574
152.88978742474816	1.1427603547159635	109.52743482201315
152.90821374511563	1.1395041042558665	109.21534072585327
150.74470279904827	1.1625289812817206	111.4221513728335
149.95753486480032	1.1695810918467544	112.098058247868
150.3369487434373	1.151330905271713	110.34887600476834
152.98967423063954	1.1473490212910342	109.96723383774462
152.3858587786647	1.1263865297122069	107.95809174541354
153.31342008504947	1.135894475799209	108.86937724900821
151.28918779312366	1.1468784083147352	109.92212811468092
151.35364750002628	1.122729969233324	107.60763008661445
152.4709453209372	1.1580555017944123	110.99339242004716
150.94089960974534	1.1267413001426891	107.99209458340235
151.1994438585077	1.1165740195490903	107.0176154129123
151.18291721457274	1.1306068919949022	108.3625907752719
152.23436118828283	1.1257029523620834	107.89257453233165
150.6142485411382	1.1775615150831036	112.86293890045991
151.33476126374944	1.1351011635488233	108.79334253583404
152.30445171483623	1.1411660701424908	109.37463121888835
151.13542654257682	1.1160008245900501	106.96267775843602
150.47998051153942	1.1440312527663778	109.64924356590922
151.3976170956737	1.1896447517364932	114.02105215625451
149.77490958527645	1.1786425518592625	112.96655046219489
152.58989086470456	1.1646125211021676	111.62184746041768
151.48229451301376	1.1369001779677628	108.965768393715
152.53220226114342	1.1617829188146143	111.35064529730163
152.98710259531217	1.1358144022569268	108.86170263057477
153.17332736456478	1.1344808269224234	108.73388660604498
151.21285864165475	1.157934965294087	110.98183964467428
151.82794932953067	1.1211361558294788	107.45487164256475
152.44468226976832	1.1378690170444228	109.05862640929456
152.17163082516262	1.13517433941084	108.80035604870618
152.00548183689983	1.178492145864082	112.95213485636293
152.28172598290038	1.1288535206850658	108.1945395639533
152.22106605861921	1.1591214832802756	111.09556101316691
151.57914045569228	1.1216363807593386	107.50281551213938
152.97006934754734	1.1324900081926972	108.54307733640005
150.62197486828902	1.1602288301094805	111.20169425200443
152.1585387623942	1.1776451631945701	112.87095612212745
151.93384274375907	1.124288442571598	107.75700137541985
152.68932994999204	1.1643111692331647	111.59296450428911
152.3529574026967	1.1301141212658243	108.31536135075736
152.57575481276234	1.1406477173658212	109.32494989267923
151.8128928375718	1.1870319764705564	113.7706316971762
150.5223288321711	1.1709600281174632	112.2302218742053
152.02159438078294	1.1690609566602175	112.04820608725798
150.92173855052943	1.130538600096455	108.35604536404445
149.90992816070508	1.1714540871025183	112.27757477112768
152.82612654718494	1.1462993728466642	109.86663067882127
152.72859705025647	1.1444754469228835	109.69181718716254
151.28008956772644	1.119677240687452	107.31504247149685
151.04930719614669	1.1274651258717974	108.06146938717484
151.40894743272463	1.1364914394534122	108.92659300510005
152.62054454964314	1.1299981288015792	108.30424409680728
150.90948601320468	1.1708146398944743	112.21628719485491
151.45471017085853	1.1606547138660048	111.24251291988345
151.97729447230455	1.1262159193606878	107.94173966067517
150.64205805436112	1.138615676664281	109.13018971870649
152.1200998466038	1.1370373212288876	108.9789128378079
150.96841723264234	1.1299434593395095	108.29900432285216
151.3799020589906	1.1287631863906604	108.18588150760593
153.0020844260993	1.1329166142838842	108.58396523617215
151.7445300155044	1.1235643297853857	107.6875990587676
151.3030818919006	1.1156945460910752	106.93332261131752
152.20418806988224	1.177338732163792	112.84158635565586
152.35571007354952	1.177745946433335	112.88061565360263
151.44867890328254	1.1231500950944018	107.64789689117794
151.76352289786246	1.176838223911084	112.79361533110978
152.81830571462743	1.1413559914664833	109.39283415649382
151.5661843789077	1.1572990263751752	110.92088831904907
150.4952461622731	1.1629367851947254	111.46123718493529
152.6245251703888	1.1444099590809493	109.68554052967309
151.9771054809577	1.1635653293083827	111.52147975824234
151.76945696840247	1.133249117930796	108.61583392269502
152.14439984621976	1.1247202160699064	107.7983845433769
150.05681271676806	1.1637121526737615	111.53555198827334
151.4159132065721	1.1503436550456247	110.25425337952178
152.00906166545406	1.1441266125964464	109.65838329282516
151.5485739395273	1.1775331978478116	112.8602248457327
151.35011436637214	1.1442905631881093	109.67409707539407
152.17808385909802	1.1242530002659015	107.75360442100934
151.78459330999377	1.1418901659597678	109.44403190915942
151.52047242466702	1.1232960916148351	107.66188987256727
151.20763952676717	1.1146328864865107	106.83156824727942
151.66353766742364	1.167721263604985	111.91980371209424
152.17190881865056	1.12435319552446	107.76320759774359
150.9117759804976	1.1248959437137933	107.81522709307055
152.18641191784224	1.1876774285241363	113.83249480560261
151.376594082552	1.171256895168007	112.25867498460157
151.38285386793854	1.1186329006301468	107.2149480929279
152.9848168872982	1.132425430668593	108.5368879279794
150.98857816540666	1.1207093767268517	107.41396716057648
150.91719950403672	1.1306095591763394	108.36284641026994
150.8703852672046	1.1421757680408084	109.47140533280604
150.7950425813243	1.1444200848381418	109.68651102904889
150.81328736566684	1.1559436548399553	110.79098324588934
149.99398136968622	1.174400648505289	112.55998683649133
152.97668302189396	1.1368117736356096	108.95729531387116
151.8992244144203	1.124805012434757	107.8065118189566
151.62693680327092	1.121236663067713	107.46450472087326
152.44911198737657	1.1633333389016776	111.49924472528474
151.32283148837269	1.1242792204642544	107.75611748602273
150.419916618788	1.1717094194755253	112.30204700603421
152.94571686964895	1.1386831339194237	109.13665513386151
151.27370816744988	1.1157433160428063	106.93799694893123
151.64207524696246	1.1856420238391008	113.63741221190163
152.19755373555103	1.1711484250185233	112.24827870407026
151.68001860868398	1.1247865874832585	107.80474588643537
151.45545344099656	1.1356068697988226	108.84181176046832
151.85591238734114	1.1230772769487791	107.64091766349856
152.4438702260671	1.1673440589000053	111.88365066953486
152.95348162088916	1.1322881245241607	108.52372787239737
152.6830038274938	1.148102382869889	110.03943949388669
151.19317802131428	1.1763689789196616	112.74864072204021
151.07194821444992	1.1793686083278692	113.03613907035253
152.02200203539775	1.1304743327691402	108.34988568631796
151.84473568424724	1.1337706526991391	108.66582022569493
151.47448433527492	1.1306942611813873	108.37096464196993
151.4093185208304	1.1369109881933699	108.9668044957076
151.06291245144922	1.1630279791529938	111.46997763544111
152.80379109359637	1.1514265011257112	110.35803835330873
152.70155436218485	1.1295629043426436	108.26253017283162
150.7612688562377	1.1357311560015235	108.85372392464993
152.73930176590275	1.1485492455852104	110.08226888215236
151.07293665745485	1.1644525532780692	111.60651540470252
151.49800662979845	1.1176351229756056	107.11931647027525
151.81160592964804	1.1225177790543521	107.58729279900965
151.58796746173311	1.1895438810360028	114.01138424204326
151.3551719994055	1.1296451019052522	108.27040836719145
150.99638128833	1.1437416246394059	109.62148426741008
150.8498081746145	1.1373428661019984	109.00819767083237
151.069505480511	1.1283765579439933	108.14882525008183
152.75121868141463	1.1299725538478358	108.30179287501993
151.02284730556755	1.132725046102714	108.56560445616216
153.22574087558894	1.1383606861013738	109.10575024445995
152.86156318052156	1.1518698440204425	110.40053038569862
152.6256838096073	1.1353013308307414	108.81252749340918
152.71569095090214	1.1299088258747547	108.29568489149636
151.983386436196	1.1242268670585245	107.7510996936132
151.58605831895724	1.124032546164286	107.73247508085828
152.21497014088598	1.155873104422251	110.78422136773625
152.33056269338914	1.1755556574109496	112.67068822905497
150.80723729031013	1.1327881202323276	108.57164977230538
152.06181835068057	1.1379060873055646	109.06217939448018
150.87615259792287	1.1592158369981005	111.10460430963467
151.84039350483764	1.1218569122098772	107.52395226576876
151.22206511373614	1.1177091749642754	107.12641395517572
150.41904493799305	1.1651244665643676	111.67091467999013
152.42609937375295	1.1633007333580903	111.49611965926776
151.9873999462723	1.1339587738447903	108.6838506258868
151.14466703856615	1.1204013489029867	107.38444435007425
152.00230982011308	1.1365878016439854	108.93582880288017
151.2469743900232	1.1611749018320896	111.2923701391293
152.12097623660281	1.1438635632381986	109.63317142638128
152.36280635750026	1.1483146191879674	110.05978120367672
152.8912263299497	1.1481558561668208	110.04456462184571
152.27651338343796	1.1337304864270017	108.66197050450413
151.66260233183465	1.1190056328489801	107.25067247174088
152.69890357342078	1.1353123636589035	108.81358493065964
149.73441961591257	1.1854205191221534	113.61618217592068
151.12512792002698	1.132330170853151	108.52775778692755
151.23697992324583	1.1172468495708758	107.0821025523666
150.1485401597879	1.1638482110479107	111.54859245178356
153.41526761394275	1.1370775816584515	108.9827715834817
152.91766378830482	1.14153016121629	109.40952739041745
151.39686093483994	1.1206428207439718	107.40758812752128
152.79755992504906	1.1326730095293662	108.5606170304327
151.20999369431095	1.1900108669526217	114.05614233094107
151.55881201804567	1.1207363306931197	107.41655055329869
152.16316056437327	1.1896736639666727	114.02382323804211
151.0010443579115	1.1584775464687598	111.03384313254415
150.77242955563915	1.1540729459693444	110.61168586035156
152.05683299289845	1.1705247133001107	112.18849928986128
151.17210729844456	1.1202755549968906	107.37238768062986
151.71573110402096	1.1538023156626076	110.58574740076145
151.20755443966976	1.1564079088597816	110.83547949717031
152.3525452598077	1.1794459926554488	113.04355594201793
151.031660115614	1.1321139320899267	108.50703246429337
152.65414409595832	1.1314444744412993	108.44286854867138
150.4708883153444	1.1530231983804398	110.51107319895773
152.12236390592824	1.1622623320817143	111.39659448091517
151.7471127054422	1.1234126064229344	107.67305719036686
150.47706962269768	1.1519203534427098	110.40537144220924
153.03229710083332	1.1343242510808627	108.71887965361573
152.9378941267729	1.1357841030561555	108.85879861511438
152.12167736684745	1.1368691223858665	108.9627918831912
151.43930559952756	1.193393504357679	114.38034993613141
152.2430127653644	1.1258984444219273	107.91131139501194
151.1795732534916	1.1443124275433774	109.67619265627127
152.71163846609653	1.1491454649722497	110.13941330423883
151.71547164678893	1.162709566542488	111.4394594989834
151.42659327149676	1.180841549680336	113.17731257826536
151.70254479237772	1.1488747480832164	110.1134665462012
150.47963396345835	1.1738787677921072	112.50996737653894
150.90930338485944	1.1745792552418122	112.57710533173189
152.03442356001128	1.1247455287848414	107.80081063098464
152.01395186740965	1.1520363926705066	110.41649317819427
150.210773634098	1.1685626996108385	112.00045082844518
151.3094123602108	1.149659939745364	110.18872294466107
150.92432455034623	1.126896850701203	108.00700326796498
151.07265424201924	1.121446598265612	107.48462588066836
150.98564896780454	1.1600166320365595	111.18135620780704
150.69193016842675	1.1538339297354778	110.58877743964183
151.53921349776283	1.117812811409295	107.13634695112735
152.30665615736987	1.1728357410233203	112.40999886961231
151.2521006261695	1.1900352566318293	114.05847995053796
152.3994776097677	1.1436135324559615	109.60920732044082
150.65919854517	1.149686777782363	110.19129522618626
150.40608317219284	1.1806210962348667	113.1561833010024
151.19856486501726	1.1230903627325732	107.6421718655066
152.88815375336574	1.154082323369086	110.61258463368996
151.82653159264308	1.1230813311156984	107.64130623359654
152.44980603594863	1.1359296034832906	108.87274404862879
150.3219089070715	1.1506468637543845	110.2833143037559
153.1457952703491	1.1393781436787183	109.2032680818848
151.53156096017855	1.1180882285287304	107.1627442009736
153.10021299414655	1.1336726772852086	108.65642980913108
151.80913348262803	1.191036593862476	114.15445273941877
150.46637088467514	1.1427070116448577	109.52232217549927
152.49224746167164	1.1402612678876196	109.28791078832016
151.72844718438978	1.1400198834922428	109.26477539206445
151.49411363577332	1.1588463029466987	111.0691864579719
150.18212142266785	1.168501219252577	111.99455826671556
152.14773293579006	1.1250309084560133	107.82816273784135
150.94686255538315	1.1763607548735378	112.74785249144392
153.04995446706133	1.135107937161805	108.79399175021332
152.84005367462834	1.1311492163818657	108.4145696514207
152.13525035468842	1.1892962598780228	113.9876510856301
151.3616697641122	1.119816799382804	107.32841842197146
152.30074861508243	1.1297979046202098	108.28505368572571
151.5303573617917	1.1853735986361391	113.61168509965046
151.89555594971878	1.186460035235967	113.71581420544665
151.65381156083077	1.1357624498804666	108.85672327466423
151.66208431199908	1.1773378400999843	112.84150085613695
152.10648984084176	1.1646719425082703	111.62754268265486
150.64849512067832	1.174757693113615	112.59420764219708
151.6990582076205	1.1378990027223528	109.06150037527658
150.66618277474757	1.1605469759477198	111.23218681977495
150.81051427250705	1.1321285693268233	108.50843536473838
151.24268660183253	1.1202008161636252	107.36522436536838
150.2042439510208	1.1798163273561755	113.079050531613
151.75939426849095	1.1693532841628653	112.07622410639979
152.38562300925733	1.1404877473901034	109.30961763074295
151.54296880315727	1.134089872323748	108.69641571011472
151.4481215701551	1.1871988234800581	113.78662308581953
150.58782595628173	1.1565438872588059	110.84851229549488
151.80741300829786	1.1209211124928617	107.43426089514247
151.5295120050853	1.1234320573484717	107.67492145698255
151.0501256044692	1.1174419523486216	107.10080210445112
151.0017065411295	1.1496005179485251	110.18302768497394
152.7194757583917	1.1425865700204874	109.51077849347648
151.6494962216631	1.1915026415076684	114.19912090004588
150.46412626030167	1.1570018485528688	110.89240542285049
151.56581141586295	1.129090520366597	108.21725470896565
152.5422141504577	1.1639985630969907	111.56300288717189
151.72161272040003	1.1298613054111732	108.29113031060271
150.31655694888923	1.1494578363989851	110.16935242571851
152.35660805823014	1.1694127197671047	112.08192068945202
151.38905785320077	1.120398168015855	107.38413947914785
152.22248763953314	1.1265449407593215	107.97327459242634
151.33515995043703	1.1238351458719065	107.71355532435098
151.5538216083475	1.1309436395452113	108.39486621711386
151.5055650091487	1.1238249951294914	107.71258243027596
151.40459461302822	1.1946885643956184	114.504474476601
151.26353471879685	1.1985211744874895	114.87180954410073
153.10829081340813	1.1352348835246011	108.80615887643509
151.2725713057345	1.1170074445072697	107.05915686441726
153.28909709823597	1.1383040498651629	109.1003219657797
151.4267646392277	1.1391487055758618	109.18127767352614
152.63892224684506	1.1290223638529597	108.21072227364421
151.99282484141466	1.1382779694363716	109.09782229692719
150.94988664574169	1.1457889012165186	109.81770471812573
152.38509253487175	1.1354402743085013	108.8258444785859
151.7762298491153	1.1746517084588068	112.58404958296471
151.5861013810319	1.1473764196722325	109.96985982524804
151.52713366722458	1.1176669764538947	107.12236945487763
150.50281926054788	1.173883447711816	112.51041592167685
151.99548673830031	1.1400820452699796	109.27073326418645
150.63076146385808	1.1351628385248695	108.79925375063176
152.058407228055	1.194652576903516	114.5010252690052
151.40984661535347	1.1447762549224982	109.72064801633489
152.46601000548154	1.1525019959829348	110.46111875191535
150.85749322688272	1.1447248008133384	109.71571641666564
151.74771873110893	1.147577657386977	109.98914737805336
151.61325675663272	1.1202133222954538	107.36642301085261
151.44186297455443	1.1501091387508606	110.23177625377669
151.19757248248993	1.1565722187525294	110.85122771681607
151.40432347384098	1.1233734766185313	107.66930680903478
152.71452878446232	1.1295917687616759	108.26529667217787
152.5033406472301	1.1540024181378594	110.60492614696612
152.50973219542612	1.1654054365643507	111.69784414357633
151.54086176291824	1.1306453578940914	108.36627752485937
149.91980652337503	1.1740706283784712	112.52835618201436
150.70238285077937	1.1457817589256787	109.81702016795629
152.3997577156351	1.1306008552453954	108.3620121852942
150.937834190314	1.1800479246346416	113.10124788534293
152.29008270864682	1.1266737353038068	107.98561885692442
151.6198661083224	1.1580539992049388	110.99324840492626
151.23189872778048	1.159487296377527	111.13062223138374
152.11484203863887	1.1410070338175236	109.3593884423558
153.18876888410665	1.1387008908866194	109.13835704367936
153.29569267960747	1.1415461750374503	109.41106222906156
151.96137968922176	1.1230912644440516	107.64225828970284
151.18278968412693	1.114983469995544	106.86516979136245
150.80412866854465	1.17187674320073	112.31808408531413
152.12752074976336	1.129451142816547	108.25181843155129
150.6535955278478	1.1422964161966822	109.48296880976281
152.93489170970926	1.1325700323735055	108.55074722380162
151.42697885021485	1.1521692019571104	110.4292222341352
150.87394938267101	1.145977327549788	109.83576436890968
152.98820040024003	1.133123381167534	108.60378273008403
151.43739127725402	1.1547263139746318	110.67430767018124
150.97434310740888	1.1490827396531342	110.13340141970613
151.00697632103802	1.1693529903109343	112.07619594227239
151.79121057854854	1.1575935579514256	110.94911758679332
152.75484392938813	1.1377792925542987	109.05002679940831
150.58429345260106	1.1418574589476997	109.44089711793418
151.07098804221738	1.1243650698427523	107.76434568729796
150.7613667402244	1.1754611897797902	112.66163401460669
152.70045232002056	1.157446431520698	110.93501630957834
151.50948807396333	1.12553933620075	107.87689280311142
151.69853957578633	1.119489866293844	107.29708364347265
152.56193675615071	1.1292949202593365	108.23684533952722
149.92348611338002	1.186582965531778	113.72759641324419
152.2672650757501	1.128738409684988	108.1835067936036
150.89355913501853	1.167093453098406	111.8596314510807
152.59181970369158	1.1284175836642638	108.15275734475455
151.864254137475	1.1710608076876088	112.23988105406305
151.72942778035087	1.1396311650366473	109.22751881842356
151.2815536353363	1.1639241321371006	111.55586907991784
153.29589026638655	1.1412925499426085	109.38675362758632
151.13529920394012	1.1416775829599264	109.42365697178667
152.66654735887926	1.1396935747542034	109.23350045424395
152.46902429283102	1.1347611504317068	108.7607541069741
152.15422474246617	1.178837446325601	112.98523004875123
151.72952872582434	1.1894800817117974	114.00526941989811
151.92937178590506	1.1741252619314977	112.5335925142808
152.04629646243404	1.1667304754078716	111.82484199135031
151.74989763621528	1.143685075956931	109.6160643802846
152.22903950160057	1.165716702601363	111.7276773193953
149.8310475688191	1.1874485645600794	113.81055942536047
150.52291180241951	1.1877248047282165	113.83703555999884
153.0915940964269	1.142044012961124	109.45877731692934
151.05649015591698	1.1634446790644657	111.50991608115785
151.64408851366125	1.1585525680395583	111.04103354667775
152.14666572244158	1.1248828820513144	107.81397520296086
153.11256466154052	1.137119530062218	108.9867921124058
152.2837965897562	1.125894608758935	107.91094376734034
150.87213921131445	1.1331425560867983	108.60562054298263
151.15129129400805	1.127239831206016	108.03987610497852
151.5427394585106	1.120416956947739	107.38594029723171
151.86268988634401	1.1896234070251606	114.01900638045414
151.60394858449348	1.1221317298438027	107.55029205815262
151.2136812984761	1.1444100038297227	109.68554481860238
151.60455180716824	1.1475488638493743	109.98638767231098
150.77903270069976	1.1851416244006703	113.5894516166189
151.20159891407826	1.1296100296955571	108.26704688449247
151.33971673018155	1.1228860105280338	107.62258580560254
150.55392151365226	1.1713874174725785	112.27118484561292
151.60440818165628	1.1187159294818145	107.22290596187379
152.88650518640358	1.132646998972678	108.55812405844551
152.37684191967602	1.1519456903816963	110.40779985156207
151.2993980052635	1.193404394569175	114.38139370434132
150.8973364844287	1.1736883253300872	112.49171449065595
152.1420025875895	1.1425896685007069	109.51107546614348
153.25216540690414	1.1427499268263517	109.52643536486968
151.53522935717652	1.1916527334073723	114.21350640151547
150.911087568128	1.12428309972955	107.75648929274064
151.87756798848602	1.1234988917734055	107.68132717721127
152.49134539728402	1.1520717421555504	110.41988123624436
153.2316243859553	1.1354481157667409	108.82659604019084
152.25308984941034	1.1724766586929047	112.37558275920208
151.72742336014215	1.1252440384484592	107.84859010151382
151.32878157225127	1.1159884615752667	106.96149282995096
151.09120016416293	1.189193606504506	113.97781231179557
151.43164901525347	1.1187453556802534	107.2257263047552
151.47993408789898	1.1248977598513525	107.81540116008935
151.91192969197982	1.193210116103909	114.36277315817526
152.69863552935817	1.1402642621099028	109.28819776842464
152.42018301896456	1.149808326383252	110.2029450059556
151.51702060035038	1.1202321605146264	107.36822855285806
150.0500672500752	1.1882411570696023	113.88652515524332
152.16809028950206	1.1358671046631936	108.86675387280901
152.80126559298986	1.1371538310438105	108.99007967703838
153.1678945127565	1.1391400856714051	109.1804515020374
152.87703521441054	1.1582129732122273	111.00848520864442
150.60520204113024	1.1592415654630774	111.10707024464826
150.9442044062576	1.1357418135333497	108.85474539176474
152.66083585889683	1.1408680083046439	109.34606359455401
152.71762799653644	1.1301023573347144	108.31423384122084
152.96426858333828	1.13351709460718	108.64151804608566
151.75926435557713	1.1942680407048034	114.46416954219653
151.94842145026868	1.1329239205680495	108.58466550421994
152.24651809376692	1.1717248561787104	112.30352653102385
151.20582438521976	1.1152829198561411	106.89387045021331
151.7235590905979	1.1204616984535085	107.39022852996291
152.2599124955174	1.1365748929099337	108.93459157013784
152.39334542186364	1.1294746839760772	108.25407472510001
152.23340820017768	1.172130986573073	112.3424519453631
151.07464532456163	1.1232521933436723	107.65768245933864
151.3729300516377	1.129773210149126	108.28268685346649
151.89936942206188	1.1251467599267504	107.83926647832187
151.60305813439606	1.1307142137633717	108.37287698965841
152.92033435282514	1.1329786190155402	108.58990805627181
150.58336171483134	1.1378197235369436	109.0539018916778
152.41895858289342	1.1291240018242072	108.22046372663154
152.87074356833347	1.1312242481476562	108.42176104268945
151.0668370443262	1.1587548226355264	111.0604185620801
150.84724222753135	1.1343133220187562	108.7178321617837
153.33178233985592	1.1392535230936893	109.19132386895521
152.2787010969755	1.125264169865678	107.85051958959781
151.25187340686125	1.1277630916458217	108.09002780430836
152.37146550850338	1.1426563914431644	109.51747050137638
151.281525206189	1.141914966864358	109.44640894249787
151.49866505194578	1.133046229115903	108.59638812081923
151.25897478682163	1.1776313048562213	112.86962787491973
150.5056908428326	1.184089100631236	113.4885728732502
150.424552139306	1.1659196802561989	111.74713163610186
152.30373163195387	1.125727830980948	107.89495901416541
151.68698787064872	1.1472472712530777	109.95748164376585
152.0231085540187	1.1231159685723553	107.64462604755467
151.5292541042283	1.163318265323028	111.49780000382916
150.2965776164875	1.1838772922009546	113.46827217420453
153.2162054598358	1.1403182268306558	109.29336999671428
150.69226504815595	1.1704906434008147	112.18523387322415
151.98043480765398	1.1350946747696757	108.79272062124608
151.78605245420906	1.1346888320937458	108.75382278317139
152.74766845870593	1.130056370845727	108.30982628354307
150.4219921432946	1.1699737556911993	112.1356929658138
150.36981213650554	1.163853980256429	111.54914539939621
149.9313236373901	1.1710625550969922	112.24004853385577
151.50367524212314	1.175282382867748	112.64449633361906
150.94826907329605	1.1631878853277937	111.48530378240251
153.27493841190017	1.1381530066777954	109.08584528850311
152.60056039751322	1.1306400487538961	108.36576867232147
151.2333179735065	1.1862509850268934	113.69577786707144
153.04092858910963	1.1481091385354023	110.04008698809763
151.90241474131852	1.1706096067312137	112.19663586871928
152.5261464056106	1.1291567659061545	108.2236039876978
153.02374345243496	1.1329436097433627	108.58655260579546
152.90122567312454	1.1322178219397672	108.51698974773441
151.5846229506984	1.122511725433452	107.58671259199964
151.16656918349267	1.1592906033268504	111.11177026019047
151.88594462794862	1.1397415937211113	109.23810281400077
151.56024619226204	1.132992612382739	108.59124924526868
152.8048671123286	1.142547953591172	109.50707731638592
151.68189036335986	1.1368765152285825	108.96350044741061
150.90826382805284	1.1236260317072846	107.6935128561804
152.03548683348092	1.1263893352120546	107.95836063748742
153.3331215540604	1.1372667171439352	109.00089920269194
152.94747389601483	1.1321775658227597	108.51313141539593
151.70431705056413	1.1879563503620347	113.85922796386697
152.42099441986184	1.1269065557736995	108.00793344697487
152.03727846052283	1.1761006004087458	112.72291808497053
151.33644147773305	1.127933184330164	108.10633027343158
152.05875706916422	1.1356716290630948	108.8480185877068
150.87434230163882	1.140488531063062	109.30969274158183
150.2964811276168	1.1561399802137193	110.80979997722773
151.73470623001674	1.1286944530147642	108.17929378313903
151.1234872407617	1.1307447810613485	108.3758067007943
151.54619414166044	1.1461133520310414	109.84880158396811
150.19447247422897	1.1885372573918522	113.91490477885571
150.4545537097255	1.1552032296973545	110.72001747759668
150.4565344835684	1.1418331100639054	109.43856340835826
152.4070561338921	1.1264864252882012	107.96766619918557
153.18496829549503	1.1346526292594088	108.75035293618042
150.15515484907462	1.1904769072996533	114.10080979207873
152.07357070540024	1.1546360225474315	110.66565372242492
153.00285177497582	1.1338514603891092	108.67356520823637
151.37080596569731	1.1414312649366656	109.40004871382878
150.77689212543143	1.1810754693572325	113.19973252139617
151.0924011506697	1.1661538182362774	111.76957250241874
153.07508796370652	1.1484357964784944	110.07139539534458
152.7038628268659	1.1437291147293853	109.62028525980647
151.96209168017796	1.1770600916416756	112.81488015999645
151.66961084265265	1.192867294645296	114.3299155648847
153.27159724641004	1.1373879896918535	109.0125225242685
151.86086502761455	1.1310733133068271	108.40729474984596
150.8657693467527	1.1596283293789469	111.14413948616688
152.38615349303203	1.1605325861482831	111.23080763487988
151.83263700761916	1.149756826923584	110.19800905968404
151.62038342147687	1.1326718301895558	108.56050399705373
152.09209791798725	1.1720763013439472	112.33721066022044
151.40198321237523	1.1287197843023198	108.18172165083259
152.38305913669663	1.1305068589861675	108.35300314931075
153.35521236405094	1.1383991214632918	109.1094340672142
152.31127131368618	1.1440337368151163	109.64948164862288
152.1168428191859	1.134686168664176	108.75356750776967
153.38071935505664	1.1373911778775219	109.0128280947204
153.13790352346192	1.1411825943697247	109.37621497720993
150.0858353179648	1.187761271025059	113.84053065845418
150.93524709346858	1.1546999127184499	110.67177725174855
151.15786030469397	1.1296381394175488	108.26974105018574
152.8273828594328	1.1452769706113033	109.76863892251536
151.0647758665747	1.1263603560241708	107.95558313816392
152.78698340556736	1.1550965295569335	110.70979084291582
152.65066497641686	1.130404716355283	108.34321332741102
151.51365508261577	1.1259147323023122	107.91287250075898
152.44028273330767	1.1307211638655057	108.37354311957388
151.6201966129516	1.1761481484072898	112.72747530494229
152.901450585119	1.1374032901567879	109.01398899155443
152.05281031790975	1.1683295634764566	111.9781059836509
151.2653389867714	1.1892818564903134	113.98627059837219
151.25606302694692	1.1524971694073005	110.46065615059564
151.56592617324534	1.1199345570424006	107.33970486040363
150.9510682288807	1.1372146669491638	108.99591047142229
151.69273437547247	1.1911171119837438	114.16216996835723
151.33956007987385	1.1653225705391699	111.68990188067362
152.05053686751313	1.1651155132628495	111.67005655418585
151.4916807618198	1.1577187168021255	110.96111338959297
150.86931891628234	1.1638084419543977	111.54478079802809
150.0907662222366	1.1828189888798277	113.36683949188554
150.59187351217057	1.137624939882089	109.03523292580633
152.26204030329632	1.1358052474609472	108.86082519260994
152.36743015092156	1.144384610794413	109.68311103271861
151.9479276351783	1.1219512292169918	107.53299204371233
151.5427681264988	1.1206825140347	107.41139251598749
151.27312552067937	1.1265570200763924	107.97443233001123
152.94062659395604	1.1418093387122963	109.43628505213664
151.6557536600196	1.1565095122843518	110.84521763904439
150.74453508524343	1.1637548735143495	111.53964655111298
152.70319260887598	1.1614859164301057	111.32217921587258
151.96983747164197	1.139941701183437	109.25728203818966
152.29579716625454	1.1335706893242237	108.64665481150948
150.48667654725372	1.1422495898883493	109.47848075991692
151.95803791283134	1.1647683593908305	111.63678372236784
151.98617838726474	1.1381501173485566	109.0855683618329
151.05400627643738	1.1295901174980052	108.26513840743468
152.02120129043237	1.1501807475220496	110.23863956942
151.04865812871006	1.1836202456964706	113.44363564901366
150.17558370321936	1.1845148351903374	113.52937724135853
151.1172647488182	1.1412254780402957	109.38032514642784
152.16839750964735	1.1632253612914194	111.48889565198957
152.3755014091456	1.1344478478411075	108.73072573844539
153.20259754536062	1.134714054890878	108.75624025264129
153.0655717723313	1.1452189191174484	109.76307499900047
151.55440951721803	1.1228206563466374	107.61632195875688
151.24379398780584	1.116692997607895	107.02901882004592
151.44473491382792	1.1350242379535598	108.78596963119432
151.60246930242425	1.139567948208408	109.22145982538443
151.2714202751764	1.1759958331250642	112.71287670421424
153.09348067696962	1.1389843051059336	109.16552077254471
152.84433336532615	1.155945395826494	110.79115011008693
152.30180659706258	1.1491901714023076	110.14369817515168
150.78910791619612	1.155336805483687	110.73281999841478
151.7133816542757	1.1487512846131982	110.101633236523
151.4351342422215	1.1594717149497633	111.1291288353215
151.05990580816788	1.1860505125562586	113.67656365879895
150.47582217884795	1.1457062533479427	109.80978336436047
151.8506999462194	1.1552631856813633	110.7257639362515
152.52820437000707	1.1708954250261874	112.22403001530873
151.44300600327426	1.1515201736988303	110.36701636571927
152.53347577619002	1.1488952564712733	110.1154321649129
151.6481298231624	1.1829357654675399	113.37803189985333
152.23707370384918	1.1430034495878814	109.55073415824725
152.13450507057485	1.1448082679301708	109.7237162909708
152.18540189040306	1.1670723548718454	111.85760929952028
151.71761944187432	1.1198845499630947	107.33491195076454
152.64523895993716	1.1292936845408466	108.23672690255502
151.46307298217636	1.1173996225050542	107.09674501657332
152.18390886818028	1.147084164326451	109.94184872195385
150.8180217870472	1.1582133790888511	111.00852410973623
152.64562543784322	1.1394126712244996	109.20657736147656
152.45459097954958	1.1386469293689803	109.13318512239096
151.4206102715595	1.1271323751166933	108.02957701666055
152.05027455725406	1.1524231762531094	110.45356430466356
153.27026088854555	1.135671681009173	108.84802356645903
153.40940749613327	1.1373763552197393	109.01140742268056
151.69506784829605	1.150369972382901	110.25677575477863
151.03015118883047	1.1262585852511742	107.94582895684307
150.99972003289488	1.118547879255008	107.2067992513221
152.56390825353355	1.1640762656949117	111.570450263338
153.05037644630085	1.1332935042912067	108.62008811665338
153.08429041075485	1.1361890604704774	108.8976116056244
150.4038150482446	1.1708214097953034	112.21693605344431
150.80244845812123	1.1848604115968067	113.56249888158642
150.37565645205746	1.1715369147494836	112.28551335568483
151.48994924386463	1.1577137861230435	110.96064081051762
151.92532235949673	1.1335160826843154	108.64142105872071
153.1305730760854	1.135874372691995	108.86745047428593
151.73359566138848	1.1710989795575961	112.24353962253265
152.92632150294284	1.1468056566437463	109.91515525823769
151.67400096630953	1.1520655775236608	110.41929038942797
151.78756945974888	1.121454624964996	107.48539519664082
151.04561051151146	1.1529266004760974	110.50181480928039
150.16383006893622	1.1679947896157206	111.94601970934102
150.53072739320382	1.1514947457606632	110.36457923458433
152.64837552229287	1.1328516077828195	108.57773471261662
151.06645585750948	1.1943970963060406	114.47653882758047
150.3010026264818	1.1586261554394375	111.04808650324098
150.97365334072578	1.1887402811068688	113.9343635101829
151.86736839369493	1.1359201415870905	108.87183717675924
153.0087956505486	1.132943223093858	108.58651554751965
151.55581480793225	1.1511943324003924	110.33578622947093
151.80154387990197	1.122140386593445	107.55112176105428
152.79545328142424	1.1409737431191314	109.35619770793517
151.67302213058818	1.1338983384205785	108.67805821546675
151.98463696599597	1.1711974552524451	112.25297798833229
152.8777393634797	1.133160865823756	108.60737543280968
151.62571512467838	1.2019936774081559	115.20463027571166
151.57116243040008	1.1191788142125774	107.26727097416138
150.25756419883433	1.1604554013363142	111.22340988571288
152.72676362329094	1.1297803244259785	108.28336871864587
152.86457307298772	1.1313258161254607	108.43149578718167
150.55350470611327	1.1380266626614828	109.07373589395269
151.16784385525412	1.1153051570329942	106.89600176403457
151.13170563632164	1.1352316319488007	108.80584723037992
151.08136791832976	1.1881029084107027	113.87327476471798
151.70796274733644	1.1572757962311868	110.91866183466755
151.27936466631826	1.1160455951661787	106.96696877740482
151.2992557789325	1.173088536514993	112.43422795808496
150.94330434257455	1.1213928766175862	107.47947694959245
152.48188275870456	1.14782603314621	110.01295285893875
152.70669280366099	1.1516227944418074	110.37685201209203
151.21300047750404	1.161102272120804	111.28540897186781
151.515488170502	1.1213566866684077	107.47600833757463
149.68133898372417	1.1846564595326716	113.5429511729884
150.34498202750547	1.1754872943793173	112.66413600009425
152.13834859501347	1.1244340030030435	107.77095256002477
151.81472930520255	1.169485050792028	112.08885322923187
152.62186641297905	1.1433818304711407	109.58699993116986
152.2304028194921	1.1643030956346845	111.59219069329046
152.1302529178498	1.126340885739019	107.9537170160333
153.06701935990938	1.1395339354328275	109.21819988374824
151.8764232624713	1.1253018386009888	107.85412993531428
150.82397582604582	1.1275016134731155	108.06496652754961
152.4593323737799	1.1564092237774408	110.835605524957
151.12542494865684	1.1861720161905367	113.68820912876045
152.69218831247446	1.15934659481902	111.11713674362147
153.0177664233405	1.1344773964426598	108.733557813007
151.17319803929144	1.115528795445804	106.91743630329003
152.23984512033934	1.136749214324807	108.95129934034254
151.49387033981841	1.1304351473908527	108.34612997852791
152.4504557981539	1.1565842134913458	110.85237734803009
150.67074216098882	1.1631258843503534	111.4793613221242
152.0415176081544	1.1750314916538096	112.620449759927
151.08059107508984	1.1775928966895994	112.86594665868839
151.88742309639704	1.180751265579327	113.16865933268511
150.75795496037748	1.1832914503394092	113.41212238213167
151.96502700200003	1.1299732721150826	108.30186171707305
152.30286461625735	1.1295890526508459	108.26503634756065
151.73966822048075	1.134695753085747	108.75448612303717
151.68798155061202	1.1310160800201894	108.4018092470929
152.27520670419534	1.1430525729788352	109.55544237110986
151.04568105489318	1.1340508943763272	108.69267988345779
152.63584612329865	1.1353901300566298	108.82103842169403
150.93059366025926	1.1215822536200593	107.49762771690737
152.3898818800156	1.1484475459032126	110.07252151452145
150.930748295154	1.1412640627325543	109.38402328169217
151.04077161022644	1.172750069880152	112.40178775123498
151.16321279425222	1.118698921320953	107.22127582111636
151.32972116247538	1.1486786303252308	110.09466971371872
151.26462863268128	1.1466007159354479	109.89551279341303
152.03111745391698	1.1813395184589022	113.22504020787092
151.3017306091061	1.1178892961572904	107.14367760292706
151.234581156062	1.1174964704107155	107.10602736753273
151.70521042256033	1.1195230608052926	107.30026515889199
151.413843295908	1.1835010168534192	113.4322082055586
151.25798049701652	1.149266597420699	110.1510231980347
151.19364578964348	1.1745222648527738	112.57164310940756
151.76843177953555	1.1700423421653832	112.14226661054154
152.41381059854476	1.1499081213911408	110.21250982081553
151.38062929039378	1.116243948793796	106.98597990596814
152.1307935364547	1.1294919218447483	108.25572688211574
152.9179188317052	1.1470494405147444	109.93852063132857
150.30367722209238	1.159209038605875	111.1039527202981
150.08452053472053	1.1804929835610276	113.14390439013899
151.78962114824483	1.1282537222870896	108.13705211291462
152.90749386674202	1.1417548507758437	109.43106267643577
152.35213312257804	1.1483395282808362	110.06216860627991
151.4556106734895	1.1317978949321668	108.47674200220739
152.6025641447449	1.1372105449879615	108.99551540360683
150.70021946677952	1.1424823158722304	109.50078629399125
151.67749911809432	1.146282093259947	109.86497452335516
150.546544813828	1.1882595259808004	113.88828571660311
151.227612994318	1.1299425029736923	108.29891266033142
152.83785421587996	1.1309820730107518	108.39854985811053
151.99631590122073	1.1946347155634345	114.49931335560751
152.57363424324063	1.1316181101405436	108.45951059672046
151.95094874665466	1.139455302656217	109.21066335495678
150.24477648926512	1.1650849657451239	111.6671287388807
151.34386112746427	1.1159744256002155	106.96014755722055
151.49784918308853	1.1506523466397975	110.28383980883861
152.5671548384956	1.1282640093517495	108.13803807274371
151.91024695474874	1.1602320209425552	111.20200007619596
152.6265156810557	1.14038000919552	109.29929150415273
151.31723830094367	1.187309690126428	113.79724905769025
151.01258522945548	1.177158159657976	112.82427945199947
151.77908963678328	1.1247352836663478	107.79982869147003
151.00724406047522	1.1179709533840108	107.15150400899765
151.9950067069222	1.155375878920875	110.7365649772524
152.3130058549337	1.1682753745876464	111.97291227005843
151.96248400882462	1.1636794343431427	111.53241611222587
150.87769634251993	1.194698492800211	114.50542606079134
151.35709553915942	1.1527225966376922	110.48226213839696
150.8629075305469	1.159699971291163	111.15100597819946
151.7472858544155	1.1210706525342047	107.44859350395576
150.99216961750167	1.1847166738259944	113.54872238920188
151.56985686987258	1.1752399868579109	112.6404329040601
152.47521635697169	1.1349366377645889	108.77757362415022
150.4363307179287	1.1734907396580374	112.47277696650411
152.0765167973797	1.1250483596181637	107.82983533789012
151.5369920613812	1.1542308481201955	110.62681993239406
152.51451195671314	1.1327960892178819	108.57241355671765
152.63553407062219	1.128806264991744	108.19001035986523
151.66857457662013	1.17410527267344	112.53167665138793
152.21536575203905	1.1551607560293582	110.71594660492079
151.14168091641315	1.1176285297297075	107.11868454311099
152.763588129886	1.132449407900738	108.53918601674324
152.44177377884867	1.157181151111127	110.90959060886259
150.8886731160408	1.1305460751657685	108.35676180924106
151.6001428075263	1.1472218005514843	109.95504041398645
151.6725327243605	1.201877781399355	115.19352226649724
150.8245502743002	1.1867636668412718	113.74491566204046
