75.0	0	0	0	0	0	0	0	0	0	0	0	0	0	0	0	0
75.2	0	0	0	0	0	0	0	0	0	0	0	0	0	0	0	0
75.4	0	0	0	0	0	0	0	0	0	0	0	0	0	0	0	0
75.6	0	0	0	0	0	0	0	0	0	0	0	0	0	0	0	0
75.8	0	0	0	0	0	0	0	0	0	0	0	0	0	0	0	0
76.0	0	0	0	0	0	0	0	0	0	0	0	0	0	0	0	0
76.2	0	0	0	0	0	0	0	0	0	0	0	0	0	0	0	0
76.4	0	0	0	0	0	0	0	0	0	0	0	0	0	0	0	0
76.6	0	0	0	0	0	0	0	0	0	0	0	0	0	0	0	0
76.8	0	0	0	0	0	0	0	0	0	0	0	0	0	0	0	0
77.0	0	0	0	0	0	0	0	0	0	0	0	0	0	0	0	0
77.2	0	0	0	0	0	0	0	0	0	0	0	0	0	0	0	0
77.4	0	0	0	0	0	0	0	0	0	0	0	0	0	0	0	0
77.6	0	0	0	0	0	0	0	0	0	0	0	0	0	0	0	0
77.8	0	0	0	0	0	0	0	0	0	0	0	0	0	0	0	0
78.0	0	0	0	0	0	0	0	0	0	0	0	0	0	0	0	0
78.2	0	0	0	0	0	0	0	0	0	0	0	0	0	0	0	0
78.4	0	0	0	0	0	0	0	0	0	0	0	0	0	0	0	0
78.6	0	0	0	0	0	0	0	0	0	0	0	0	0	0	0	0
78.8	0	0	0	0	0	0	0	0	0	0	0	0	0	0	0	0
79.0	0	0	0	0	0	0	0	0	0	0	0	0	0	0	0	0
79.2	0	0	0	0	0	0	0	0	0	0	0	0	0	0	0	0
79.4	0	0	0	0	0	0	0	0	0	0	0	0	0	0	0	0
79.6	0	0	0	0	0	0	0	0	0	0	0	0	0	0	0	0
79.8	0	0	0	0	0	0	0	0	0	0	0	0	0	0	0	0
80.0	0	0	0	0	0	0	0	0	0	0	0	0	0	0	0	0
80.2	0	0	0	0	0	0	0	0	0	0	0	0	0	0	0	0
80.4	0	0	0	0	0	0	0	0	0	0	0	0	0	0	0	0
80.6	0	0	0	0	0	0	0	0	0	0	0	0	0	0	0	0
80.8	0	0	0	0	0	0	0	0	0	0	0	0	0	0	0	0
81.0	0	0	0	0	0	0	0	0	0	0	0	0	0	0	0	0
81.2	0	0	0	0	0	0	0	0	0	0	0	0	0	0	0	0
81.4	0	0	0	0	0	0	0	0	0	0	0	0	0	0	0	0
81.6	0	0	0	0	0	0	0	0	0	0	0	0	0	0	0	0
81.8	0	0	0	0	0	0	0	0	0	0	0	0	0	0	0	0
82.0	0	0	0	0	0	0	0	0	0	0	0	0	0	0	0	0
82.2	0	0	0	0	0	0	0	0	0	0	0	0	0	0	0	0
82.4	0	0	0	0	0	0	0	0	0	0	0	0	0	0	0	0
82.6	0	0	0	0	0	0	0	0	0	0	0	0	0	0	0	0
82.8	0	0	0	0	0	0	0	0	0	0	0	0	0	0	0	0
83.0	0	0	0	0	0	0	0	0	0	0	0	0	0	0	0	0
83.2	0	0	0	0	0	0	0	0	0	0	0	0	0	0	0	0
83.4	0	0	0	0	0	0	0	0	0	0	0	0	0	0	0	0
83.6	0	0	0	0	0	0	0	0	0	0	0	0	0	0	0	0
83.8	0	0	0	0	0	0	0	0	0	0	0	0	0	0	0	0
84.0	0	0	0	0	0	0	0	0	0	0	0	0	0	0	0	0
84.2	0	0	0	0	0	0	0	0	0	0	0	0	0	0	0	0
84.4	0	0	0	0	0	0	0	0	0	0	0	0	0	0	0	0
84.6	0	0	0	0	0	0	0	0	0	0	0	0	0	0	0	0
84.8	0	0	0	0	0	0	0	0	0	0	0	0	0	0	0	0
85.0	0	0	0	0	0	0	0	0	0	0	0	0	0	0	0	0
85.2	0	0	0	0	0	0	0	0	0	0	0	0	0	0	0	0
85.4	0	0	0	0	0	0	0	0	0	0	0	0	0	0	0	0
85.6	0	0	0	0	0	0	0	0	0	0	0	0	0	0	0	0
85.8	0	0	0	0	0	0	0	0	0	0	0	0	0	0	0	0
86.0	0	0	0	0	0	0	0	0	0	0	0	0	0	4	144	20
86.2	0	0	0	0	0	0	0	0	0	0	0	0	0	203	183	201
86.4	0	0	0	0	0	0	0	0	0	0	0	0	32	181	114	151
86.6	0	0	0	0	0	0	0	0	0	0	0	0	112	105	99	94
86.8	0	0	0	0	0	0	0	0	0	0	0	0	125	107	109	85
87.0	0	0	0	0	0	0	0	0	0	0	0	16	142	70	62	80
87.2	0	0	0	0	0	0	0	0	0	0	0	64	110	71	57	66
87.4	0	0	0	0	0	0	0	0	0	0	0	79	73	59	48	87
87.6	0	0	0	0	0	0	0	0	0	0	0	119	70	58	57	55
87.8	0	0	0	0	0	0	0	0	0	0	0	117	65	43	51	53
88.0	0	0	0	0	0	0	0	0	0	0	43	83	71	55	37	47
88.2	0	0	0	0	0	0	0	0	0	0	60	69	67	50	46	38
88.4	0	0	0	0	0	0	0	0	0	0	90	71	52	39	37	38
88.6	0	0	0	0	0	0	0	0	0	0	97	54	38	44	43	13
88.8	0	0	0	0	0	0	0	0	0	0	96	48	39	36	36	1
89.0	0	0	0	0	0	0	0	0	0	6	120	48	36	44	47	0
89.2	0	0	0	0	0	0	0	0	0	35	69	35	49	33	41	0
89.4	0	0	0	0	0	0	0	0	0	61	65	44	35	45	27	0
89.6	0	0	0	0	0	0	0	0	0	59	39	50	39	26	41	0
89.8	0	0	0	0	0	0	0	0	0	65	52	45	42	35	28	0
90.0	0	0	0	0	0	0	0	0	0	68	52	42	26	35	32	0
90.2	0	0	0	0	0	0	0	0	0	77	30	44	21	35	18	0
90.4	0	0	0	0	0	0	0	0	0	106	38	38	38	27	30	0
90.6	0	0	0	0	0	0	0	0	22	58	26	37	34	24	27	0
90.8	0	0	0	0	0	0	0	0	43	48	33	19	30	22	25	0
91.0	0	0	0	0	0	0	0	0	49	50	39	26	24	28	25	0
91.2	0	0	0	0	0	0	0	0	67	42	28	36	30	34	17	0
91.4	0	0	0	0	0	0	0	0	55	38	30	23	18	23	7	0
91.6	0	0	0	0	0	0	0	0	69	30	33	35	26	26	0	0
91.8	0	0	0	0	0	0	0	0	87	42	39	21	26	29	0	0
92.0	0	0	0	0	0	0	0	0	65	34	34	31	22	28	0	0
92.2	0	0	0	0	0	0	0	11	68	33	39	31	31	29	0	0
92.4	0	0	0	0	0	0	0	34	49	36	33	34	20	21	0	0
92.6	0	0	0	0	0	0	0	37	47	32	35	17	25	18	0	0
92.8	0	0	0	0	0	0	0	50	55	33	27	19	27	20	0	0
93.0	0	0	0	0	0	0	0	48	34	31	27	19	36	17	0	0
93.2	0	0	0	0	0	0	0	64	40	33	30	29	18	32	0	0
93.4	0	0	0	0	0	0	0	53	31	26	34	27	15	22	0	0
93.6	0	0	0	0	0	0	0	56	32	26	22	17	27	22	0	0
93.8	0	0	0	0	0	0	0	74	25	24	17	22	19	16	0	0
94.0	0	0	0	0	0	0	3	52	30	21	22	22	21	9	0	0
94.2	0	0	0	0	0	0	16	47	21	22	27	20	23	0	0	0
94.4	0	0	0	0	0	0	36	51	21	23	25	19	17	0	0	0
94.6	0	0	0	0	0	0	28	46	48	18	28	26	14	0	0	0
94.8	0	0	0	0	0	0	58	40	28	24	26	21	19	0	0	0
95.0	0	0	0	0	0	0	59	32	29	24	18	18	20	0	0	0
95.2	0	0	0	0	0	0	35	32	27	21	20	24	19	0	0	0
95.4	0	0	0	0	0	0	50	23	24	17	16	13	21	0	0	0
95.6	0	0	0	0	0	0	57	35	24	20	17	13	17	0	0	0
95.8	0	0	0	0	0	0	50	26	22	29	20	13	12	0	0	0
96.0	0	0	0	0	0	0	49	15	20	14	22	15	13	0	0	0
96.2	0	0	0	0	0	4	54	19	26	18	20	15	10	0	0	0
96.4	0	0	0	0	0	17	42	25	27	19	22	6	0	0	0	0
96.6	0	0	0	0	0	22	40	27	18	13	11	4	0	0	0	0
96.8	0	0	0	0	0	27	32	35	22	17	14	0	0	0	0	0
97.0	0	0	0	0	0	15	40	23	18	19	10	0	0	0	0	0
97.2	0	0	0	0	0	44	36	22	17	18	3	0	0	0	0	0
97.4	0	0	0	0	0	34	27	25	21	12	0	0	0	0	0	0
97.6	0	0	0	0	0	37	31	15	21	10	0	0	0	0	0	0
97.8	0	0	0	0	0	40	31	24	18	2	0	0	0	0	0	0
98.0	0	0	0	0	0	38	25	19	15	3	0	0	0	0	0	0
98.2	0	0	0	0	0	49	24	16	19	0	0	0	0	0	0	0
98.4	0	0	0	0	0	51	21	22	17	0	0	0	0	0	0	0
98.6	0	0	0	0	13	28	18	19	13	0	0	0	0	0	0	0
98.8	0	0	0	0	13	29	13	20	10	0	0	0	0	0	0	0
99.0	0	0	0	0	17	38	32	19	1	0	0	0	0	0	0	0
99.2	0	0	0	0	28	27	20	17	1	0	0	0	0	0	0	0
99.4	0	0	0	0	33	31	17	12	0	0	0	0	0	0	0	0
99.6	0	0	0	0	28	25	19	12	0	0	0	0	0	0	0	0
99.8	0	0	0	0	32	28	19	8	0	0	0	0	0	0	0	0
100.0	0	0	0	0	37	22	16	13	0	0	0	0	0	0	0	0
100.2	0	0	0	0	42	25	19	4	0	0	0	0	0	0	0	0
100.4	0	0	0	0	45	17	9	4	0	0	0	0	0	0	0	0
100.6	0	0	0	0	42	15	23	1	0	0	0	0	0	0	0	0
100.8	0	0	0	0	34	28	15	0	0	0	0	0	0	0	0	0
101.0	0	0	0	1	55	21	13	0	0	0	0	0	0	0	0	0
101.2	0	0	0	8	27	19	6	0	0	0	0	0	0	0	0	0
101.4	0	0	0	20	37	16	9	0	0	0	0	0	0	0	0	0
101.6	0	0	0	18	20	15	7	0	0	0	0	0	0	0	0	0
101.8	0	0	0	19	25	12	1	0	0	0	0	0	0	0	0	0
102.0	0	0	0	30	22	16	3	0	0	0	0	0	0	0	0	0
102.2	0	0	0	16	32	21	1	0	0	0	0	0	0	0	0	0
102.4	0	0	0	23	14	23	0	0	0	0	0	0	0	0	0	0
102.6	0	0	0	33	16	10	0	0	0	0	0	0	0	0	0	0
102.8	0	0	0	31	15	10	0	0	0	0	0	0	0	0	0	0
103.0	0	0	0	27	15	6	0	0	0	0	0	0	0	0	0	0
103.2	0	0	0	31	22	5	0	0	0	0	0	0	0	0	0	0
103.4	0	0	0	38	20	9	0	0	0	0	0	0	0	0	0	0
103.6	0	0	0	37	18	2	0	0	0	0	0	0	0	0	0	0
103.8	0	0	4	36	15	3	0	0	0	0	0	0	0	0	0	0
104.0	0	0	12	30	8	2	0	0	0	0	0	0	0	0	0	0
104.2	0	0	10	24	9	0	0	0	0	0	0	0	0	0	0	0
104.4	0	0	15	24	10	0	0	0	0	0	0	0	0	0	0	0
104.6	0	0	16	26	7	0	0	0	0	0	0	0	0	0	0	0
104.8	0	0	23	21	11	0	0	0	0	0	0	0	0	0	0	0
105.0	0	0	22	23	9	0	0	0	0	0	0	0	0	0	0	0
105.2	0	0	26	21	9	0	0	0	0	0	0	0	0	0	0	0
105.4	0	0	26	19	3	0	0	0	0	0	0	0	0	0	0	0
105.6	0	0	22	24	3	0	0	0	0	0	0	0	0	0	0	0
105.8	0	0	22	14	0	0	0	0	0	0	0	0	0	0	0	0
106.0	0	0	34	11	0	0	0	0	0	0	0	0	0	0	0	0
106.2	0	0	34	16	0	0	0	0	0	0	0	0	0	0	0	0
106.4	0	0	30	12	0	0	0	0	0	0	0	0	0	0	0	0
106.6	0	1	27	10	0	0	0	0	0	0	0	0	0	0	0	0
106.8	0	6	19	9	0	0	0	0	0	0	0	0	0	0	0	0
107.0	0	13	31	4	0	0	0	0	0	0	0	0	0	0	0	0
107.2	0	17	10	7	0	0	0	0	0	0	0	0	0	0	0	0
107.4	0	22	15	7	0	0	0	0	0	0	0	0	0	0	0	0
107.6	0	12	23	4	0	0	0	0	0	0	0	0	0	0	0	0
107.80000000000001	0	17	21	3	0	0	0	0	0	0	0	0	0	0	0	0
108.0	0	19	15	2	0	0	0	0	0	0	0	0	0	0	0	0
108.2	0	22	23	2	0	0	0	0	0	0	0	0	0	0	0	0
108.4	0	19	19	0	0	0	0	0	0	0	0	0	0	0	0	0
108.6	0	19	17	0	0	0	0	0	0	0	0	0	0	0	0	0
108.80000000000001	0	26	14	0	0	0	0	0	0	0	0	0	0	0	0	0
109.0	0	25	12	0	0	0	0	0	0	0	0	0	0	0	0	0
109.2	0	26	11	0	0	0	0	0	0	0	0	0	0	0	0	0
109.4	0	22	7	0	0	0	0	0	0	0	0	0	0	0	0	0
109.6	0	31	4	0	0	0	0	0	0	0	0	0	0	0	0	0
109.80000000000001	3	18	2	0	0	0	0	0	0	0	0	0	0	0	0	0
