145.90568314416817	1.127728400915651	108.0867028843704
146.6858785786903	1.1023223853684996	105.65167291466226
147.42796529343192	1.1464393240931794	109.88004425321392
146.89232228832495	1.0781623823754625	103.33606654785125
146.49836310153157	1.0814920640115138	103.65519862735123
145.09478842947448	1.152140773591801	110.42649752819344
146.57759260932266	1.0815531989304215	103.66105808057638
147.0456307691555	1.089247715290165	104.3985360965058
146.84363609011714	1.0900418214810343	104.47464690460589
146.25765204970818	1.1509587900893596	110.31321076558386
146.50864763048742	1.0789652752000636	103.41301950754453
146.03033758332597	1.1081221723551988	106.20755130906555
145.8281808900636	1.1116225985615982	106.54304833745694
147.41621897863106	1.1110266698170452	106.48593177188985
146.78551057470276	1.0933662975023393	104.79328005392559
146.8082983094902	1.083403782626187	103.83842657632809
145.80034362324278	1.1248259784875196	107.80852130236924
147.60893687308572	1.106887776739469	106.08924112724269
148.1595356303033	1.0960535808416667	105.05084171117227
146.39673207575925	1.0883141579003446	104.30905964088306
146.20201404965894	1.1284282115352626	108.15377596903855
146.43409535978185	1.111822277120028	106.56218645351382
146.86679661789037	1.1038405244492693	105.79717838178279
146.5438415807959	1.0874289163171393	104.22421399550683
147.33496053420893	1.115696552558333	106.93351492041447
148.18033435748976	1.096878342261948	105.12989065816346
146.05958839796588	1.0958280585807028	105.02922661520162
145.47328022743457	1.1245087733970298	107.77811890021164
146.55643117258342	1.0773615404926993	103.25931015990417
147.91454346089762	1.0968732571497637	105.12940327750573
147.80904057175277	1.1196864410469773	107.31592427648256
147.85915344260937	1.0909686651765196	104.56347988872939
146.72524654818534	1.0765386553013898	103.18044103937055
146.40071854290872	1.0855477402582507	104.04391338625979
146.0618149117651	1.119649134500614	107.31234864462905
147.71789722423077	1.1010486742922503	105.5295945573669
147.5057433894743	1.0996151046263878	105.39219461389442
146.4995015643091	1.0762560480779364	103.15335465671885
146.00400391387464	1.1594803218096557	111.12995375655893
145.82197960024308	1.1169458851505185	107.05325673110723
147.29903817432776	1.1196843828227765	107.31572700676097
145.50817022724308	1.1589002539347384	111.07435737005481
147.86113064814745	1.0914557058775425	104.61016012086803
147.02715268935836	1.137916538877297	109.06318112142755
148.07975590230456	1.1055231573473518	105.95844969672959
146.31850650298787	1.14745016923278	109.97692832403933
147.9718091542437	1.086847334595939	104.1684725149772
145.79921353470826	1.1418792905714936	109.44298956167557
146.72173609941717	1.1315097258136853	108.44912254182627
145.76804573693076	1.0948584644981976	104.93629623637186
145.63069897285246	1.1301882691670877	108.32246802836417
146.16899874420312	1.0735002364056916	102.88922492727217
148.39031141036725	1.0993608372660282	105.36782445472306
146.96704949114294	1.1669829510283534	111.84904042188947
147.665374580851	1.1269801268221564	108.01498483634222
146.9718737262157	1.0792349506143883	103.43886644583186
147.48253487946644	1.100775649081323	105.50342655908872
146.6060000298062	1.1382940555297119	109.09936406247111
147.8232616445444	1.0867525407325087	104.15938703292004
146.4519626958459	1.141733071561081	109.42897525581816
147.74045038003018	1.0985403224165036	105.28918251870303
146.4442636366016	1.0974010382273942	105.17998825566139
145.94835289599766	1.1300137734346078	108.30574355075429
146.6574234086766	1.1032059895248054	105.73636162147542
145.41154492104133	1.1222134515834894	107.55812464744409
145.31077466854126	1.1382039773424693	109.09073055261808
146.115510393927	1.1530157201450777	110.51035645031239
147.83788609054085	1.0878823759239074	104.26767566034297
147.59703018932794	1.1166971214522206	107.0294140683486
145.51666231224968	1.158317790826322	111.01853141330018
145.48851518260824	1.124760247649664	107.80222135502741
146.68896282389028	1.102313480438842	105.6508194250407
147.21889588360844	1.1376928769555121	109.04174432896329
147.4952812106391	1.0825457513030272	103.75618888805441
148.24238841544198	1.0914856765078638	104.61303264461769
146.40880383721958	1.1250322617499189	107.8282924437849
146.6390241414506	1.1112515040321416	106.50748092236407
147.51068949735242	1.1408882109025311	109.34799990492232
146.96201290449085	1.107914556575266	106.18765245300989
146.44158230804626	1.080788082065401	103.58772574346919
147.00850817969726	1.1522244726044746	110.43451962846794
148.11478060441308	1.0906040586315928	104.52853431206468
146.57439346035235	1.1551958032316614	110.71930569079572
145.711458389479	1.1303241369915842	108.33549022871486
146.49981093509965	1.1238700552665581	107.71690120210356
146.72926778407754	1.0970692795352142	105.14819096904357
147.88648445415592	1.0860555691329647	104.0925860530586
145.96891210862015	1.0869878079915436	104.1819361345522
145.92726816656426	1.0965556816569428	105.09896537427652
146.12988351576055	1.077375268456023	103.26062591136682
148.04760480521404	1.0949123083544008	104.94145688044438
147.44145410303395	1.1321129785106567	108.5069410688482
145.97444116687237	1.1158360651953585	106.94688645644612
148.16396372997903	1.096018964849303	105.04752395445122
145.79107300569382	1.1262011538482855	107.94032446571273
148.2426998668693	1.1073713380551677	106.13558787900833
146.78284230944834	1.0997023254393818	105.40055425979122
146.42533774857907	1.075219712526135	103.05402746695835
146.40039763536646	1.1219588544814507	107.53372288430599
147.43050278948652	1.1449322101169974	109.73559548308081
147.3938910737956	1.1190199651921267	107.25204614975951
147.5960742542668	1.0880340202066583	104.28220994937968
146.1998776276022	1.0867390922629954	104.15809806943614
147.19840208684155	1.0828258208417616	103.78303204727214
148.36363302832652	1.0919775404458603	104.66017515808333
146.31929473917677	1.0817717421132271	103.68200426943545
146.13261660954348	1.1275219179807212	108.06691260541642
145.4704845777488	1.1252478789899911	107.84895819676719
146.990249133302	1.1104516430227602	106.43081854585603
146.24233370894322	1.0862548078418162	104.11168201189868
146.5568649437761	1.0830960092997919	103.80892815803976
147.41076570729962	1.0864098578654218	104.126542722882
146.55099086471327	1.1288490268533398	108.19410885434787
147.06075147039823	1.0794475614929018	103.4592440552254
148.55637187867342	1.0933019416423788	104.78711189082108
146.7086930470885	1.0773823582050424	103.26130542568532
147.3363146336893	1.1322812163832081	108.5230657642355
146.11042655971866	1.0938391687791886	104.83860222295303
146.6946593925576	1.1057738086267177	105.98247327398312
148.04803071493086	1.1097516827744034	106.36373112007728
145.867235258276	1.0835457886738977	103.85203709236563
147.27592222880784	1.1170431954845756	107.06258340334166
146.7208896572615	1.111213121320365	106.50380214584278
146.98395585144928	1.0813031381225175	103.63709109683721
145.954281613719	1.1269995506194908	108.01684650286553
146.1884240142414	1.0918330894524857	104.64633030715154
147.2724984107016	1.1107689007187007	106.46122598996318
145.13379137971947	1.15631706275617	110.82677238666277
147.04460117784953	1.079325880208943	103.44758155849733
146.13276368736243	1.1431286667205383	109.56273554705908
146.09705254532642	1.075644792425578	103.09476908945888
146.56669429262107	1.089883558639418	104.45947826229315
148.29423083920432	1.094263863956357	104.87930697189239
146.8488440855956	1.11520402650432	106.88630894668913
147.82232536898942	1.0918941110515585	104.65217889927989
147.60545625061897	1.13258790642029	108.5524603550685
144.71680755576048	1.1551692675076228	110.7167623843421
145.638854551476	1.1141293658433855	106.78330850131094
145.90808359452694	1.0911895265856368	104.58464826711422
146.7116671619151	1.1585101891202523	111.0369717551543
146.33075063310028	1.0858263553142682	104.07061714113057
147.51848511072023	1.113709080926178	106.74302645207275
147.27671821737596	1.1288513006476368	108.19432678530394
147.91359194928265	1.1058987255739179	105.99444589163313
146.87570737164555	1.1484260367946002	110.0704599821259
147.97201521841097	1.1015439365989201	105.57706278619524
147.18081801923287	1.1181268358806296	107.16644450804264
146.77683317329615	1.0773471062534594	103.25792671569296
147.0860333747903	1.0826857313327558	103.76960522116327
147.12119532251486	1.142863617200794	109.5373319758916
146.34718907209725	1.0918131546843644	104.64441966682604
147.81029703220568	1.0960941050627624	105.05472573984588
147.46670664638478	1.0890688704534794	104.38139478064504
146.19501586920552	1.1520155317446807	110.4144937706332
147.39662902857614	1.114557194018676	106.82431353127262
147.522949580816	1.0922013454764556	104.68162566675754
146.06042026719823	1.1064615997748026	106.04839435693997
145.59534952084658	1.1287058378388464	108.18038495730556
148.09041476319712	1.0886931949919778	104.34538830784955
148.35516998293264	1.0949778822451064	104.94774178524584
146.43891352368652	1.0747226249136408	103.00638429238232
146.6897836736458	1.151303671963554	110.34626583862803
146.40322418328452	1.0899495394339498	104.46580216663823
146.88231994872527	1.077642954681916	103.28628219663982
146.99902640266637	1.1111512802745904	106.4978750141546
145.91924703172222	1.0891436193348831	104.38855905896655
146.51779590370657	1.1635765530010964	111.52255548883369
146.03028868748567	1.1586502444134548	111.05039530186242
146.01524393373134	1.0843853503798941	103.93250456715431
145.9532934310497	1.0815116633906359	103.65707712244469
145.9461085154743	1.1189871227225412	107.24889837565966
147.11421309674856	1.1592689324185592	111.10969322016575
145.87875223197474	1.119363578583866	107.28497964558163
145.02288917615905	1.1474131255785396	109.97337788898209
147.77290401091642	1.1054101782752106	105.94762126020818
146.55112717267107	1.0787412102256881	103.39154408465686
148.00121103250873	1.1008478147263734	105.51034324809706
146.35313034053263	1.1111422251511185	106.49700712926361
146.46169070464168	1.0811407609952353	103.62152812236789
145.25265936276503	1.146644649352346	109.8997235751714
146.94628108764127	1.0802469340454521	103.53585961577285
148.1918786267674	1.0893555696845687	104.40887336022391
146.5051820142888	1.1396328924515258	109.22768438185052
145.93654696030822	1.1268375918361928	108.00132362441747
146.5530974970753	1.0851603097408877	104.00678025457262
146.54895869519123	1.163064300890617	111.47345887867266
146.38172794156247	1.105101164043687	105.91800390783628
146.71673240912511	1.120997649325492	107.44159653897437
146.81508616868567	1.09986197240338	105.4158555627912
147.79652963898957	1.1049140043136911	105.90006565416495
147.1203397718457	1.0877819149229697	104.2580470136307
147.8356663846901	1.1251326531141195	107.8379144161904
146.79507549614866	1.0998063553282338	105.41052496521844
146.74118462199405	1.0768794904879104	103.2131082591622
145.84051345133406	1.09123943166468	104.58943140057667
147.05146984511083	1.0893673228889107	104.40999984165741
146.8229985711853	1.0780924050000549	103.32935959272076
146.8081111616704	1.1209209008767262	107.43424061287385
148.2601195472471	1.0888833163646081	104.3636104190412
147.47270176744786	1.1386660547657204	109.13501818882195
145.84578091460187	1.1476673154220385	109.99774061857921
147.3943980870269	1.0972197610796548	105.16261381586584
146.48203239652753	1.1318128867716444	108.47817888940293
146.32093284455226	1.1335477965874228	108.6444606657925
146.56995477942155	1.1615765548923664	111.33086642507324
148.00547772741427	1.0876302757527836	104.24351321460584
146.10086097186786	1.0869048192358386	104.17398210858872
145.65503763266406	1.0956468591376003	105.01185962297767
146.99246833302715	1.0790379572305653	103.41998568932152
146.45725284141216	1.08354021860229	103.85150323095503
145.25760892167517	1.1472878842514083	109.96137418126001
146.8678088126032	1.132339790981804	108.52867982452683
147.62352596493292	1.0833897827427619	103.83708476278595
147.19830122244036	1.121508054651736	107.49051614479748
146.9505640933788	1.155532321771407	110.75155918320671
147.8595514427862	1.1092211513720385	106.31288253808566
147.9024071479979	1.111236556976196	106.50604832742924
146.6381050346781	1.1099973274974717	106.3872748458324
146.33630736396023	1.1238094623288364	107.7110936948606
146.37337704908074	1.1032623647684452	105.74176488542123
147.51432639514988	1.0834935281584168	103.84702820298699
146.9224455054379	1.1366470871249494	108.94151099742375
146.20135100938887	1.099243324252369	105.35656146428838
146.71795215286022	1.111659451240325	106.54658046853815
146.65099941692313	1.0925095418513517	104.71116463196972
145.69652447018754	1.1228765809306986	107.62168202940549
147.2399690675387	1.101159419382747	105.54020887876088
147.26854436010387	1.151727463576438	110.3868839857896
145.40313558465752	1.1451151784740425	109.75313201619383
147.1242024883009	1.0800938145307035	103.52118393368221
146.33070135307577	1.0737677064120954	102.91486048906982
147.78327995873792	1.096282228554476	105.07275636489523
147.4497300392672	1.0832124592602632	103.82008926054296
146.25205756309802	1.1200415385360694	107.34995846128032
147.7658987294951	1.099055228704619	105.33853351751766
147.21304295564101	1.1180629628653405	107.16032262300342
147.97581473881272	1.0966787490733827	105.11076072434899
147.15231053681734	1.1078617331165184	106.18258960854634
145.66890206033005	1.1314162811801403	108.44016637619816
147.13088455504644	1.0850486091248028	103.99607435118935
146.81494890200005	1.0789981222492169	103.41616772057134
146.39767003047487	1.0755758070679544	103.08815721389841
146.09052643931417	1.125327724619927	107.8566109710278
147.76425966413763	1.0951537709972523	104.96459977629976
147.29739468067012	1.0808939749291526	103.59787500502242
147.1648420516082	1.123044219312944	107.6377492668707
145.66864773403148	1.0993637371122102	105.36810238938574
147.58473240918465	1.1413755913157986	109.39471269665276
147.57782708490566	1.0853930546776647	104.02908760518012
147.2299861963118	1.084372399272443	103.93126327314951
146.24314496012954	1.1100437274339199	106.39172203022595
146.26098453913792	1.073379919375583	102.87769318693938
146.43194591440422	1.0788617382587484	103.40309604848791
147.2822147986556	1.1309655053289485	108.39696193490214
147.7632480905937	1.1085321746129213	106.24684782068698
146.63963275150178	1.1001107383079058	105.43969843700488
145.14489256776938	1.151418230529826	110.35724566116814
147.73263257802046	1.0855296735120081	104.0421817857861
148.50195952274478	1.0941038310678646	104.86396868010495
145.75837008500315	1.0899796530533095	104.4686883951183
145.52206732057198	1.1283128965307976	108.14272364596536
145.99022713243446	1.1329299559184733	108.58524396010307
147.92600215451444	1.0965728900571983	105.10061470690309
145.9652753222923	1.1286585902135071	108.17585652649022
146.63583220462402	1.1261963588144785	107.93986488750757
147.52882672513047	1.1342960940245765	108.71618095118487
148.42842302808705	1.0916537776696669	104.62914423701491
146.68448577656153	1.0765928727932321	103.18563749440986
145.9553552234796	1.157991796637396	110.98728662332073
146.72889427655662	1.0800858067591705	103.52041643184246
146.95628805932674	1.114456109375469	106.81462511180246
147.9062764382252	1.0867323464744707	104.15745152188144
147.6200311909062	1.0973726196935047	105.17726449200833
147.1286193125689	1.0827148768248382	103.77239865984991
148.30535723945405	1.0961678222645155	105.06179113722071
145.400657638039	1.112527203026662	106.62974981093569
147.05763640376654	1.0810744115470146	103.61516888454915
146.6537825981156	1.0760405728888862	103.13270251856315
146.35198392414367	1.0914268739127662	104.6073967320877
148.1892610787744	1.0913398691919336	104.59905779746254
146.0619984213847	1.1346126650200934	108.74652257874916
144.88014093042406	1.1548077927078533	110.68211696860978
146.1064824570115	1.1506555872778172	110.28415040656631
146.37102136756158	1.0738763384059937	102.92527228151799
145.54701478298685	1.1163079379181664	106.99211291943841
147.88097291261116	1.0872056393320544	104.20281409715524
147.18477528018033	1.0836729219039256	103.86422212880669
146.81079370305193	1.1138983993298446	106.76117160300717
147.3533906953547	1.1448457830444383	109.72731191293636
147.0328633429688	1.0901456828734895	104.48460146055956
146.737834575215	1.0770248715924986	103.22704225625216
147.2426198414322	1.1226899580322653	107.60379522815263
146.63901172093955	1.1381430691766274	109.08489283245494
147.00061907200583	1.0860189995614893	104.08908105628501
146.4843454857433	1.1145074911913073	106.81954978254558
146.1102060712619	1.1470660589594277	109.94011341988602
148.15655797843553	1.10312730563204	105.72882019347537
147.80936109321982	1.0873068023510009	104.21251002851857
145.73593229691576	1.113452012599768	106.71838783536761
148.1452063479469	1.087535364616971	104.23441649262146
146.8532908135618	1.0999687236067008	105.4260870915764
148.21757193179852	1.092443224816911	104.70480850083747
147.41493802100223	1.1013671824010918	105.56012184682655
145.9224894182612	1.1033095461805287	105.74628697005205
147.4581602185766	1.1235504808570844	107.68627171346235
145.7616719196853	1.1530165200637694	110.51043311821745
145.7924458413067	1.0997706441952833	105.40710224516124
146.0566525323445	1.1052883892666507	105.93594843865638
147.43385255368756	1.0922625349213102	104.68749034600148
146.11638022562119	1.0794704216337518	103.46143507679581
148.2519797788378	1.100508850387663	105.47785533900758
147.3415163585033	1.1517529244066553	110.38932426945068
148.20181929070677	1.08830579807854	104.3082583969179
147.8424029085265	1.0862840855606848	104.11448812381173
147.54067294040672	1.11763540439992	107.1193434432824
148.12327701707042	1.099805803061422	105.41047203341432
145.8364264888633	1.1188580487486603	107.23652732935663
147.03561230009805	1.0847379091603906	103.96629543038507
146.01603818928007	1.0938323401361838	104.83794773424195
147.68982455909327	1.0855908884330738	104.04804890678788
145.29456434273973	1.15299171643045	110.50805582334495
148.09152605197548	1.0888754762296486	104.36285898426553
147.18596002035434	1.0942194143946418	104.87504672042886
148.31367832999507	1.0892922947267172	104.40280879577405
146.58902743970185	1.1377790849695424	109.05000690352571
147.0020863946467	1.0790885732702948	103.42483696454258
147.04246675019488	1.0930735889065328	104.76522550905383
148.1192031417808	1.0917160973592976	104.63511724414279
145.9353641258313	1.1430847038138612	109.55852193886399
147.50606124257368	1.0926166434217295	104.72142974155325
146.13134195867582	1.0766301593744803	103.18921121271443
145.59808152735852	1.1471222603220619	109.94550001827248
147.31559098547604	1.0972944853648714	105.16977573677507
146.44322568052638	1.127522659052616	108.06698363317243
146.425794724956	1.1229346616405997	107.62724875312134
146.97107173215264	1.0853002264562286	104.0201905193379
147.10408806221514	1.1111121498349896	106.49412457194225
145.616908532679	1.1122194194981514	106.60025041482949
146.3473000001661	1.1024384906197382	105.66280097863915
146.9672123772012	1.1495457940728808	110.17778269577029
146.77395361715895	1.0839465291369748	103.89044591077544
147.58505095207232	1.09087886841104	104.55487335163902
145.1252136740091	1.1440796665576538	109.65388376745855
146.25489773872917	1.0830510051210807	103.80461474951964
147.8877050729395	1.0891683726279406	104.39093152899562
147.39783328642088	1.1308454020823862	108.38545068457263
146.1165517440508	1.07334944552522	102.87477243225476
146.97484376086356	1.1059989698927182	106.00405377052776
146.1380956381657	1.0734583240720352	102.88520785547416
146.6930174983248	1.1476779133382513	109.99875637185806
146.4275362258106	1.074789427195627	103.0127869318824
148.15615666180344	1.1024193405508338	105.66096554751388
146.3806300092402	1.1283519552431618	108.14646721350782
146.7374236234975	1.144167263921923	109.66227950377015
146.25659456758814	1.152089842148518	110.42161602323786
148.0190288231345	1.090409330243245	104.50987064319067
147.2000916065195	1.1613542798395682	111.30956255654345
146.16118477790906	1.0883857167306679	104.31591816996296
146.46465781052797	1.1501289073116863	110.23367096402667
148.3144195220656	1.1020644133706858	105.62694768591254
147.4083563809159	1.1071477432571541	106.11415751999657
145.94083961146873	1.0911178291595172	104.57777645437253
146.97206169607207	1.0896789922629582	104.43987167516225
146.687831075543	1.077356239517913	103.25880208997684
145.93975420871206	1.1492304595374894	110.14755957625998
148.47391628274357	1.0916476002916171	104.6285521685476
146.80023932296206	1.1262543156977634	107.9454197431081
148.03848123116566	1.1015209333653022	105.57485804995252
146.32896427286235	1.0813413800069809	103.64075637581784
146.38898249201247	1.0739930856944933	102.93646188131378
147.56335818221478	1.0895966582995533	104.4319804075196
146.31823555055593	1.1644050048725143	111.60195814572099
146.91424928358265	1.0815712760106364	103.66279067150573
146.36082331628972	1.0739973774800657	102.9368732258819
147.10860310849125	1.1483009170872982	110.05846793101043
147.09113708160862	1.142580319906242	109.51017945363597
147.14043785231794	1.1378702295886252	109.05874262513592
146.5421071227019	1.0997217730926243	105.40241821277505
147.15217202118416	1.1253766849824827	107.86130355849512
146.63204445876883	1.1435228079270507	109.60051186221459
146.99957818590073	1.1264867784966999	107.9677000523208
145.8224780987686	1.1440426943815	109.65034018319157
147.94443890626002	1.1009434445891055	105.51950885619172
146.52689685085315	1.0750026303466216	103.0332213074083
147.7615963415055	1.0851919060259092	104.00980858858337
145.88490169824715	1.1018546903274606	105.6068468600021
147.75561738502475	1.086612251559502	104.14594107009039
146.4537053960779	1.0768850949646158	103.21364541811641
145.89538848105676	1.1585135393964048	111.03729286110746
147.1664418571382	1.084146016335308	103.90956568599613
148.1092338113729	1.1120079667506735	106.57998380606787
146.4424843006852	1.0843373969958168	103.92790849315912
146.59274884636775	1.1222850249055685	107.56498456548086
145.0270476815692	1.143614981600306	109.60934621313349
147.05476022351385	1.146243093859214	109.86123664051364
147.25755609725525	1.1254530419338205	107.86862196167242
147.54353645957735	1.0827625107716263	103.77696411749868
146.30430872131413	1.1503457182660073	110.25445112810051
145.96088234494343	1.0983857769216332	105.27437016408591
146.923046215388	1.1416149559417845	109.41765450887367
147.26973179395293	1.0869500066688689	104.17831308104991
146.30048004098208	1.1395726505587715	109.22191052037994
146.67942486676912	1.1075077966168296	106.14866669833965
147.29881060928784	1.0900365856302723	104.47414507646607
148.27531358999113	1.0890233530666935	104.3770321838907
146.91907920567905	1.132980788525739	108.59011599215788
145.5325537065196	1.1270367599421596	108.02041281635071
146.51744924417463	1.0824297746955325	103.7450731538886
146.98519687262186	1.0844258990672802	103.93639094079026
147.44203792671922	1.0960870903979303	105.05405342194298
145.64787122497452	1.1020298828211526	105.62363811842732
148.02487117353616	1.0890153611353512	104.37626620024804
148.08292092866174	1.0972544316849375	105.1659368069415
146.918353426189	1.0783266179532593	103.35180764480859
146.79179546339736	1.0961031618936952	105.0555937883878
146.89628645621764	1.1222627245746775	107.56284719868468
147.46829424160595	1.0850871816124918	103.99977131671136
146.55687733731182	1.1484245802598783	110.07032038110529
147.26992128162013	1.0992157588155629	105.35391946540328
146.64022895046048	1.1053059228846818	105.93762894165788
148.4255531166148	1.091461405276003	104.61070637756202
147.56673289615296	1.135990280039241	108.87855957022933
148.5914661312187	1.0917496974301863	104.63833763025356
146.41945929887302	1.1351439735736215	108.79744564650066
145.82927533795618	1.118252669656249	107.17850499876644
145.9811674223276	1.1035881869632063	105.77299319068487
146.99713284515065	1.106166815563332	106.02014087546839
146.07504207583833	1.0893589364178786	104.40919604350711
145.47176187585086	1.1299181285598126	108.29657650383412
147.58390421072883	1.1357223899362587	108.85288374443368
145.6533669676807	1.1021087282187378	105.63119502579586
146.06424954379187	1.119902328220985	107.33661590118098
146.492337242722	1.123719567043063	107.70247771512983
147.12704630904992	1.0821029716636563	103.7137508406619
146.87213281703768	1.0784107619984928	103.3598723990608
147.41521703765883	1.0931550551487177	104.77303361028369
146.69266922693583	1.1096474429253815	106.35374029109683
146.97708710859303	1.1604399673938572	111.22193062532419
147.90724061192904	1.1061089798940593	106.01459763757909
147.5887717395531	1.1259441253467601	107.91568966600863
146.78284230944834	1.0869198753045082	104.1754251518069
146.87354510022243	1.1613509470078607	111.30924312254655
146.8422249355488	1.0848795502255886	103.97987096481148
146.31535372093043	1.073453094678705	102.88470664624447
146.69786875626286	1.1481892087992227	110.04776129230812
146.44818094051104	1.090677837358122	104.53560560625846
146.02007081559125	1.0972052471585678	105.16122273457806
145.78989459247742	1.0894195924475631	104.41500959777544
145.6423762534176	1.0958891453717543	105.03508145563057
146.367925902772	1.1610272014964256	111.27821385621236
147.14757611472598	1.0821426174688236	103.71755067789245
145.44593475551187	1.1071500854770577	106.11438200917907
146.23658169343864	1.1035077124405595	105.76528014043977
145.9273778896443	1.153949883932559	110.59989102589002
146.302351245173	1.1185257025297244	107.20467373145867
145.43707262621402	1.1364420116548242	108.92185561640265
147.16246136680317	1.0881826860523636	104.29645877124206
147.02163113338986	1.0791299301192685	103.42880079612084
146.53889858466965	1.147215003717527	109.95438897400153
147.42171111677243	1.0817956302415623	103.6842938180783
147.5577810387256	1.1064456370991407	106.04686442031682
146.48611441381615	1.1518014370220315	110.39397394275859
145.75931690606535	1.1271695775176152	108.03314266673353
145.8013157686548	1.096455415096794	105.08935536366825
147.1560002805165	1.1486829266069838	110.09508148922154
146.56111616462923	1.1442282174832605	109.66812157484748
147.10773527137482	1.079438992928502	103.45842280440502
147.11360929040293	1.1667958592736603	111.83110868328536
146.01944756401465	1.076877822766967	103.21294841707793
146.8086476545873	1.114969295646478	106.86381125622681
147.10779815743933	1.0818249220742169	103.68710128272183
145.3158275010752	1.1171275834952477	107.07067154036925
146.02691502406074	1.097751415712676	105.2135700534757
146.95893114988738	1.0830627348814286	103.80573898397236
146.63829133829543	1.0764164848741216	103.16873166088662
147.53245270872733	1.104528416453358	105.86310913124522
147.7405783450191	1.1181461742930225	107.16829799087847
145.72540348350222	1.1536388738759487	110.57008238441607
146.4031254357142	1.1270398127569063	108.02070541222773
147.53582456093852	1.0864646312760287	104.13179245974543
146.1180954443251	1.07582213358405	103.11176628584886
146.7957988879905	1.1375356521014683	109.02667517217759
146.8251204774615	1.0838254223067252	103.87883847234629
147.64673520333446	1.0848394552847955	103.97602808034645
146.3899449341556	1.0787482388452412	103.3922177400447
145.2568898191509	1.1312349838418851	108.42279000125025
147.21469530462278	1.096603258050431	105.10352531575099
146.18631289602453	1.088491391116187	104.32604649155248
146.27142657902448	1.0824129961139062	103.74346501706628
146.89442311986403	1.0808996482299194	103.59841876039282
147.07776334117298	1.0914008561745163	104.60490307178647
145.11057131978697	1.128521941245038	108.16275945769034
147.12307005411185	1.1257191292977407	107.89412500462316
148.4283186635714	1.0898848214082375	104.45959929189398
145.72757451563007	1.1021768699413235	105.63772604347457
146.61339690638806	1.1026798347587259	105.68593251653647
146.61442712327232	1.082039704898138	103.7076870614031
147.50901105140323	1.089075730973719	104.38205232461765
145.6979667020731	1.1225107999443844	107.5866238888493
146.8767073082333	1.1377529978920227	109.04750659742832
145.6208637153531	1.1176458317269347	107.12034284650397
147.92751996616212	1.11316085499784	106.69048194491866
145.85443180829523	1.1436313799362567	109.61091790545255
147.1710527075854	1.1418979532803641	109.44477828196237
145.56113093018564	1.112193889556059	106.59780350716684
148.20655083138635	1.0895636573184087	104.4288174409392
146.1961207601909	1.0738652842498082	102.92421280009115
146.05084262378728	1.0821423020521865	103.71752044690392
147.41028382934437	1.0900944292425554	104.4796890756502
145.3897613279895	1.1197824723667014	107.32512836207104
144.7884105260612	1.1505401865893896	110.27308987114608
148.13464753327648	1.0897139389715504	104.44322112925539
146.9527809299485	1.081664618454849	103.67173704283586
146.0205474265252	1.161651056416714	111.33800699555105
146.34572238685143	1.136431221117691	108.9208214014444
148.3329673854899	1.0890946469904927	104.3838653231048
147.40333534676776	1.1235994215155034	107.6909624123941
145.9140305278224	1.1244071573747887	107.76837955091854
147.8120279422684	1.1108465493885462	106.46866819741325
146.15687980219082	1.138434483169368	109.11282329658452
146.14773179740678	1.0748909595807976	103.02251826501202
146.65956084011367	1.0842750322549515	103.92193116811268
146.5639423133535	1.087264777019513	104.20848212648608
146.00313661346098	1.0966673848682869	105.10967152640143
147.06859053655373	1.0795948894409417	103.4733646467911
147.93644805550358	1.0900983008329042	104.48006014676572
146.2397402787713	1.087643042240933	104.24473681384333
146.90855678396028	1.1008961436956668	105.5149753199155
147.54750757855376	1.1309809398637576	108.39844125206461
146.50041730917022	1.140924322096159	109.3514609686441
146.0679813134211	1.1491588275793372	110.14069403827094
146.3437627861703	1.0893189209903746	104.40536077996325
148.1360577820167	1.0891832516853537	104.39235760663675
146.43992665123903	1.1050084968987588	105.90912226031116
146.59592473653382	1.1515363550387427	110.36856726013495
146.70698832576392	1.1075001237097744	106.14793129145934
147.92309533843158	1.0969309108629426	105.1349290758819
146.84449779473175	1.096831368667319	105.1253884917181
147.08472613431803	1.0998219477666766	105.41201941659507
146.23420985312242	1.0741497545651155	102.95147775007831
145.98557491372068	1.0787361567827058	103.3910597393218
146.0949709279782	1.1390396636643765	109.1708265926816
146.50622166588633	1.1546292237975018	110.66500209880435
146.22587885254103	1.145603223548171	109.79990851209364
147.04900853127634	1.15358799601251	110.56520601480045
145.67901589835475	1.1426518797060319	109.51703807563402
147.12358593650356	1.1403406186697085	109.29551613407568
146.1376788613487	1.1090183192266962	106.29344216768158
147.63925661050675	1.090653918347947	104.5333130977573
146.74599227414447	1.1620579841074952	111.37700882646459
146.41485350141576	1.1290004055986163	108.20861769304558
145.22708248233036	1.1450382408723865	109.74575796080597
147.71622196924372	1.08449195589719	103.94272213271745
146.47516817565182	1.078836451318069	103.40067243120394
147.31619810569592	1.1205407449313092	107.39780470978879
147.55556569819353	1.0828978340635929	103.7899341273346
146.57638979675784	1.1100138276538414	106.38885629709105
146.44454784380412	1.091849550796157	104.64790803842179
146.39978051308103	1.081467102301685	103.65280618169538
148.26179446832293	1.093965959041378	104.85075438777105
147.82598082922834	1.10874439170884	106.26718768813636
148.32925963599183	1.0890650450996417	104.38102814105049
145.32172128556613	1.1269341399813317	108.01057724494275
147.8774274721622	1.1126708358608641	106.64351624571046
147.2535278885921	1.084775813099089	103.96992831908142
147.67890050894547	1.1332058042497117	108.6116825392818
148.32327601854854	1.0908223143315317	104.5494529472369
146.18209100795633	1.0911926496214066	104.58494759329868
147.08546773623831	1.1351454948505086	108.79759145270964
146.51907114284438	1.0806857067795097	103.57791362283815
147.11408730294832	1.0795660457223306	103.4706001314689
146.52695876954496	1.107915752881252	106.18776711250554
146.07947253873468	1.0949218327565267	104.94236974317079
146.80957093944707	1.101453775046812	105.56842128626812
148.22329128627123	1.1066048275485636	106.06212196884964
147.0743829616386	1.083572827898537	103.85462865664428
145.70683941684797	1.0950981667251223	104.95927040582728
146.50648158324015	1.0948229093471844	104.93288846634456
148.04493330549232	1.0965221412401636	105.09575070569134
148.4198792072823	1.0926609542385441	104.72567669506417
145.97950711261402	1.1112334637511083	106.50575185843837
144.95776772000616	1.1385025861108695	109.11935059730484
147.1665678290175	1.0878459439232402	104.26418384899159
146.3724643593795	1.0739986218169109	102.93699248887708
148.06272125423303	1.0972324435418692	105.16382936166933
146.79038625985953	1.0785812842045785	103.37621603553339
147.46739247905924	1.08593130020238	104.08067554431645
147.91392626130238	1.0992625050962985	105.35839984503431
147.52601524570667	1.0874417161445322	104.22544079013156
145.59385062463588	1.127272351728401	108.04299302217049
146.58302434259147	1.096204845090596	105.0653395760108
146.45627633386792	1.0747270107160751	103.00680464796108
147.32204215061074	1.088745959770247	104.3504455281048
146.00236705333694	1.1372704289583748	109.00125496014574
147.66626849027108	1.0971049077710997	105.15160574386286
145.76713512781225	1.1031905227716514	105.73487921635785
146.37536284138665	1.0785691223935983	103.3750503913509
148.17477734237926	1.0897084695664985	104.4426969161928
147.41236355851532	1.1332492470054698	108.61584629380842
147.13946856484117	1.11316908851963	106.69127108370658
148.32360118912433	1.09097834537609	104.56440768380308
147.481264302657	1.1370000825206243	108.97534370787147
145.9180159710281	1.1556289066159222	110.76081632116984
146.65851696310762	1.1314803375695808	108.44630583666371
146.80997020480922	1.087281354179269	104.21007095810525
145.95774655223812	1.0827082819621547	103.77176657772549
146.6208697193889	1.1444415987339933	109.68857302027557
147.45940459640778	1.0992203071448867	105.35435539831037
146.68871408507314	1.1585809148645658	111.04375043742007
147.11399924754232	1.1645401487473597	111.61491095939064
145.39157717112278	1.1559209588538024	110.78880795766393
146.80110002990946	1.0863960438915785	104.12521872777356
145.85910482196576	1.133898547822211	108.67807828548716
147.78225504106595	1.111953693868948	106.57478204220612
146.83590661255462	1.0773903625605752	103.26207260011984
146.3689988043293	1.0975295588489233	105.19230626611714
146.1030776250624	1.0894206285992705	104.41510890734469
145.55302771422936	1.1030480410113674	105.72122310582827
147.60963813773006	1.0987702605778404	105.311220854978
147.03435704330352	1.0949861470748388	104.94853392473169
147.523636470878	1.0826388702783576	103.76511384109386
145.73075244513913	1.0915951156082029	104.62352179387798
147.50976125633795	1.1307210049351726	108.37352788695611
146.670175231151	1.1348602685996183	108.7702540503619
147.67964145153292	1.0875874177073714	104.2394055014216
147.55855771299778	1.0997028451825712	105.40060407438102
145.32709967840316	1.1257212021463152	107.89432367601232
146.78922651259484	1.1236315119272202	107.69403810579144
146.65451570234643	1.0851726159032138	104.00795973405538
145.9221359118186	1.1110258696429247	106.48585507950334
146.39296814781014	1.095274695090027	104.97618970032462
145.75196143908528	1.1561539221091697	110.8111362329343
147.00420596285335	1.0788305262512314	103.40010454540952
147.80043883945496	1.092302954811825	104.69136437514996
146.36053973353984	1.0878452529714333	104.26411762497649
145.86002975588406	1.0935674137916374	104.81255596875482
146.02405497510912	1.0979496874139512	105.23257332983968
147.5994774975995	1.1255267281493722	107.87568438918647
146.1601299529117	1.072303224727241	102.77449779480591
147.79777284698122	1.0976084881540351	105.1998712155709
147.52202102777952	1.1444405212803066	109.68846975213368
146.68100399658582	1.0841974917647748	103.91449932910214
147.38546300613956	1.0938686587494082	104.8414286780167
146.43237826434344	1.0744657835262856	102.98176742656523
146.37410474977582	1.0878786562721978	104.26731915172898
146.12362141887002	1.096902760487023	105.13223101372824
147.25307332216255	1.115744464467297	106.93810701924302
146.66583713868647	1.0771967866098304	103.24351938619286
146.31949180076646	1.1090709391531806	106.29848550467219
147.56268327695915	1.0851306236524516	104.00393500263255
145.51598673840567	1.1064291046919559	106.04527987799094
147.65276003695143	1.0907099728914884	104.53868562432325
147.83378038370722	1.085856360956487	104.07349302058233
145.91115443799933	1.0823333789861962	103.73583414351526
144.99339880426265	1.135178740253306	108.80077784579109
146.57679899673835	1.14715495285161	109.94863342142605
146.81378839466325	1.1380890284172425	109.07971331627131
145.4005493817772	1.1594452232834005	111.12658975155918
146.58653430221526	1.1057130029201048	105.97664537398609
146.26209133413855	1.1250589469334569	107.83085007512781
147.62323259506323	1.1125581419166628	106.63271513716883
146.81658365610272	1.1428251148494297	109.53364173255919
146.7554100803945	1.0766889836525628	103.19484920344192
146.65449085112212	1.129495888665828	108.2561070805847
145.0039609160785	1.1394885646499633	109.21385133819145
146.74168279572106	1.0993906643299343	105.37068321840387
147.34880760709072	1.0962378694267114	105.06850478103958
146.59892719066337	1.0990672857137531	105.33968911700678
146.46936856733356	1.1102121561925968	106.40786502102189
147.13854965340144	1.1356053253379739	108.8416637322013
146.1956051404376	1.0953732728987426	104.98563785318926
145.97112119604995	1.0981427518454268	105.2510775173954
147.7384925721575	1.131216898222015	108.42105659184088
145.90054156262292	1.0876334013152062	104.24381278295638
147.03514785014187	1.0908414615778106	104.55128810782868
147.06914335371448	1.1082537375566508	106.22016112613474
146.4488359234715	1.0855161685485093	104.0408874076575
146.57472824233244	1.0898559190164872	104.45682915306689
145.12399526361335	1.147939600799723	110.02383770781952
145.92969433829234	1.1516901048051642	110.38330334845925
146.70125256784087	1.0789158425047993	103.40828164952707
147.28345322221082	1.1293978092273858	108.24670669383079
146.8391405616597	1.085863126394417	104.07414145142687
147.14152046314754	1.1073343345078708	106.13204128798596
147.7372258117711	1.0903444997358185	104.50365698767897
146.26940928443568	1.0732191299875549	102.8622823887395
147.42810485114333	1.1005826735301911	105.48493089023599
147.4416571710851	1.111592752528033	106.54018775563632
145.60566202838652	1.1199441288616185	107.34062226780335
146.96510744300383	1.1277047345066769	108.084434586336
148.2063045164565	1.098979777230337	105.33130189944697
146.89666163585179	1.13792127908422	109.06363544477074
146.6427007924979	1.151826969936053	110.39642113526466
146.58617460938598	1.0761078857915085	103.13915409830533
147.23219456334454	1.094062431380263	104.86000074267456
145.79869103174244	1.121909614051637	107.52900345389804
146.14695934443597	1.1261387463503536	107.93434304263141
148.11818151276742	1.0936185166719872	104.81745390503134
147.97701263723874	1.0881109892378995	104.28958701712429
147.62700831870274	1.0946170967140139	104.91316243220966
146.9244353941849	1.0895924714074305	104.4315791164246
146.67440193339314	1.1655720312984477	111.71381135297872
147.43117525542937	1.1109665254288519	106.48016725570712
146.67721170962255	1.0761510727018213	103.14329333142182
147.36025373723353	1.0813413812747676	103.64075649732837
147.78949414511385	1.0937583361799055	104.83085485298791
147.8437375313222	1.086429236058331	104.12840001846638
148.0219305335361	1.087088453179662	104.19158243461528
146.02990974682328	1.1027885979401164	105.69635688260027
145.94877983093198	1.0797478308309676	103.48802325658492
146.03763598207175	1.0822250564251605	103.72545200854302
148.25930159130283	1.099250125891103	105.35721336478532
147.22110358678776	1.1375625737797277	109.0292554702678
147.05139449634842	1.084242964965357	103.91885769084647
146.81345147990993	1.0936047031487628	104.81612995311232
147.87489706351715	1.0909527521958715	104.56195471510613
148.45868874637785	1.0918033926229709	104.64348402573681
146.61112556363977	1.1318164924865182	108.47852447778389
148.0709211506449	1.0890146203853446	104.37619520334327
147.37593465273466	1.083462478668591	103.84405227635536
146.2482955769408	1.0876789092672685	104.2481744754432
147.5966987956611	1.1100813396651348	106.39532696032866
148.01949308098273	1.0929034305692982	104.74891674745392
146.78249320466898	1.1379723117282379	109.06852664927253
145.4949773541236	1.14351614577984	109.59987333123004
145.97219527307988	1.0836521466345352	103.86223093095433
145.3892562738613	1.1106136650796168	106.44634748873443
146.1653798337565	1.0850251191119475	103.99382295977439
146.14787893306627	1.090823279852107	104.54954548719196
146.41507575229542	1.083743180608521	103.87095604782698
145.03224344077017	1.1380483353684143	109.07581310636742
146.48174790866028	1.091021285472251	104.56852326111036
145.88084659426468	1.1150118834010134	106.86789306348399
146.37617692280028	1.0754816051205813	103.07912846381234
147.5100664288604	1.0899542741549475	104.46625596418498
147.5980498810914	1.1049833793384074	105.90671487722081
146.66312763802512	1.1396698563243475	109.23122717028777
147.16844486086524	1.1114959496354637	106.53090971893974
146.40411292294618	1.1251948806186398	107.84387858787115
145.76175689706207	1.1256803745192216	107.89041056750538
146.65585769278513	1.163419233162658	111.50747722830455
147.17276617562806	1.162858896850308	111.45377200596634
147.83056029725543	1.0963991790241332	105.08396543851238
147.9400507953126	1.0878179220518964	104.26149810331049
147.6973519320694	1.08641510847312	104.1270459653948
146.63432947961752	1.0866896290202157	104.15335728360358
147.96246023877478	1.113700810874564	106.74223381209764
147.0162358595237	1.1056248355333862	105.96819500408797
147.7731601712669	1.0981634680517354	105.25306305436898
146.93332235610555	1.094270881119965	104.8799795292895
147.855802712359	1.098972148617088	105.33057073788981
147.59492716536113	1.1396512423048613	109.22944311661665
146.51774638072214	1.137167559229681	108.99139544983095
146.6394961239009	1.1086099538428966	106.25430254162342
145.4847420539894	1.1456917069018324	109.8083891657241
147.51900657334176	1.0899377151518106	104.46466887278011
145.94675498130866	1.158255576609013	111.01256851512717
145.60199854116001	1.1362688646985595	108.90526041173997
147.16724808458292	1.0810498379857723	103.61281364084806
147.03267506567494	1.102474276690447	105.6662308810775
146.5280114027902	1.0848069608633584	103.97291366478997
146.32515775647894	1.118290404248252	107.1821216564927
145.9754298897145	1.1013213402146311	105.55572811977
147.92650379702803	1.1140660734606163	106.7772422667764
146.71353388127673	1.1574024508126213	110.93080099521484
146.07637605664934	1.1224675842880214	107.5824819005785
148.01543102905924	1.1035418712520826	105.76855407883575
145.26746193702783	1.126224027430144	107.94251677553152
145.3929962324164	1.1373589232897718	109.00973666593313
148.47565363360874	1.0961620399761844	105.06123693597834
148.25597802799587	1.0913917319438016	104.60402856333786
148.0090229514057	1.095834630233331	105.02985647276708
145.48368130334836	1.1087448469906638	106.2672313244509
146.35616296295234	1.0737316506593406	102.91140473905757
146.1607677506108	1.0784466307891758	103.36331022976387
148.0344041206699	1.0959769793936645	105.04349987430446
146.6240976376025	1.1413969943785265	109.39676406512059
147.19690175730366	1.1479209527739098	110.02205039482483
146.05994316353193	1.0905780851208873	104.52604489073573
146.01001447420714	1.1144217311216191	106.81133014103952
147.45527799585383	1.1014179597575409	105.56498858338769
147.4283966553503	1.0818517703743442	103.68967454791269
147.94615054369683	1.0891919392820215	104.39319026605992
146.44556112156255	1.1058461839262572	105.98941005724683
145.41527495649973	1.1574145479059907	110.93196043656233
145.35306549370893	1.1153991329265351	106.90500884807645
147.8011822763265	1.1053526444145798	105.94210694905425
146.17897398164257	1.0896335934259485	104.43552044076647
147.25508103287117	1.0823968026392565	103.74191295960131
146.52998052468803	1.0824523743176133	103.7472392061359
147.74203717789806	1.0843934044982186	103.9332765110848
147.22914074222206	1.1597593018087726	111.1566924892633
146.64851460729915	1.1444009330477853	109.68467543293168
147.2564448232918	1.1065902944367862	106.06072904823738
147.7884049835905	1.0905717135513864	104.52543421006209
147.37957084653837	1.0833913189761726	103.83723200249727
145.25510410416334	1.1388432931057417	109.15200553061634
147.58995686479136	1.0897949864941863	104.45098909846814
146.1090056562679	1.098173477536032	105.25402240961294
146.86825868571404	1.132039323609427	108.49988164264353
146.3688014868338	1.130932854178983	108.39383249775905
148.58310529309963	1.0913896607905638	104.60383005443764
145.34678265555502	1.1407884114512739	109.33843466418944
147.19785994392447	1.0807218105149023	103.58137397172821
147.768050115631	1.0912775247620448	104.59308241911398
146.73550590822768	1.105245782344132	105.93186479425107
145.1460638096649	1.1454488695284268	109.78511450933769
144.95224856268658	1.1478292461912183	110.0132608120247
148.08019511367954	1.0983835027004296	105.27415219221314
146.31108063883858	1.1500712112983917	110.22814111141187
148.1686772837557	1.0953556081610194	104.98394478307037
148.22449752631695	1.0932792284491148	104.78493495338661
147.67930930298294	1.0848100497929114	103.97320972207697
146.3158340107657	1.0748310032068058	103.01677176897947
146.34913652285556	1.0837828008351533	103.87475343349249
146.27389914005602	1.0937228280582667	104.82745159047325
146.50528102749846	1.0807749490969198	103.58646701906264
145.68885366027422	1.1136670780851896	106.73900070563369
146.89394792143923	1.084398780272828	103.93379175017296
146.26200524893486	1.0730514808189242	102.84621411745728
145.97468529361967	1.141202719791785	109.37814389069021
147.0927714219326	1.1132475809218072	106.6987941583635
145.22099916384497	1.1235634175915452	107.6875116298933
147.0546220719918	1.0825380846045223	103.75545407623028
145.57722155278375	1.118196268732524	107.17309927352257
145.54364649455226	1.1069241491979995	106.09272723180045
148.0210664440524	1.086631527366317	104.14778855251822
147.64545888391854	1.089589447998687	104.43128933895485
146.46839174820823	1.0855931406911572	104.0482647736137
148.33346178148025	1.0892523924223942	104.39898437447877
147.91359194928265	1.0877212633324727	104.25223388483461
147.72480367420016	1.1251591371577168	107.84045276935163
146.94889842156772	1.1466252986242689	109.89786891194346
146.4493920499423	1.0856634578014817	104.05500429050903
145.4314746162593	1.1311937846531799	108.41884128056091
147.76004709509087	1.1095475421061456	106.3441653347883
147.7670896595611	1.1096560704440632	106.35456719236811
147.31256818195524	1.1571742964679896	110.90893362817862
146.89372282955821	1.1256923316969585	107.89155659869192
146.34908721907792	1.0885407484570313	104.330777127254
145.93630307395532	1.1537933095646689	110.58488421470418
146.38172794156247	1.1063999398620894	106.04248458588171
145.68154779516433	1.1550281957502753	110.70324141501169
147.16224723864607	1.097436960308688	105.1834311939829
146.31000936467822	1.1137322356261101	106.74524570554718
146.20525574488636	1.1038700776221635	105.80001089448292
148.14034062280416	1.089533781246644	104.4259539801187
144.84120564815376	1.1507076430791627	110.28913967519594
147.70200460511955	1.085053853045645	103.99657695280297
147.85688107426873	1.1175368492957025	107.10989746652186
146.46617854215188	1.0825102235195894	103.75278374106205
145.97229291792493	1.090159692219716	104.48594418106032
148.4218486676297	1.0907220895402154	104.53984693994661
146.59531683065057	1.1197716054449633	107.32408682605916
147.09537394329902	1.1322575404268123	108.52079655113207
147.60962538734307	1.1070285737135575	106.10273576007535
147.39429668381953	1.086391957705537	104.1248270888149
146.79647240328438	1.0781237910386423	103.33236777574139
148.26689762286097	1.1050984520565268	105.91774397845063
148.47611084547952	1.0968713169238204	105.12921731728258
147.32878546100568	1.1023826231908347	105.65744638600505
147.80616882649042	1.0848089628577569	103.9731055451874
146.2063732109171	1.094346841137345	104.88725988848145
148.28326383988605	1.0886755802060923	104.34370002534568
147.90541513159508	1.0864148415233736	104.12702037969711
145.1140821292414	1.1461539888824575	109.85269640765225
148.10910452579083	1.1076625995853173	106.16350373041843
146.2816992108325	1.086385149713358	104.12417457937443
148.43746477864818	1.0931107670458495	104.76878883378242
147.0959397329891	1.0894511304044667	104.41803234134974
148.46350703902706	1.0912209421436365	104.58765927941177
146.5902802723627	1.0813120597546277	103.63794618729904
146.34843395004074	1.1295924291094865	108.26535996296451
147.44583300780616	1.1437300646083346	109.6203763005958
146.14187135167288	1.0847167340762809	103.96426591244187
145.5211865431355	1.1543610437080865	110.6392984793685
146.05158868938284	1.0946394884638817	104.91530856102318
148.17644824162625	1.0997235396799263	105.40258753066814
147.03939087899397	1.078867880943886	103.40368479182614
148.3453553907179	1.0891670641623703	104.39080611960698
146.70785934160816	1.1028880988958543	105.70589351414277
146.33293133789115	1.0897618997413685	104.4478179111341
146.07483402794773	1.0824409252148766	103.74614187120596
146.76340959592957	1.1299870107793284	108.30317849416154
147.63638554642426	1.0885050430031862	104.3273549515085
147.39892349081012	1.1440402242805188	109.65010343729544
147.98229417230866	1.086617605406811	104.1464542075647
148.00978360885313	1.0989072423143802	105.324349817808
146.13099879066087	1.114096523948229	106.78016078226702
146.63242942541473	1.077801577251833	103.30148531697576
147.24553591288387	1.0937877565775045	104.83367463989
146.79273080471486	1.119590756286184	107.30675340670395
147.50020047650483	1.1085244232654214	106.24610489571187
147.67658835444576	1.1214608278129228	107.48598970625888
146.43794984204922	1.0805026354645428	103.56036722176196
146.446586783882	1.1568425090982173	110.8771335929678
145.48391032663773	1.1105877561511943	106.44386425727004
146.8298515130472	1.080210281766475	103.53234669193
147.70312951689283	1.092572741276999	104.717221957064
146.91910423280973	1.077921378397327	103.31296761254238
147.13573012233982	1.0853314373888656	104.0231819193948
146.86823369262143	1.0837125512642096	103.86802038988358
147.70394765649277	1.1008268313368532	105.50833210304944
146.15510153421383	1.073716826235975	102.90998389779612
145.79104870815414	1.114732527371502	106.8411182902884
146.08676800205495	1.0833941836146885	103.8375065626945
148.2105309989229	1.0950221056801328	104.95198036368222
145.75160947956581	1.1013844263351305	105.56177458517516
146.19290438828062	1.096134964296453	105.05864187767519
147.14509582159135	1.1041215197165304	105.82411026710172
146.1142485603652	1.0782685700625327	103.34624406663413
147.18764897096898	1.0805384591836515	103.563800732597
146.66516595982168	1.093804953271538	104.83532285053813
146.88480778056294	1.0813935149856009	103.64575323316345
145.18338227994462	1.147850723654422	110.01531931137801
147.10062983333677	1.0821494336914568	103.71820397617769
146.50982353653555	1.1173396591726805	107.09099785361727
147.05771176519656	1.10176281852892	105.59804144215126
145.3952091075993	1.1451922583164067	109.7605197045887
146.55277529864813	1.1286558119808296	108.175590247828
145.41513056147755	1.1241936287190741	107.74791397751558
145.9237815726898	1.1223462227971932	107.57085005430231
147.5191337604779	1.083032300497202	103.80282201190471
146.73355093558777	1.083727010812603	103.86940625984107
146.87570737164555	1.097575927719472	105.1967504730113
147.47254933693023	1.1144072078147624	106.80993816017617
146.146309515072	1.1619574571082367	111.36737385416818
146.08924093905034	1.1483750770836985	110.06557576787107
147.844456194849	1.121581666932567	107.49757148606612
147.5607605022681	1.0884026505627808	104.31754118670953
146.35372205279847	1.12824357867786	108.13607990251707
147.57727930162528	1.0980011837280317	105.23750897462361
148.3858158359708	1.0995108214769735	105.38219963480421
147.1687598084313	1.1054982802731674	105.9560653629451
147.34735177337623	1.0927727422676128	104.73639097651186
146.86718399781597	1.1200323352016035	107.3490763711626
146.64263868393013	1.1537374648580383	110.57953179987776
146.17312103734818	1.0890921192783354	104.38362305548726
147.06253521495046	1.1236714461373924	107.69786558509078
147.0272154390258	1.1241783945198498	107.74645386144164
146.951603610496	1.0790357142894484	103.41977071547687
146.97983194689945	1.1012772695235173	105.55150418101626
146.54990041872193	1.153225022162656	110.53041692317866
146.42930251026704	1.1243744267411786	107.76524249569552
147.83970814783117	1.1191556415741353	107.26505000137723
146.26377618354067	1.078175300417583	103.3373046727219
145.23275948864074	1.134346651840961	108.7210266460114
147.55168281139774	1.083411460039937	103.83916241515082
147.85107884083067	1.1099388289060035	106.38166807041549
147.5579465580834	1.0842662716388665	103.92109151017102
147.14527208059025	1.0798136450483715	103.4943311954081
145.99265725402202	1.1620729432181856	111.37844257678185
146.3521934815547	1.075680050370389	103.09814837386989
147.78586800535132	1.0966155806487874	105.10470637053884
146.8248708351902	1.0808352815833682	103.59224956345162
147.4928408906165	1.082422726146753	103.74439758839155
148.01761029481384	1.0953265726664878	104.98116188705748
147.4131878740981	1.1471260174651094	109.94586012022961
147.14046302895431	1.0807115108285357	103.58038680217638
145.48089696877145	1.1253536527801355	107.85909604575548
147.32812752258678	1.1010184138822172	105.52669425979016
146.4782600133832	1.079038863167526	103.42007251850757
146.28459080846798	1.0752781346276654	103.05962691122602
148.06810585583858	1.0872185823488087	104.20405461571025
146.13840209459008	1.0932229598338727	104.77954190919934
147.2920222329521	1.0964413502330659	105.08800732211351
147.71473860206697	1.0905683916531925	104.52511582398368
146.56600008077143	1.0842905838355767	103.92342170348721
146.41310023443955	1.0769361133806847	103.21853525894582
146.32725190946053	1.15348028903626	110.55488288031964
146.69594061734648	1.1091603337556506	106.30705349660074
148.37726930961526	1.0967591632546045	105.118467991193
147.5315620828544	1.088032985158537	104.28211074558322
147.2201195656244	1.1177927436798671	107.13442356717562
145.1272444406192	1.143987660875501	109.64506551758345
146.46941802719823	1.0897545513800686	104.4471136102192
146.56957044887486	1.0809213907305961	103.60050266216271
147.29757166876686	1.1134116178374847	106.71451621462501
146.8860205023517	1.0792480558183666	103.44012250916013
145.4504749595552	1.1158756999287796	106.95068523250931
145.6648572570079	1.1313592092065414	108.43469633443243
146.88246996404376	1.079233552061271	103.43873240203628
147.20627035917823	1.1365098722322031	108.92835968782514
146.88039480558135	1.1198150580651935	107.32825152604238
147.19340962964395	1.08468450240345	103.96117667992638
146.4314271009667	1.0771646606751588	103.24044028811133
147.34789612183428	1.0813152809798205	103.63825492441167
146.74335172583125	1.0767432551657683	103.20005083613839
147.48201393762898	1.0989152402105635	105.32511637314859
147.47507722518336	1.1112091142973928	106.50341809423858
147.2109366332834	1.100758068886945	105.50174159199483
146.73243029648376	1.082552417931543	103.75682784854796
146.85517708532277	1.0939384349454624	104.848116351188
147.84621441428658	1.0894180198075325	104.41485886868534
146.2537665612784	1.1268045356803946	107.9981553696432
146.17109664166256	1.0798182568692452	103.49477321363882
148.44053141194743	1.0925227602816847	104.71243154743523
145.52183807523159	1.1263344576472731	107.95310091800643
146.20130189575076	1.1012280607586347	105.54678778552169
146.89103433692415	1.120678785092408	107.41103511692113
146.81412531244567	1.083317231708888	103.83013113633127
146.30385319904465	1.0793945266006528	103.45416094599773
146.2435874680205	1.1340086745778573	108.6886333428108
147.79107028409646	1.103780944217181	105.79146793692897
146.59093771601746	1.1580626065480406	110.99407337247672
148.2018970643627	1.0935342775919494	104.80938004220418
147.02293615442437	1.1207042050229092	107.41347148056435
147.13654826771622	1.1255408192250167	107.87703494301246
147.2816714218803	1.0824374470787017	103.74580851055724
145.20355669234368	1.1230467295081796	107.63798985558552
146.15326203325776	1.0921374712972196	104.67550367016025
148.1986047952225	1.0988110691319242	105.3151321354395
146.9663854245833	1.0857999758278252	104.06808880921032
147.1810826635882	1.098766541716717	105.31086442213741
145.05343863110141	1.1557988051051427	110.77710017773492
145.60017297063445	1.1222099056554378	107.55778478930854
146.44217539668634	1.0744074269630224	102.97617426378802
147.43776099950875	1.1367416777449302	108.95057699968919
145.91270213779032	1.0884696800298284	104.32396560067603
147.1388895220972	1.0827602265411922	103.77674518629497
145.32348599027316	1.12415485501735	107.74419772671035
145.24203127923354	1.1326461190768304	108.55803972516017
146.1037022299505	1.1199116457774025	107.33750893885858
147.88539235667866	1.101573483410218	105.57989468917057
146.09608519150387	1.1315936112716163	108.4571625118761
146.8155853245085	1.112581123618029	106.634917809661
146.90088892014853	1.1131832800089307	106.69263126164154
147.0620453047398	1.1040077217773432	105.81320334657741
146.5584637433956	1.0792316116793623	103.4385464268647
146.15950443083878	1.0804765790238882	103.55786985204335
145.82500716530276	1.0873140532559906	104.2132049887702
148.004536690566	1.0898414691069858	104.45544420694539
146.68386400652832	1.0787738567824072	103.39467308156198
147.66778818685182	1.0896766428208247	104.43964649376784
145.20611811395688	1.1238848700641357	107.718321120785
148.15167775747756	1.0928308033299141	104.7419558171109
145.33053358770127	1.1531158619348958	110.5199545023554
147.07449605485883	1.1142193440521868	106.79193242876799
146.97186119492568	1.1532880858520416	110.53646123868216
146.67880318028003	1.0815263569764066	103.65848542362627
145.39220251389045	1.1233476909850584	107.6668353947283
146.91591340896883	1.087171903713659	104.19958071954484
145.5811485688247	1.1348901559525888	108.7731185924253
146.27339477383475	1.0837702539118295	103.87355087836278
145.89296445481233	1.1085173877339536	106.24543057785414
146.30996011141627	1.0747510189102296	103.00910570426706
146.86148616860706	1.1670684902592898	111.85723889718874
145.8988603402169	1.1345384059762433	108.73940524872307
145.25059822705663	1.1301942449010614	108.32304077033112
148.401481158794	1.09997011945311	105.42622087594857
146.91028320862964	1.077877281262739	103.30874113932386
146.94376411205226	1.1414301240223956	109.39993936333124
145.6818748942667	1.1167098278082392	107.03063190424474
148.03321720119578	1.0945083957478456	104.90274402914035
148.0274250833743	1.0907975429949508	104.54707874783314
147.76299200051798	1.1287302734185605	108.18272697621917
146.82462119458268	1.092616647961506	104.72143017666643
147.2506111847768	1.0813481914507646	103.64140921607606
147.83933603005136	1.1045055908653063	105.86092142137475
146.37688000710992	1.0789359081193206	103.41020483077637
146.7365145644505	1.099218992042478	105.35422935281645
146.41984211142915	1.0746776892279446	103.00207744854934
146.1804465609557	1.080349650626647	103.54570444772344
144.87701855052734	1.1510251394253619	110.31956999264706
147.96600120778947	1.1038894145646925	105.80186423644018
146.6885897162808	1.0810495501214676	103.61278605060244
146.4985363436627	1.124873205797057	107.81304778602419
145.62260557373796	1.1240603117893153	107.7351362667081
146.02671945840993	1.0788071085601796	103.3978600856505
146.4962223890736	1.1317384336150622	108.4710429547153
146.46232119524603	1.0776938645800265	103.29116163660645
145.1334807342594	1.1499207365023236	110.21371891138482
146.89195965674105	1.0812139926648596	103.62854698409913
147.69268707692558	1.1246382315887733	107.79052677173067
146.62715199900808	1.0889045873965306	104.36564913306628
147.67625623386778	1.1270627677086902	108.02290552091628
146.3120164891304	1.076960467386536	103.22086945944334
147.32969647211308	1.091870699770647	104.64993505389836
145.23087904027005	1.1490717076259187	110.13234405922209
146.51767209636688	1.0775432365386513	103.27672474884078
145.62560562241563	1.1399275715573376	109.25592778950988
146.63655254031164	1.1160450173112604	106.96691339311829
147.51037160393523	1.13445437900058	108.73135171495962
147.8552507062611	1.0922369339790956	104.68503663335892
146.3770897014334	1.1204082367136075	107.38510450968313
147.30844542801577	1.1366755646029707	108.94424041055485
146.6170958880894	1.0994832976474502	105.37956162375342
146.5235286264986	1.077390000931978	103.26203793996343
146.54526637367485	1.1476369980107748	109.99483485774104
146.3805559924694	1.0753766785151528	103.06907181292334
147.40350016777256	1.083544145109341	103.85187956554114
146.78433850958348	1.1423958468245394	109.49249870075613
146.827804236965	1.0960263218011874	105.04822907872743
147.623589741305	1.0834005227061994	103.83811413052742
146.0066181483855	1.0880445857034173	104.28322259542823
146.5988155248744	1.120818698799615	107.42444509337294
147.95411781067332	1.0873896614546847	104.22045162803302
146.20632409084686	1.073316190993061	102.87158516417311
147.43947424860278	1.096516498259091	105.09520985630057
146.9936594834951	1.0795807175764571	103.47200634978925
146.0887879634659	1.1462838059095743	109.8651386716122
146.00456583721063	1.1238136838305197	107.71149830309587
146.3015633585551	1.1237136938925734	107.70191480523818
146.1623990890628	1.0969438398273912	105.13616824759897
147.1354154558562	1.0958951924715137	105.03566103762431
147.3356818707099	1.1118886932891252	106.56855208616979
147.76607800677994	1.109986062534885	106.38619515974561
146.80207302677462	1.0842517126562583	103.91969610997874
146.87047064056557	1.1024342092070176	105.66239062825312
146.99949040165703	1.1470848443877115	109.94191390216865
145.66713392121733	1.1071768988877886	106.11695193040889
146.23360769942275	1.1206525300072676	107.40851870819677
147.50083608893104	1.0860478211251132	104.09184344817083
146.9345491734726	1.161193866441469	111.2941877949564
147.11521946252807	1.0799531952745676	103.50770633415964
146.56937208624973	1.1119162698535467	106.57119515157702
146.08477262902557	1.0996991975471273	105.40025446813883
145.61382449278807	1.1008457543137908	105.51014576863086
