166.78016056157654	1.3453861060255958	128.94802346795313
166.0367362972773	1.3354298686098238	127.99377165117612
166.5447179649093	1.3422350832177288	128.6460148763993
165.44828573482286	1.3267371410632567	127.16062046085608
165.80529071679476	1.3280133135951069	127.28293473543434
165.56257330538034	1.352731476132998	129.65203769312464
166.78709145513366	1.3414953393142122	128.57511440120953
165.98816137886465	1.327050485003857	127.19065279256006
166.96929248256896	1.345932873637242	129.00042820329438
166.3679161503892	1.3564698832693092	130.01034391390897
166.35879044844103	1.3490023047695443	129.2946166715034
166.65550600373297	1.3413213114345872	128.55843476477992
166.42733628030473	1.3337410586078497	127.83190829403861
165.10398203099956	1.3497491942847744	129.36620201515052
165.37203854424024	1.3417780799401173	128.60221356976885
165.97071025071168	1.3276395859360408	127.24711494902802
166.10088019722028	1.3295570834835782	127.43089677764375
165.36519752171938	1.3339094147700863	127.84804432685613
164.96996835831357	1.3542045159746896	129.79322064070004
166.21166493704538	1.3671788221698458	131.0367381203592
165.0498226660374	1.3626857040275844	130.6060969081022
166.68990683803767	1.3402105550109862	128.45197473465458
165.90810081522622	1.3248587582292537	126.9805875671938
165.13699093280795	1.3277762640007738	127.26021480654833
165.5994107814774	1.3179167175475246	126.31523029857486
165.72299427023628	1.3451901743691534	128.92924447230283
166.32087430162616	1.3439787037204753	128.81313152529316
164.9846985234466	1.345092896358898	128.91992089813095
166.4067165793555	1.3672488196614307	131.0434470035171
165.29924612211656	1.351020876608757	129.48808592745067
166.90112737873008	1.3507228386130883	129.45952058826092
166.6901145152505	1.3428396204425506	128.70395651850816
165.73235862938984	1.3234936833468602	126.8497524803871
165.8529988262981	1.3701785206730115	131.3242430910517
166.35262312831446	1.3338087557160376	127.8383966978182
165.768737242233	1.338793540107892	128.31616147617046
166.8244962574927	1.3459510463365865	129.00216995880314
165.03553243184157	1.3459343121005067	129.00056607226298
166.04004846453924	1.3737093261467046	131.6626518088491
166.00391104200892	1.3365440026959388	128.10055541209007
165.766792528531	1.335901208726052	128.03894706669183
166.08971008588503	1.3358174824863434	128.03092235685241
166.78831668265352	1.3427889032257179	128.69909554600585
166.17591672659856	1.3298704423615635	127.46093054101574
166.12840246402595	1.3318567338394174	127.65130589791393
165.26171988644128	1.3237046554865668	126.86997302547832
165.1781061291217	1.3637147089049835	130.70472149214183
166.70676871950772	1.359528669831921	130.30351215735422
166.22984576652905	1.3300029184721747	127.47362766382942
164.57126002516378	1.3448859186048658	128.9000831934269
165.977558479142	1.3336788872521974	127.82594950392492
165.8975849320765	1.3334742725527082	127.80633828529152
165.81398363291834	1.3513600866182354	129.5205973827622
164.6861042581754	1.3528513825211346	129.66353007563262
166.12005759621357	1.3614537590579507	130.4880216075293
164.492024483589	1.348914188076522	129.2861711603235
166.37275665273825	1.3362414667591944	128.07155896943584
165.30444157811178	1.3571822713134383	130.07862247708223
166.194595221075	1.374533357306424	131.74163076429238
166.82419660519224	1.3556984208422411	129.93640338880272
166.0135161325314	1.3253994744735564	127.03241231151632
166.47266801692652	1.337879360750272	128.22854230072903
164.89513882416313	1.3617232355420839	130.5138494794275
166.21051866987844	1.3296724748981537	127.44195642421512
166.32090318388174	1.3374201486017727	128.18452928570215
165.41532037059187	1.3441131489390759	128.82601737651876
165.15015061279996	1.3345921757538508	127.9134832956125
166.57377950826407	1.3404918911827193	128.47893929383395
166.80967149546768	1.3597987692631728	130.32939973538384
165.77273861474427	1.3622061612744667	130.56013531395016
167.12209082736095	1.3498068428633936	129.37172732140675
166.49198286473282	1.3387253880412464	128.30962946706921
167.11290027267214	1.3480968391453072	129.20783266054877
166.6970290162163	1.3591438228371788	130.2666266424174
166.00597276675154	1.3297517601640279	127.44955549059378
166.06793518073607	1.367846580560004	131.10073917119465
165.3277490139962	1.322241952442478	126.72978080436715
165.8064884691299	1.342179359563153	128.64067406376137
166.66243249503435	1.3584768201841086	130.20269802491788
166.02219452157271	1.3777404850059711	132.0490167080105
166.74007919235018	1.3407722631416847	128.50581143840458
165.888281277668	1.328414078213913	127.32134586904088
164.63918415819091	1.3424693238443968	128.6684655808398
166.25894390364596	1.3734495139756877	131.63775020939337
166.04817644643376	1.3338151983287894	127.83901418760537
166.4037526590086	1.35180130545393	129.56288583551552
166.44859888593453	1.3341477710159448	127.87088949126435
165.4070226402093	1.320669913496873	126.57910932504791
166.02095038921144	1.326618946738329	127.14929217040006
166.03138749929545	1.355093010764814	129.87837808846538
165.69944373217135	1.3267839422497356	127.16510610290739
164.98448761649988	1.3535395390750264	129.72948618077112
164.9521476460532	1.3487313814044681	129.2686501238474
166.09999877461428	1.3271194539237638	127.19726309265374
166.36646722616126	1.3396408353490747	128.39737016871973
165.9850868568106	1.3489941145483528	129.29383168284502
166.88519401524817	1.3565291719978003	130.01602641971058
166.00074842639367	1.3379777147186196	128.23796899969807
167.03814476687612	1.346498294804387	129.054620781621
165.92901521306865	1.3374828334325646	128.19053728964676
165.14873819845383	1.3422048912644988	128.643121140039
165.6581352851182	1.3365665010614154	128.10271175943637
167.15237336408865	1.3491349989821122	129.30733469821683
166.92236128449335	1.3538482373452623	129.75907324995268
166.94048513883254	1.3501843627759116	129.40791057491364
166.65115655111404	1.3553329715375546	129.90137703814696
166.7269533951236	1.3420090950361527	128.62435512444347
166.1181785435648	1.35809139331571	130.16575693220935
164.88801111807064	1.3532834720720481	129.7049435355323
165.4504606481034	1.3305380911704914	127.52492108907954
165.44143683584014	1.339193467880956	128.35449240261275
165.6176854154051	1.3175557303485683	126.2806316167584
165.29109314591645	1.343308300416818	128.74887697372182
165.99236523576215	1.3738722717379166	131.67826926752917
164.61586659440385	1.3434440314898224	128.76188606717736
166.87640718055303	1.3571015206218795	130.070882957532
165.51932521539788	1.3559028999525873	129.95600161194588
166.6419001041227	1.3620625913962405	130.54637491316717
166.76833848109493	1.350392108645312	129.42782189934522
166.43933252395615	1.344760258239515	128.88803932314485
165.59990513429574	1.3471350948167176	129.11565463841987
164.5008401572109	1.354803588432956	129.85063851432125
165.86297883928356	1.333789689498988	127.83656930344227
166.21888857011163	1.33134342665194	127.6021081642963
166.40436282607743	1.3384438077255312	128.28264150800206
165.9834229416563	1.3255008604494867	127.0421296121076
165.14034636812627	1.3538171103872003	129.7560898984072
166.271054800701	1.3305558059017604	127.52661895081094
165.4664832502694	1.3569497557201646	130.0563371078162
166.99961984799552	1.3525103664545794	129.63084551946235
166.167286644146	1.3285973257557713	127.33890916051695
165.7170961497631	1.3752054762980257	131.8060497553271
165.48312260442466	1.318445357290015	126.36589757513987
166.12484176504435	1.3423735971478457	128.6592906917443
164.80658996874914	1.3538718149671674	129.76133303822394
166.11439272510182	1.344615794505058	128.8741932510488
166.37498906940334	1.333088608261935	127.76937443692512
166.5263255792814	1.3357529989442425	128.0247419561014
165.57224691015796	1.356312018977188	129.99521347042216
165.7114494807175	1.3729432944120301	131.58923178640526
164.53218178399914	1.3510010573518028	129.48618635824937
167.0429873361754	1.3487861132813164	129.27389587992343
166.1459056445775	1.3280612334828272	127.28752759898381
165.8984259199918	1.3372112238107052	128.1645049679684
166.4324596158416	1.3466506782655634	129.06922591693484
165.93587165376024	1.332360958099196	127.69963308175494
165.32880072266093	1.3264311245599303	127.13129042461163
164.64207227014705	1.3522442954359268	129.6053440431176
166.5814298059004	1.3381105377077431	128.25069936895184
165.43825806121507	1.3659190212271042	130.91599297455903
166.5514709623941	1.3474152325515374	129.14250433386567
165.8887855385895	1.3395155323908003	128.38536055398401
166.4631228646283	1.3480689173612428	129.2051565076952
165.06274829513816	1.3320994372826407	127.67456771781258
165.3839163674093	1.3375413940300258	128.19615000800465
166.03634002115362	1.3309520068472065	127.56459268086702
165.89237190328797	1.3356414339483362	128.01404905118295
167.11758665015444	1.349031885670447	129.2974518417841
165.7852221986753	1.3324772464451666	127.71077869437732
166.03107625540812	1.3623854037618417	130.57731474249113
166.7884661082789	1.3438475805337806	128.80056407296155
165.73604507208125	1.357544395126739	130.11333009727144
166.738947668937	1.3404338831960523	128.47337954024903
165.60803687582057	1.3418937259957038	128.6132976223118
166.10073802857758	1.3271090192539412	127.19626298566354
166.50590869666934	1.3448403892134055	128.89571944608906
166.67099188551796	1.3481784122587717	129.2156510048161
165.7102041860931	1.3267286073755755	127.15980255278163
166.12176604233187	1.3476446038468992	129.16448833908524
165.57863551691997	1.3527797969442112	129.65666898303493
165.7152413654608	1.3568841332477823	130.0500475467223
166.69759301527367	1.345249962551724	128.9349748480921
165.29082414612782	1.3595442383453167	130.3050043156437
166.17871835239828	1.3330934407638007	127.76983760624222
166.2796624940786	1.3309892250913034	127.56815984942313
165.4233513302113	1.32071602830339	126.58352918127088
164.82168698663548	1.3459007588870757	128.99735017718757
166.66420908742262	1.3435997237370794	128.7768083318441
165.2923575093713	1.3308451651071431	127.55435247462188
165.48181474573363	1.3441252515186104	128.82717734368572
165.61782290476197	1.3282826472775995	127.30874892056322
166.59718524967948	1.3394091076045012	128.375160310515
165.37539259950853	1.3589999671952975	130.25283885272475
165.64030597414572	1.3423530289268468	128.6573193383669
165.71203065457905	1.3334069740535717	127.799888086046
166.90968925690987	1.3437470982656088	128.79093338789926
165.01560131004453	1.3562431714728156	129.9886148073545
166.4427702601087	1.3362810568314196	128.07535346496354
167.03476515904063	1.347134508979588	129.11559848908135
165.64182076041936	1.3179375271585103	126.31722478788446
164.7075062749194	1.344768110745405	128.88879194360766
166.33017748153392	1.371529070987876	131.4536860761664
165.1958451088826	1.3505923163482576	129.4470107310585
165.5038457537345	1.3444033628384198	128.85383281814978
165.27082403748318	1.3246570444444117	126.96125438562969
167.03446073238214	1.3464266802612328	129.04775691276583
166.5225445556735	1.3557368468105147	129.94008631122665
164.99184470672867	1.3338730472591755	127.8445586965011
165.93025137845268	1.3261881608039037	127.10800365513062
165.24969687102646	1.3664630713041883	130.968137248826
166.45428416564917	1.3362940740770617	128.0766010979583
166.44606313145084	1.3520116393515555	129.5830452085354
165.8183599268071	1.324797514291331	126.97471766508232
166.06053307074257	1.3448916866176832	128.90063602643804
166.6184766070769	1.3511594496945551	129.50136741254963
165.55662978912713	1.336355069241135	128.0824471564341
165.69333399654363	1.3580404432793303	130.16087364520547
164.75081375674634	1.3501930740051968	129.40874549939613
165.25500943232	1.3345760542089131	127.91193813222358
166.17700300520744	1.3314778953366144	127.61499626461892
166.50587942593546	1.3366720072331344	128.1128239586377
165.9093632379069	1.341984318339127	128.62198041126987
165.52019931857058	1.3320457525778155	127.66942232754384
166.3617158147122	1.3339664150990747	127.85350750187119
165.48909117334227	1.3629071103031045	130.6273175090017
165.72858999812712	1.3402352292187658	128.45433962478506
165.76182080087457	1.3483072904086935	129.22800328244568
166.70272945580163	1.3456536921164777	128.97367015582375
165.5175771639409	1.3581735827071386	130.1736343434055
166.65284290837076	1.3395318857662017	128.38692793707617
166.1614314824135	1.3512776222277603	129.51269361438622
165.0862967870683	1.337163515888644	128.15993242018752
165.68297263923967	1.329367738847442	127.41274911246819
166.62945966212143	1.3635651032085063	130.69038259063697
166.6460100170357	1.3567992674949985	130.04191362068232
166.5897617301058	1.3546756736551322	129.83837857072675
166.75339660653063	1.353106139422071	129.68794715463576
165.93044805093928	1.337417401136127	128.18426595589446
167.0819754361054	1.3490909562016504	129.30311343454898
164.4160291390973	1.3501663301036302	129.40618224024593
165.18315321288958	1.3428088490751964	128.70100724841984
166.24908456434602	1.3374915394039182	128.19137171018477
166.68053500691886	1.3423958095789936	128.66141963382282
165.65783197795355	1.3409017937969778	128.51822625516516
166.58366685556632	1.34038176416936	128.4683842118099
164.91992793702283	1.3374212681361122	128.1846365870483
166.21820044509232	1.3353682064738388	127.98786166702922
165.55008647326275	1.3172556136973574	126.25186704961284
165.38594655275276	1.333480478136256	127.80693305710412
165.84283022270412	1.322342642024021	126.73943135930125
165.928481447274	1.3463085692829002	129.03643661063273
166.49122261585038	1.3437300712882352	128.7893014436803
165.4426867964692	1.3217174040428739	126.67950566101665
165.68949253003527	1.333620119330359	127.82031691464036
166.1939369051585	1.3310552382422776	127.57448685495923
166.7613575800821	1.340829317326625	128.51127977522304
166.40662939617715	1.3370375924880522	128.14786333939207
166.37188697713208	1.3429335760138197	128.71296165476954
165.75946051987398	1.3383650181204672	128.27508994804666
165.82848343273636	1.321702834536761	126.67810925220301
166.76225236533335	1.3523426458119912	129.61477039778563
166.6375845536218	1.3490412139417323	129.29834590642412
166.61865368290432	1.3411681510723048	128.5437551676728
165.759543817387	1.3491208528179446	129.30597886445216
166.98778391279671	1.34569319031415	128.97745584566968
165.26362620020612	1.3525270451316616	129.63244408097134
166.2993447802715	1.3633985182765238	130.67441632071456
165.39691432456493	1.3354704439230198	127.99766057675279
165.57792248787754	1.325097924050552	127.00351032505446
165.64925925429296	1.3679985914430828	131.11530859690137
166.35007592551068	1.3526672686877808	129.64588375477516
165.876016364952	1.375318402463736	131.8168731210516
165.46272767810476	1.3534576095181963	129.72163367332396
165.96918886699007	1.3412489521975908	128.55149952102457
165.7384570093548	1.3693660245884818	131.24636971053565
166.29749928901822	1.3551392690969801	129.88281170084997
166.52310138524228	1.3441101118364842	128.82572628656735
165.26295493546064	1.3654046173841754	130.86669013241362
166.51152983260891	1.335433299407047	127.9941004746409
165.8495619315036	1.327577521566565	127.24116641296402
166.7995581247822	1.3474862758433803	129.14931345135454
166.1518399791241	1.341327274687191	128.55900631047467
166.9390040974111	1.3493200946884072	129.32507512631565
165.68026608103372	1.3481154573919645	129.20961711937153
165.7835812041425	1.3210410589682755	126.61468162265238
166.03716089107058	1.3389629799221028	128.33240137120237
166.76860704952853	1.3418750979533989	128.6115122246289
166.7939960238712	1.3597549384844516	130.3251987909428
166.66903667037022	1.355690616396251	129.93565537462285
165.57465944906644	1.3165597028606648	126.18516773816647
166.31533001644286	1.3702351272716127	131.32966852912645
165.68346981663456	1.3299184814938614	127.46553483351676
166.29473150917045	1.3478506001221884	129.1842319743297
166.97932315456092	1.3517930957883104	129.56209898321325
166.7858962187464	1.348235582485892	129.2211304636535
165.85090306144102	1.3456828099151301	128.97646094024407
166.54879872640942	1.3600081716215013	130.34946982537144
166.0666870453192	1.3558819284468162	129.9539916058917
166.55017882717638	1.3609464853978317	130.43940215506376
165.83113400483285	1.3621952050989146	130.55908522344018
165.26786928521724	1.3347487640259634	127.92849143944329
165.2016468426596	1.3453583083021199	128.94535920563982
165.31737071558464	1.348376235839437	129.2346113312294
165.57416594307205	1.3182199393775336	126.34429248041015
165.6813707381676	1.3707531394326484	131.3793172091587
166.35887733163958	1.3376681488732534	128.20829877810564
165.7107299641948	1.3325707655966246	127.71974200214666
166.01317701928488	1.3580642205301219	130.163152566832
165.4313866209228	1.3214853052883868	126.65726024350681
165.91211289748773	1.3413985655641094	128.56583915766166
166.05993766613733	1.3414651017831873	128.5722162964627
165.36684665201136	1.337763205423445	128.21740943727627
165.59136615080953	1.3621563973144493	130.55536570598747
165.6512986117396	1.3182033991579145	126.34270718930446
165.53867683125938	1.3278219045109412	127.26458920401667
164.93621334020776	1.3404330704246064	128.47330164047662
166.6319704745377	1.3460103065494986	129.0078497315398
164.69357999817893	1.3545187887200751	129.823341993348
165.38315850226016	1.3231571411983591	126.81749672520388
165.19424133510162	1.3400272112429148	128.43440222041343
166.37881690451695	1.335946971235763	128.04333315716042
166.64902671456278	1.3382888457659037	128.26778923747747
166.93262843606482	1.3454394511895502	128.9531363150553
164.8589054649174	1.35676655805539	130.0387785967904
165.58604209008251	1.3701957747648974	131.3258968029753
165.13187931183663	1.356516823786405	130.01484291005065
164.82213047126714	1.3387669607217398	128.31361398493803
165.15409540876354	1.3579989487938133	130.15689662190465
166.78586633919724	1.3512759861935124	129.51253680930134
166.745797813897	1.3614956137119567	130.49203315104296
166.94483854260213	1.3458899089326712	128.99631026740337
165.45173855800473	1.3354922721948093	127.99975269922258
165.4714921574239	1.3250051673376824	126.9946200929238
166.84233763493577	1.3480290698722335	129.20133734015297
166.2008078045669	1.3540033944789085	129.7739442268574
166.52749820124367	1.33983279061435	128.41576804865966
166.24322398722606	1.333356841219249	127.79508312346475
165.99501796956295	1.3258465945355995	127.0752663650814
164.89799606974154	1.3495375681488335	129.3459187880371
165.3536046702452	1.3436326930830798	128.77996826636607
166.6934674592164	1.339206007539552	128.35569426145733
166.19516769472048	1.3360547162620984	128.0536599385373
