144.36174929149203	1.0599836604595605	101.59373380802991
145.6823837205302	1.0840865783606366	103.90386887575075
143.4305279205515	1.1427575405064447	109.52716509516414
142.55543640612706	1.1178512763759612	107.1400336113375
144.07580457341984	1.0765803848102267	103.18444058839272
145.00866534461062	1.1059242096043402	105.9968883989091
143.3901939404069	1.0607165110164671	101.663973593016
145.44892135613378	1.0781316782990933	103.33312372724197
145.09289060449964	1.0874820486196457	104.22930644098385
144.59357984569866	1.067687622618283	102.3321171529968
144.35087242524048	1.1382340761320728	109.09361535974578
143.8990679366859	1.08277093774664	103.7777717977378
145.83859155237795	1.0785942779713418	103.37746141820385
143.75592999659264	1.065014745400157	102.07593624499856
145.29920718624984	1.06679853029362	102.24690243475915
145.3397681974898	1.1086152966851084	106.25481462431834
142.48565021325797	1.1330849020815723	108.60009471661533
144.63370559779244	1.0817148223310176	103.67654881439599
144.53055775081035	1.061139866112334	101.70454990236883
143.48623338781456	1.063569630385415	101.93742974192092
142.6319391451112	1.1246490187824378	107.79156066623544
144.52588503621274	1.0765797796214558	103.18438258430344
145.4807282275443	1.0674908193317956	102.31325461629386
145.24037801091194	1.099514048008124	105.38250888046439
143.63045986260357	1.0578325186004094	101.38755842856493
143.260730304341	1.144724874066003	109.71572343753964
145.37379511876804	1.0853416394046105	104.02415972774277
145.89912835629832	1.0717112261552768	102.71775791514702
142.58308071444006	1.112966117183533	106.67181737261716
143.8817760666883	1.0725504250406444	102.79819061552946
145.37767787325475	1.0812515908355071	103.63215056657207
145.03918011435275	1.0937375198546857	104.82885972015508
144.0161385928276	1.0603705213341101	101.63081234251665
143.34740380300616	1.1086573366690824	106.25884393071283
144.73141375004923	1.0661573612678241	102.18544983151392
143.33392774089884	1.0859487330692403	104.08234639086002
143.94870011683747	1.1341297864369841	108.70024126323082
144.34537648333196	1.0601768034549675	101.61224552551596
143.09213871569662	1.0774632452137365	103.26905801049992
143.45548080728742	1.1004883682950373	105.47589224057155
144.78478591117383	1.0956510123603123	105.01225768704072
143.84220089321866	1.089774175843723	104.4489945095302
142.9337568500587	1.1138069092939027	106.75240277504851
145.25748907035074	1.0995453558951143	105.38550957307469
144.49456693380122	1.0608930539233132	101.68089428128023
145.29185326933532	1.1018903503582957	105.61026468219633
142.25016864361706	1.1395133241300663	109.21622440121558
144.50775243470622	1.134712581259826	108.75609901302936
144.56025434871407	1.0645477853745504	102.03118063761505
143.1247250549869	1.0842874897900212	103.92312515585891
143.83591539438942	1.0853718136580066	104.02705176766916
145.220580071818	1.1105050641660905	106.43593867517279
144.09433020855548	1.0598476223595028	101.58069528768232
145.25772877336107	1.1031364536040118	105.72969697739579
143.46328159165597	1.0627093818775917	101.85497954842013
144.98985093958373	1.0822769726957555	103.73042790390053
145.63529686480794	1.0793605681136247	103.45090620762736
144.466598581798	1.0795910499935386	103.47299665640408
145.07327308868736	1.0662669880556594	102.19595696961143
145.54857226123872	1.068383818983558	102.39884383082237
144.6021984746314	1.1161757825618883	106.9794465392027
144.55656759257428	1.1041357231322788	105.82547158812254
144.49495502783645	1.0785899343282275	103.37704510336923
144.53692621551767	1.0706622340403316	102.61721766186966
143.34815895456717	1.0642121742264703	101.99901411381572
143.34877681579368	1.092102624166913	104.67216376011032
143.6317844766613	1.0553595256505486	101.15053535280511
143.1836229027062	1.134109821706792	108.69832775120196
144.6902105973038	1.0626006114086952	101.84455448388805
144.75615576330773	1.099157870547537	105.34837118620634
145.22835195349424	1.0759678214265165	103.12572968211497
144.8461639215899	1.0925785201038498	104.7177758265421
144.09111586614966	1.0592485419579927	101.52327665274389
143.19009736986325	1.1200908740473612	107.35468700473665
145.43247377273894	1.0992972843096487	105.36173324560922
142.80030228111593	1.1129914885092433	106.67424907775255
143.31601963287497	1.072893459258746	102.83106860067288
144.0083158923064	1.1373651690579165	109.01033528922328
143.8655569528439	1.0676757318742365	102.33097748912226
144.22201069903207	1.0592682388546442	101.52516449436816
144.4790344365626	1.1366582159738001	108.94257763774085
144.39070188614176	1.0612353956043339	101.71370589046853
144.51516453070712	1.1163531963873032	106.99645070032841
145.52177774773244	1.0706682657572424	102.61779576950008
144.402574953195	1.110843780151636	106.46840278094696
144.99207724754064	1.075991316330894	103.12798154235604
143.42290507542842	1.0865020243830281	104.13537638797042
143.37064800739398	1.1041717265175741	105.82892231899538
144.09122067773495	1.1518734385678986	110.40087490374266
144.97953057949042	1.102292941302691	105.64885085928955
143.91473183156424	1.0951977053320634	104.96881064603515
142.64108929079887	1.141831169464997	109.43837741238845
144.64003119613233	1.1053982719813906	105.94648010597147
144.5683593167824	1.0628524779362687	101.8686945361473
143.87242613819944	1.0572263339019061	101.32945888496297
143.36102146886492	1.1295307699236736	108.25945026157574
143.53840310607208	1.0849608291286945	103.98766111059805
143.63732526972134	1.0563581590270248	101.2462489918036
143.5885313977946	1.1075462200792932	106.15234938059515
144.8356550025597	1.1239187530199155	107.72156861989139
144.55210388342584	1.06257441094002	101.84204330985817
144.48313745247253	1.0998593480800833	105.41560403551547
145.37517747993192	1.0844136697257154	103.9352188241644
144.55237475422737	1.0949831271249733	104.9482444787768
144.51032886797083	1.1288753675956684	108.1966334728531
144.17528334754596	1.0606933807396326	101.66175668036412
145.05874514467644	1.1030264763891553	105.71915625275268
143.86114412531066	1.0581292415588373	101.41599772850678
144.16858565246267	1.0587470495795908	101.47521130504217
144.21192984111255	1.100781703562555	105.5040068485569
144.30578991092568	1.1308141562160416	108.38245593630771
142.8017031481768	1.1309823353474933	108.39857500167648
145.27202967463106	1.0876315641976584	104.24363670511849
143.0069210425905	1.098792096965974	105.31331375535571
144.10063150820054	1.145387572910531	109.77923955813405
144.0951221862297	1.0744720290847956	102.98236602976299
143.213415832508	1.071769159949922	102.7233105578256
145.28628775209583	1.0662209949492538	102.19154877768975
144.09303745395295	1.0608144061606217	101.67335631615346
144.97676941053683	1.0680289222565011	102.36482888798608
143.54975985427507	1.085988997813759	104.08620555009902
144.8182133896978	1.0638781830331943	101.9670028539731
144.51369376978565	1.0970252077483191	105.14396692526509
144.78978464800977	1.0630587275263836	101.8884624502556
145.59790019359855	1.0776872630570895	103.29052891613254
143.93074963051197	1.1419335183631338	109.44818700389511
143.16891080236766	1.1123641952611605	106.6141263931843
143.25296650485882	1.1217844030470585	107.5170026524296
143.74620384826568	1.1474919180716885	109.98092972574491
143.74409026825467	1.0984885372180335	105.28421918590384
145.03317302836828	1.0690699558318497	102.46460635804003
143.93926557580298	1.0798773858206383	103.50044040566476
143.53847206498412	1.0619735404241926	101.78445310208876
143.72892873689142	1.1172326759653441	107.08074408849474
143.99636964214326	1.0623165497888127	101.81732870515962
144.93870367143575	1.0712515398976976	102.67369945931435
144.71881781265864	1.1138781021133468	106.75922622395386
143.52012146291	1.0808582131542137	103.59444743120297
145.40419417232252	1.06784427047092	102.34713100730045
145.22147813156656	1.092311638240233	104.69219663506783
144.60162069827342	1.104694786533369	105.87905480876155
143.82985072444802	1.1385169617451458	109.12072842454546
143.57088369513025	1.0676212535205942	102.32575603188222
144.02197461115836	1.1148664399761672	106.85395309333242
143.5525650265557	1.0722205972524022	102.76657839567066
144.33701093768002	1.0886331844321788	104.33963661839876
144.82115339200155	1.070196807905306	102.57260906964986
143.97566937592762	1.122933189595432	107.62710766550789
145.74628192845975	1.0770675000634033	103.23112796595439
143.49780580099983	1.0704969281551098	102.60137398170117
143.07670750301656	1.0871257379120236	104.19515597571403
145.81593733332937	1.0698515915750164	102.5395219407875
143.21102068689902	1.0854238322542613	104.03203747039093
144.5932615454945	1.1283498502505336	108.14626546128396
145.827487755659	1.0735895739054184	102.89778744620985
144.14188732723775	1.065448857179388	102.11754352460795
144.66229663378465	1.0676110637979666	102.32477940176344
143.20181773008593	1.0794760220700998	103.4619718485035
145.322669654521	1.0905411486708196	104.52250473062197
144.77361798040502	1.1017587745655544	105.59765385000901
144.3007096594388	1.0598049442444477	101.57660481985525
145.1167094674022	1.1105226579765581	106.43762494729565
144.67851345652454	1.1524084667147736	110.45215447451442
143.21826356077588	1.1204520261142994	107.38930148826259
144.1298676214552	1.064788422252156	102.05424438831214
145.3620890569497	1.0669032479872569	102.25693906257634
143.67065450008067	1.059949703548524	101.59047922070985
143.84052235276044	1.10434517304453	105.8455462358979
144.48836968884646	1.0608735715613355	101.67902700165078
144.27544647373688	1.113944609617792	106.76560061061177
144.65451533019493	1.073685350043214	102.90696707398273
144.40900567712055	1.105176886499035	105.92526149798495
143.5038688019272	1.0927991743150574	104.73892434612146
144.006793368229	1.1130454350476564	106.6794195633627
145.09549267675453	1.098449775854023	105.28050411760212
143.1439539336632	1.111126914259332	106.49553966261999
143.06548724249387	1.1435463324430999	109.60276656057516
143.51967342616086	1.0718736423551678	102.73332463451578
144.29572366272592	1.098921037265246	105.32567198966633
144.46234445953507	1.0608907354230266	101.68067206549544
143.0942770061998	1.1022132209752804	105.64121009460216
144.8987377554639	1.0896876470218424	104.44070118726046
145.28024333290662	1.0770984426612997	103.23409364756937
143.54903559819195	1.1125050740715152	106.62762886958302
142.83903480702313	1.0917930751738678	104.64249515372224
146.01168831295337	1.0712338057643573	102.67199973799872
144.99766141892252	1.087494261654236	104.23047699467392
145.58047188574292	1.0864337017620058	104.12882803214936
143.80130995476722	1.1181565141724361	107.16928901271773
145.92686585126202	1.0713455637315392	102.68271113817624
145.34161777988552	1.0721133571355346	102.75630000715111
144.6478923595037	1.1241671216505156	107.74537341753563
145.10511465352232	1.1127583366582507	106.65190272660566
144.2478490251195	1.1337677785171254	108.66554475080478
144.26134140178982	1.0596367740179171	101.56048660797528
145.77438416570024	1.0738297194763364	102.92080410780297
145.6416864105758	1.0726374112774428	102.80652777855933
144.57882276301333	1.087205061701851	104.20275873440644
145.2534502920547	1.0690040534361511	102.45828996780152
145.04121843747245	1.1166832501660535	107.02808458016213
144.2443772643863	1.0645703408042702	102.03334245426218
143.4052230444299	1.0832428136078207	103.82299856152626
144.33371908182036	1.0670053593573368	102.26672588829605
144.84182243367914	1.0900674793137328	104.47710606989543
145.1800687181811	1.0766462813419446	103.19075641660024
143.97296353573805	1.0575254041503561	101.3581231600309
143.30119338076543	1.0905086786963336	104.51939265817431
143.01078060144232	1.1289092222749326	108.19987826180751
143.3347855975636	1.1200286104555903	107.34871937428699
143.878879334963	1.080304997018623	103.54142463951847
142.6435769306632	1.1218736376127907	107.52555530569741
144.89088709061295	1.0729413847794185	102.83566200411055
145.31761595000395	1.0704252388471032	102.59450294703699
144.0954599460135	1.1068466425540309	106.08529863676694
145.05620508525084	1.076694640018408	103.19539133569116
145.21156467495544	1.0896054885731814	104.43282674176218
145.78139163622384	1.0703551533564848	102.58778562964494
144.48927511006	1.0806629039152982	103.57572809092555
144.3053801899824	1.0610075628760471	101.69186934862951
142.95567836992555	1.0885378440900828	104.33049875930017
142.5953689231053	1.1365606753899578	108.93322889730266
144.43041739945483	1.0765323495278092	103.17983666488206
143.6916197799842	1.056644991747751	101.27374036564635
143.75103198722977	1.05991767771	101.58740971630581
144.30051067617165	1.0624001927152371	101.82534542986876
142.8273899459227	1.1179492523982282	107.14942408620712
144.2487374687577	1.0594132741591895	101.53906534838355
143.1542720846214	1.0860093955934838	104.08816056759689
145.87065590549452	1.0738918905246941	102.92676286846412
143.14979602592268	1.1199295853167273	107.33922834723323
144.26575018019216	1.1292986863785646	108.23720630180298
144.4045580433697	1.0668562265345043	102.2524323091872
145.20367638127234	1.0815145904026697	103.65735766080819
143.56459258623195	1.1381251795050553	109.0831782036362
145.03496075744314	1.0700805700417817	102.56146829549851
144.18226223938186	1.0797982339785568	103.49285412723916
144.51104653356612	1.1205961822523227	107.40311807889454
144.0109310445836	1.1127500100719367	106.65110466808356
143.44831223231463	1.0714300674721868	102.69081036729965
144.4580555297876	1.0708430753733527	102.63455033116804
142.75800378696164	1.1357473504737152	108.85527607772396
143.84428469223732	1.1108429426973665	106.46832251545861
144.4172450490165	1.1260848957046217	107.92918174781907
144.17053417315066	1.136329750402539	108.9110959790544
143.53646080951773	1.0588717774560985	101.48716580128307
143.98672682396648	1.0581355955137546	101.4166067209173
143.79343487389096	1.0739437688509645	102.93173512706217
142.61083245381784	1.1289708104722425	108.20578115933002
144.72567708655254	1.0986946041774155	105.30396959583847
145.41156898465752	1.1039448278430983	105.80717530119128
143.64672670004302	1.0852583229824841	104.01617429671484
144.7975090301346	1.1383548712796645	109.10519292506824
145.46806264498278	1.0995218032429646	105.38325217802017
144.99686363257246	1.0649554848922558	102.07025644398875
143.60593321919873	1.0582474480398836	101.4273271840614
143.95552495271224	1.1032370843808013	105.73934189621049
143.43222461943995	1.0575422506958625	101.35973781082564
143.35450962195912	1.1096678822640482	106.35569929179579
144.9149902885114	1.0842250468219925	103.91714033315952
144.23537776349303	1.0736350511842796	102.90214619883527
143.74685064809398	1.069204601415295	102.47751141315854
143.71741978573033	1.0559773662848602	101.20975205517468
143.38411278536225	1.0923125584270768	104.69228483002853
143.44248650574878	1.0629211295788663	101.87527442691707
145.7974030311181	1.0700845001526154	102.5618449754878
144.69920432818728	1.1088641722507462	106.27866800895993
145.25983822220647	1.066013710672466	102.17168169442787
143.38623135660035	1.1028601179872506	105.70321169452005
144.0210328874623	1.0996783822469338	105.39825943354926
144.5012238449914	1.1073710113460664	106.13555656569784
142.43964317980877	1.12081301411077	107.42390024651648
143.58578136892265	1.0989778930914484	105.33112131486644
143.71874713696502	1.09828769204277	105.2649692558969
145.3520323007859	1.0736907942765628	102.90748887447292
144.31766188317303	1.1426097685445078	109.51300194725411
143.41205204379315	1.1332559298301033	108.61648680661273
145.26510034694434	1.0735769989565551	102.89658220498292
142.41137224994387	1.134955390104632	108.77937093510292
145.2283998588597	1.067566142491536	102.32047393610574
145.35313757794222	1.0672322675993535	102.28847382309755
143.43892036261775	1.0608302572050392	101.67487555352211
145.86522683355957	1.0743175661167834	102.96756158490145
143.48684177931014	1.0931189911672115	104.76957707158988
143.20395008567525	1.1111096070870718	106.49388086322793
144.56110246757063	1.0997333235502913	105.40352526203002
145.0109165195363	1.065128697442919	102.08685793552182
144.86176629290364	1.0677936456274226	102.34227888828562
144.01452278825036	1.0687479628238326	102.43374505973438
143.02513210691987	1.0850089197199808	103.99227033516638
143.72874401470844	1.0994621817262902	105.3775377762608
144.83365079033825	1.1128353858876086	106.65928748090847
144.86743922135926	1.1189458963937386	107.24494705373793
144.42414767794517	1.0616045132488288	101.7490838317685
142.72632377184772	1.1436119908736968	109.60905956807059
145.16476052922997	1.0809575659498007	103.60396986239175
143.61754993264947	1.0720026000460114	102.745684535715
143.58283592977125	1.0563087709742283	101.24151541252662
143.41177702934377	1.0765206349894672	103.17871388937674
144.877968298279	1.0639698932017896	101.97579278046284
144.17313623311156	1.0863886204677606	104.12450723251997
145.25746510012922	1.0736443463252443	102.90303708811226
143.64507899400826	1.1101338817719495	106.40036283872243
143.90354273589332	1.0742999390846852	102.96587212866395
144.40236374213998	1.1152046766388763	106.88637125859026
144.33415251396755	1.0815667573031345	103.66235757769097
144.17048750092363	1.0606042721071638	101.65321609712238
144.9534141836375	1.065332529882516	102.10639417875116
145.5842300410629	1.0791382911332073	103.42960215434564
143.55970525901665	1.0742507501728216	102.9611576359745
145.49826912890072	1.0676628975931486	102.32974739229613
144.95732758697486	1.0823103868499093	103.73363047089205
143.31696859688728	1.0716860131464048	102.71534138382921
143.55609474932572	1.0548545201208928	101.10213328844765
143.4122697648267	1.0569918608244777	101.30698590136709
142.6690805868751	1.1160499153856773	106.96738284721182
144.70971332798086	1.0629728371152076	101.88023031621883
145.4128564094935	1.067174978077613	102.28298293051229
143.27242433294333	1.073496155391903	102.88883378404611
145.25548760665632	1.0868256819559086	104.16639722586703
143.47730366376453	1.0885435595600694	104.33104655636352
144.70565835190368	1.1060788237782557	106.0117073360434
144.43621833329925	1.14079794588362	109.33934848825852
145.4816804196488	1.077090558182241	103.23333796265027
144.44812808769353	1.062004004475067	101.78737291754506
143.4523264852303	1.0823911186197193	103.74136817689438
144.06691148018498	1.1034112584115885	105.75603554044307
143.72051315615923	1.0566457008898082	101.27380833309914
144.40113169932843	1.0722357062193542	102.76802650890477
143.68547211206442	1.077158509398216	103.23985072129477
143.98350917548103	1.0580041745707467	101.40401073024424
143.48474114373752	1.055543949374255	101.16821137498644
144.6345080445771	1.0662670326198163	102.19596124084622
144.23274840970603	1.1057788825385533	105.98295958114767
143.3419007538589	1.1138640999249574	106.75788418949328
144.37566603428093	1.0927004214627676	104.72945941627154
145.13655145130906	1.0724490325237093	102.78847268801805
144.91572703538478	1.0823724796585268	103.73958173269484
143.21844607420306	1.0921785192566615	104.67943789633796
144.02827657032185	1.0584009115346682	101.44203583478874
145.89844613718773	1.075022791074188	103.03515360473152
144.14758945510863	1.0595509407421098	101.55225995005637
143.27256139130301	1.1150163104133655	106.86831736881173
143.54149487433682	1.054748816872131	101.09200220047154
145.51133041983275	1.0682085019721277	102.38204063804152
143.25132258692184	1.070342979924521	102.58661887165367
144.73698559657845	1.1337274736202354	108.66168174317689
142.7358998095787	1.1169715878553632	107.05572019715066
144.6343546344088	1.142555973412119	109.50784597309719
143.17859674563664	1.0789378896362436	103.41039474851786
142.63746501896338	1.1276542493560864	108.07959585613509
143.482479920062	1.057345128562536	101.34084471436775
145.41640606910147	1.0779601478394678	103.31668345508947
143.70155252496022	1.072588468721345	102.80183689774526
143.7727539262622	1.135780689992737	108.85847149133942
145.34621808984681	1.0843123372596992	103.92550665221064
143.97677266592083	1.0620008932197496	101.78707472045362
145.42521541610347	1.0672564988658877	102.29079625969155
145.14516744798394	1.0934701007505847	104.80322903706941
142.93535468277486	1.1044834447382625	105.85879883418811
143.2647269270433	1.1478766132078835	110.01780068585659
143.84920518485197	1.0566856203924415	101.27763440275999
143.74082193579645	1.115199946334106	106.88591788431516
143.47536416495174	1.1252302729541548	107.84727075290849
145.2344004620907	1.0842018378170943	103.91491587484613
143.85726446458736	1.0633973299808936	101.92091567469052
144.2392110771494	1.0710197077799124	102.65147959749854
144.1206482708521	1.140732195940253	109.33304670975619
143.96532309869397	1.1280720862073805	108.11964327141992
143.87410595889972	1.1150409800645047	106.87068182221273
143.57956857334486	1.0561648341522594	101.22771984215909
145.2505502949398	1.103485799032836	105.76317985814852
143.52667023310767	1.0580617533941392	101.4095293508371
144.81069838870647	1.1126535819925802	106.64186255521787
145.0785345072429	1.0796800648709914	103.48152825373171
145.98735758754776	1.0736528983564617	102.90385675431601
145.19656748282986	1.0657641552240034	102.14776314667358
144.81593740584694	1.084653234386556	103.95817980865041
145.1390488234006	1.0681986212497416	102.38109362393426
143.3670077525397	1.1120485286537647	106.5838714463581
144.80862430494344	1.0854686705084502	104.03633497593785
144.57995410731664	1.1213071021964682	107.47125593257904
145.3790603701026	1.0788351549484159	103.40054818114389
142.886041693619	1.091591135387506	104.62314031112777
144.9879342707008	1.0924806528779925	104.70839577922328
144.07146255039763	1.0591095509888049	101.5099551157692
144.95216530534083	1.0848854077265138	103.98043237477653
144.8042750007174	1.1325315956033097	108.54706326607156
144.233507983594	1.0600737134429947	101.60236490223343
144.2643468043487	1.059467737215878	101.54428533949282
145.0330061777242	1.0758525536592924	103.11468188647731
144.04732778199337	1.1482179327838022	110.05051433176725
143.16221168781405	1.079133660445885	103.42915832786726
145.44951147735938	1.0926793500727736	104.72743983685173
144.91526359626178	1.1358676770099916	108.86680872917182
145.54635076063533	1.0792813623413622	103.44331476028391
143.93637645678604	1.1096582223152747	106.35477343765209
143.48563648388432	1.0728425372357606	102.8261879986022
145.32292175641496	1.0739721491027796	102.93445522158424
143.42700863271662	1.0620400576091915	101.79082841657569
143.1782320587439	1.1434893602121812	109.59730607860894
145.46456857628598	1.0676049805956345	102.32419635953225
144.99398220801413	1.0695238671092406	102.50811131307653
142.4545476018334	1.1292300911536775	108.2306318183674
145.28332539198266	1.0870306213309362	104.18603956290487
144.16892401174593	1.0707623085842266	102.62680926875257
143.65101334183234	1.1335285330503608	108.6426143593545
144.41455709472623	1.0666507273873949	102.2327363210055
144.09859309026018	1.068076081812643	102.36934887784243
143.88077956833018	1.0578502453596914	101.38925744311673
143.4554463952373	1.0754611877182036	103.07717156558871
145.26628711832018	1.0767801892718614	103.20359077159476
143.93153850063172	1.1381184031754172	109.08252872888
145.21580273464957	1.065801954811878	102.15138603390463
144.47615434176075	1.066670084778273	102.23459162282708
144.71600348091025	1.0688577142802635	102.4442641466464
144.3629918754359	1.1213777619065157	107.47802828581551
143.87853174064165	1.0627529603802006	101.85915631355243
144.30313265049503	1.0622701598219175	101.81288247629409
143.0302539344325	1.082164839681821	103.71968055750862
144.99604204828404	1.1038250267388812	105.79569300958079
143.5705386374784	1.0621725317694228	101.80352535245595
143.36416902751182	1.1027178806235831	105.68957900809193
143.0854515566837	1.109673931249841	106.35627905455569
143.56450058426952	1.056536313028214	101.263324094797
144.00814155466446	1.135803041397931	108.86061375333288
143.19922939819966	1.071683589823296	102.71510912134063
143.68268115945443	1.0777764586867395	103.29907783758627
144.64953324453617	1.0894375973457469	104.41673527044527
144.59098636091895	1.0685856088104762	102.41818430061056
142.99779569365725	1.099489764465247	105.38018143346402
143.82291909506603	1.0873808225701695	104.21960446848321
144.08544478955565	1.1060496134846458	106.00890768647882
144.9593498596342	1.0664544199641153	102.2139213101245
143.32659662965625	1.0727910445331366	102.82125269995694
144.3376904282878	1.1108854965478614	106.47240107319584
143.8620590827976	1.1456762298659116	109.80690577505862
144.28791816197827	1.1004114193417138	105.4685170971874
143.4689495310744	1.0697074731615	102.52570896584665
144.20423360021454	1.0609927410168307	101.69044875312794
144.50207073829256	1.0698109801469293	102.53562955379272
143.31497922669828	1.0632754453380275	101.90923368710472
144.5284979240526	1.0665249908751089	102.22068515244919
143.57464500616217	1.1190257540945292	107.25260098492507
145.33448415212715	1.0924062935268488	104.7012688352825
143.781191539206	1.056933597355953	101.30140166121998
144.27756382077678	1.1385956899016763	109.12827409498937
144.6147464982798	1.1179048558656444	107.14516891730068
143.32410365265872	1.1327473213028147	108.56773941430723
144.4365588994766	1.0680073585072098	102.36276211857526
144.698495157427	1.0678917888331523	102.35168538679112
144.08027511987802	1.0587082339223322	101.47149103302459
144.4486214658394	1.1384503646593922	109.11434545200086
143.8289480433146	1.0629346568419982	101.8765709423456
144.19857036288215	1.0710249374105314	102.65198082947111
145.4865863816185	1.0788112650566517	103.39825846348586
144.55600224091472	1.0978180375095545	105.21995539444876
143.24825182608865	1.0866737650032336	104.15183680288438
145.19827876832915	1.0991960656624031	105.35203198257254
143.71752366388134	1.1042301938531922	105.83452609870713
145.82252673311308	1.0772524194480333	103.24885149456982
145.55596206889078	1.0699203217944517	102.5461093627246
143.5331395739244	1.1281330092125625	108.12548241385403
143.41793090294885	1.056910824640326	101.29921901888707
144.7329160620952	1.0896967041117127	104.44156926062016
142.68597862136514	1.1417253226488129	109.42823256424694
144.7951986691214	1.0685097399661738	102.41091267986782
143.65730581513006	1.0560700812863186	101.21863828949085
143.70989507314528	1.0576091924279922	101.36615381587205
144.03987141446467	1.1107450231924672	106.45893745747475
143.48346703841653	1.1406196949860234	109.32226409826558
145.16749882818286	1.065427170648634	102.11546498725419
143.4332220348576	1.0709457944030325	102.64439539779274
143.65222335991442	1.0617345245793395	101.76154471866387
143.23932618154564	1.0941885234317403	104.87208598775045
143.18440936152405	1.1421281025847172	109.46683685516
144.92760002658937	1.0773807161754632	103.26114804598015
143.76776150748174	1.1458150118802657	109.82020728483616
145.11621981400717	1.0666904586989492	102.23654435356342
143.34758686882302	1.1334577898858016	108.63583400745185
144.6889343817586	1.0621225901969837	101.79873872129777
145.75787240622586	1.0746954837978662	103.00378296238628
144.76749646762508	1.116687488805832	107.02849083099169
145.33618938065814	1.0674890074723649	102.31308095931068
144.22183546032244	1.0756901195202815	103.0991134477404
143.8815443207646	1.0837142598980711	103.86818415325106
144.4746497198166	1.1099649124060782	106.384168033634
144.02953242537401	1.0698000366863478	102.53458068194429
143.9353554505177	1.146305333797831	109.86720200393569
143.26203202043496	1.081299862158412	103.63677711329414
144.47409725533763	1.0925630050914377	104.71628879603414
144.47935184717196	1.0764238468609901	103.169437267739
144.4858299129668	1.0717671295591624	102.7231159557897
143.9518106177909	1.064802910352103	102.05563299478253
143.49808137314196	1.065084133990993	102.08258676829402
144.91476451394362	1.1106505821511488	106.44988579151973
143.72606563425126	1.0822725719835613	103.73000611930149
143.55663515632776	1.0952150641738465	104.97047439767314
142.72349309630007	1.102886054726939	105.70569759154475
145.6767627691564	1.0803731808432413	103.54795969245059
144.938822570732	1.0652287840893184	102.09645070236468
144.11687254228787	1.1284810932749618	108.15884439941792
143.7584947481957	1.0574897833178734	101.35470909478796
144.79990246644093	1.0654486232095892	102.11752109986091
143.37957825203463	1.078061277368174	103.32637617659336
144.9983282375945	1.0680041846434856	102.3624579208047
145.09105254543377	1.0955299664934275	105.00065609162225
143.5652711068854	1.115884278542923	106.9515074465436
142.53544447021685	1.1262679767554316	107.94672908202345
143.26484112175197	1.069977995445539	102.55163707204208
143.32801471826394	1.1142449145194557	106.79438322055091
143.79781744566733	1.079893252668917	103.50196115774851
143.03481980122112	1.0806845088162063	103.57779880449755
145.33934784989782	1.1005313825182266	105.48001492255588
145.31276691992545	1.0710014978869247	102.64973427717909
143.94388394059257	1.1271647835887169	108.03268319442789
144.87283992627854	1.07394079333092	102.93144993946672
144.17573845676952	1.0591192518076655	101.51088488709098
144.58147440068925	1.0807489390578413	103.58397409668557
144.31512094621255	1.1215808852907345	107.49749656989978
143.66739186627103	1.1245478843851502	107.78186747810419
145.05219855852903	1.082874287449951	103.7876773110386
143.6099279028227	1.1028199072975426	105.69935771614395
144.19790483750148	1.0885166024304167	104.32846286044789
143.57280456752352	1.0986495139101777	105.29964793619601
145.84844533066376	1.0702394202476193	102.57669323351332
144.0982436572434	1.0625870592808935	101.84325558531464
144.1236084961451	1.0925197803521745	104.71214593721619
143.65394049279985	1.114151498394064	106.785429787276
144.04110435641053	1.0632863338448484	101.91027729193071
144.79243825704395	1.0650289283798982	102.07729560733797
145.56965862233392	1.071414964437413	102.68936282263292
143.221297947518	1.1210263634276216	107.44434863125382
143.5064182771912	1.116276336924449	106.9890841341245
144.2376332982266	1.0923063084073497	104.69168579924707
144.87333848936615	1.1104083941990648	106.42667337867475
143.13477673451752	1.0973651042481836	105.1765441769885
142.69112818881862	1.1221360776946836	107.55070877627905
143.1626331999087	1.097130214984605	105.15403130418817
143.73930911884548	1.106686381200893	106.0699384478718
143.11270710619164	1.0773678067053933	103.25991074269444
144.84210710710113	1.0670920250031477	102.27503232440375
145.32025676035957	1.104227018121688	105.83422172191989
143.75643831329492	1.1308357558740083	108.38452614737197
143.18709938766884	1.142772229890594	109.52857299364291
144.06423461304155	1.139825350943139	109.24613049332888
143.42122020990232	1.0688474870372289	102.44328392039839
144.96219310922598	1.0699062324003978	102.54475897007005
143.9624205642138	1.0778944408256506	103.31038579115364
145.2237533069851	1.0684856140182764	102.40860033749878
142.97829161923673	1.0872720410085899	104.2091783407771
143.51183929283872	1.0595563004508948	101.55277364932165
144.23549462754946	1.0591971551851307	101.51835150689669
144.92720776971487	1.0997026718135678	105.40058745789433
143.0478044976963	1.1199329609466222	107.33955188320625
144.51823565025703	1.0948586640478486	104.93631536213283
144.22167190486445	1.1143769997955755	106.8070428839803
144.52022435276768	1.0615172496624086	101.74072008626881
143.7867636054566	1.131390249607636	108.43767138995806
143.38349441147164	1.0837210135619484	103.86883145561596
143.018875444445	1.0903718798576223	104.50628122511765
143.868927693735	1.0702207659244967	102.57490531695538
143.94613528870158	1.0577545303401767	101.38008367320239
143.9771559208609	1.0898705858455773	104.45823488976454
144.65618009685443	1.1028691296060973	105.70407540972666
145.6211177315469	1.0686864966755327	102.42785385995319
145.58698544461706	1.0848242768100462	103.97457330516377
144.99889980527712	1.103135697690794	105.72962452717876
144.8044409056422	1.0979247301158719	105.23018130702631
144.7816235223866	1.07840486054588	103.35930677656285
145.83088058390734	1.0819404778346216	103.69817668095718
142.77624604038445	1.0961322567188645	105.05838237092328
143.7731006440595	1.056996029275932	101.3073854250232
143.31519645226683	1.100234955577735	105.45160399434143
143.69841440102812	1.1367394397933552	108.95036250406528
144.43755712699803	1.0675971164181315	102.32344262040807
146.014400818789	1.0722723001674486	102.77153384204617
144.83764745417577	1.1341653936660578	108.70365402466018
142.36233314086212	1.1404989984348597	109.3106959828805
145.18916073821268	1.0740318776394933	102.9401798806389
143.96432460402764	1.0625924180593744	101.84376919541528
144.06034764358597	1.0627711839910714	101.86090294865717
144.1234103642274	1.121611247313427	107.50040660650349
144.63258455894322	1.0766046811292531	103.1867692599183
144.73147289513952	1.0650836571361388	102.08254106432052
143.10825813059813	1.1446304831523828	109.70667657605495
145.0910406102614	1.0807293099458501	103.58209275185648
145.21403083558857	1.081151735357713	103.6225799559969
144.13945046095105	1.0732279973057866	102.86313227350814
144.95462741686043	1.0841906460243822	103.91384320169837
143.36749997007226	1.1206897702472414	107.4120879849394
143.86434077280907	1.06341919598764	101.92301141385302
145.5608773019685	1.0681222250153009	102.37377145568277
144.55951225918434	1.1530676428648596	110.51533296378982
142.70298464429	1.1258107681995215	107.90290810057198
143.46869709661723	1.0600755756758742	101.6025433872408
142.9654525557695	1.1180460597990936	107.15870255499966
145.3580636448021	1.0674001907658754	102.30456835560423
143.19846547108457	1.1305609088094406	108.35818353421932
144.76730703519402	1.0651129579055105	102.08534938550035
143.24255609116383	1.1444608058856351	109.69041392247425
144.12886516535755	1.0602624923037272	101.620458340879
143.1720214610779	1.0727669214960212	102.81894063657072
143.9479689506628	1.0630493321327332	101.8875619522978
144.11823596014767	1.0728539776859247	102.82728450422955
144.92182353918892	1.0639188450132209	101.97090008609942
143.69158517521365	1.0602685505004388	101.62103898645596
144.90801562743195	1.0708485827564613	102.63507818422313
145.10728767859166	1.0926341697614008	104.72310954696313
144.54738159891122	1.0783292103001754	103.35205610732017
142.59937204809015	1.1412521272777274	109.38287933252975
143.2938221799849	1.0850148752838544	103.9928411439377
144.90057890445337	1.119588853579424	107.30657104249279
144.0636061562007	1.1335997038576744	108.64943569851549
144.83369822616413	1.14141402907476	109.39839674915075
145.2248190917963	1.0731657475374903	102.85716596796418
145.13342099502498	1.084619803118819	103.95497560141399
145.83257102815804	1.079853619690334	103.49816254987712
144.57382636800457	1.0614543065232844	101.7346873248596
144.589159232159	1.1064666457750658	106.04887798893039
145.75728976597102	1.0717901174105513	102.72531921772848
144.63036617314197	1.0740828793662955	102.94506812189184
144.89608902425732	1.1261458891710248	107.93502764358232
142.82304935946715	1.132070088371258	108.50283027962796
144.0903356104484	1.14399833991004	109.64608904561766
143.75996204139142	1.1238414515145667	107.71415968629145
144.37352018004833	1.1511775610572166	110.33417878641518
145.46624328091906	1.0725133233739421	102.79463462028973
144.15346731681493	1.1484616656617068	110.07387481744433
144.909524523208	1.1365418974563046	108.93142913334007
144.53824476490385	1.0845487177122288	103.94816244745309
143.80808764015916	1.0972983932931926	105.17015029068982
143.8432080497947	1.1270632660637523	108.0229532855691
143.07977738456123	1.1322108135701803	108.5163180331969
144.6979632874919	1.0711062801211122	102.65977709086101
145.75622161477662	1.0730166002716521	102.8428710045709
142.91041934980097	1.1174142251262051	107.09814459928523
144.15578836904191	1.1478827036668078	110.01838442359313
143.52066141092928	1.0670932216713076	102.27514701861183
144.17035915257082	1.1185368943437834	107.20574640665242
145.51724138477522	1.0681952310370977	102.38076869028316
143.81326995451457	1.0723317500974971	102.77723179815018
143.8566854415971	1.0914735621291949	104.61187154656716
144.83515690502287	1.0985600121710868	105.29106967579845
144.564848536884	1.0838829900016251	103.884356026333
143.72457643616295	1.1341573695974856	108.70288496083684
144.26252248716983	1.078068901415421	103.32710690052379
142.51141004205184	1.1361185354871906	108.89085216522345
145.83775227187587	1.0746340466939497	102.99789454635305
145.13805702534765	1.0681035993845946	102.37198628913865
144.3501692786657	1.090146282548321	104.48465893616743
143.28904586394864	1.0675804043130008	102.32184085500042
143.98043115233372	1.0643480646219896	102.01203847747759
143.53843758551406	1.1155493193505295	106.91940340919095
144.20176970466963	1.0926066762982491	104.72047444636573
145.04022906300477	1.0672254079768746	102.28781636517044
143.81578036839045	1.1090288485359014	106.29445134534768
144.08636468565945	1.0678094913567937	102.34379761623565
145.19653158252297	1.1140405552453594	106.77479648306785
145.1841120182939	1.107284997110213	106.12731256373162
143.49539462114973	1.1414859024390553	109.40528542462044
143.68990111075516	1.05706346980664	101.31384923723105
143.07189846195828	1.1162136049318931	106.98307160997841
143.15370258559716	1.1400873959794613	109.2712461009169
143.739898071643	1.076883421562573	103.21348503152932
143.9214931216354	1.0647001756244066	102.04578642358736
142.72036941661702	1.1245869860335131	107.78561516083121
142.67015060187973	1.1446487564295904	109.708427971411
144.56018367293893	1.0613301457968725	101.72278718690556
144.16783893831968	1.109335176099821	106.32381119507725
144.82369050150675	1.077304316573613	103.25382555498057
143.9782360219333	1.1494905098954316	110.17248400465165
144.5142820677994	1.1435163704352547	109.59989486324345
142.8282490717322	1.1185439786481604	107.2064253991312
143.31864934396432	1.1402417153000068	109.28603677794125
142.86208501070493	1.0999525097233862	105.42453307805062
143.998263614594	1.0645202576110206	102.02854224951086
143.61318609462685	1.118450597751963	107.19747534238512
144.75354003926068	1.1168794078870876	107.04688524288791
145.31353504357855	1.0879051014309773	104.26985377798954
143.43542331034044	1.0952183481424556	104.97078914840482
145.42505894881145	1.1019533955296243	105.61630722284366
144.5888763292268	1.0768500478236194	103.21028633811741
144.14079130264804	1.1179672937853946	107.15115325614974
143.28850884745464	1.0939092524173886	104.84531936280075
145.9932556491083	1.0721178392679118	102.75672959543687
143.80164534346522	1.0571860089316905	101.32559395341475
143.55128888004515	1.0732497567448027	102.86521779872676
143.21918754299818	1.0679283724093827	102.35519172584515
143.5989693285082	1.0697835138690057	102.53299705875325
145.6067260755965	1.0712445674480646	102.67303118751127
144.08173047977394	1.0583147856701545	101.43378113381571
143.57346021460268	1.063587061515272	101.93910042198206
145.34322722704437	1.0745864552657263	102.99333316388007
145.64269092260844	1.0714066602858527	102.68856691436133
144.27224141503626	1.0894496813215404	104.41789345454367
143.56603014288825	1.0667331639698283	102.2406374241302
145.405084370262	1.0727117959868493	102.81365715295324
145.09808298111318	1.085794682151721	104.0675814388224
144.38225673593377	1.0913884027755558	104.60370948046408
144.95139220965237	1.0824532689340922	103.7473249503146
144.88883263064952	1.0753361133571697	103.06518386066922
145.5549597749646	1.0727414086336677	102.81649536590919
143.28761764348812	1.132403332812464	108.53476996730033
142.27786777794788	1.1342606120262997	108.71278019245398
145.5087853593502	1.068035095922497	102.36542060067296
145.49322908744395	1.0676877926744748	102.3321334519683
145.1616278588769	1.0936102077778371	104.81665754220803
145.8180039991299	1.0700940278259636	102.56275815174331
143.42961081421663	1.1249161699468122	107.81716566873915
143.44919533540508	1.0672529820587662	102.29045919264053
144.63243115603066	1.0787403366167931	103.39146035394208
142.65059036046227	1.1331078793082385	108.60229696023157
143.68351150619128	1.1105534360065576	106.44057485596268
144.59065629288392	1.0965201317519047	105.09555810704771
144.31677195191315	1.0684393560137608	102.40416675651775
145.80453617371376	1.0729873023671508	102.8400629579735
145.0145377221098	1.0651242598287252	102.08643261406453
144.19284952968772	1.0929398461342996	104.75240698353514
145.9156149057224	1.0745069359753543	102.98571166751175
143.95474723645268	1.1178766783879126	107.14246825758407
143.68098591903168	1.0561883700394792	101.22997563038521
144.975269889717	1.0640242615111644	101.9810036905516
143.92912553309918	1.132660486890804	108.5594168028668
143.41945518429142	1.0567321773224314	101.28209663414029
145.4657011025679	1.0918439972255156	104.64737575854006
143.28530974013063	1.101135551815729	105.53792130080971
143.29680479171893	1.0832490536662138	103.8235966375674
143.1515613368611	1.117654543697668	107.12117784205026
144.75348086193853	1.0735436111075252	102.89338215919607
144.98437498557942	1.1227575244510009	107.610271106051
144.37893779839533	1.0749068371210728	103.02404004186616
142.95125690027172	1.1451528257916523	109.75674030913883
145.14429500861797	1.070025396178332	102.55618017738351
143.95957627649	1.058206757995801	101.4234272621462
145.90723062560522	1.0777597482267753	103.29747622985896
143.74655034693544	1.064972878769038	102.07192355354302
145.75637940799785	1.0714624145835248	102.69391066397527
145.24591313593262	1.073879441011976	102.92556964961716
144.7921657802356	1.0815999796569342	103.66554176164993
143.31256695389746	1.0725991245603441	102.80285820261172
143.2923366656286	1.0781387322216562	103.33379980778727
145.0675233045611	1.0779574948454804	103.31642917988222
144.51110535917397	1.104898224812333	105.8985532738138
143.83089230377433	1.060655836450903	101.65815826218328
143.2611756238092	1.0820908964362514	103.71259349504952
145.3610195791645	1.077855331908948	103.30663741179532
143.61843657228945	1.081279910437325	103.63486484811806
145.92997475989338	1.0733314685257784	102.87304943352936
144.72998246518742	1.1425914059565856	109.5112419919463
144.37638134394868	1.1086262158419704	106.25586116678596
142.78448916953178	1.1060000577532823	106.00415803611287
144.92843209928847	1.1193354730021667	107.28228587671312
144.6465230385284	1.155303271311586	110.72960592834843
143.05241767618898	1.1199034611065444	107.33672448216977
142.9312185704383	1.0871493886154124	104.19742276845254
144.94768155732712	1.0805278353711445	103.56278249729759
144.97416313645758	1.066567335990008	102.22474370400202
143.33324146798907	1.078403445847005	103.35917118528322
144.7988834613814	1.1347386270702244	108.75859536389508
144.0756299524695	1.0599228560333092	101.58790603074866
143.8289248979003	1.073623274011569	102.90101742016255
143.47223131565045	1.0543464179351825	101.05343442625957
143.54964489216445	1.055111055031856	101.12672078015063
144.4538257926668	1.0993406898824478	105.36589343634915
143.3510881538623	1.1240153851582204	107.73083029070997
145.06728474215777	1.0701900994230176	102.57196609769728
144.81859273280844	1.1007929826728517	105.5050878906256
144.33116543921807	1.0670662987735537	102.27256660363963
144.3661102233189	1.0619914312703225	101.78616784348253
145.19387504960713	1.1026183269587742	105.68003732466839
142.56834615212392	1.1266247575522896	107.98092460281867
143.9048064317842	1.081461216142128	103.65224202495459
144.96754705422302	1.0676723682592155	102.33065510471027
144.83489599924226	1.0799003606977526	103.5026424240891
144.41642338489748	1.0765903401824133	103.18539475728195
143.03990870005177	1.1082179235932175	106.21672855032872
143.18085331473193	1.133167584160243	108.60801934923423
144.0169174562979	1.0583031617447862	101.43266704307668
145.0643147592965	1.0824071541380234	103.74290509509308
143.52924406205705	1.124479907024143	107.77535221359894
143.37294908366414	1.0677684763332522	102.33986654678691
144.64369010708637	1.1064564177394043	106.04789768671336
144.79377697412588	1.0710488504739495	102.65427276800757
144.54181212544543	1.0627253792863738	101.85651281402608
144.33853394949324	1.0842771405560223	103.92213323743296
142.98625557007242	1.0993428244378467	105.36609802200559
144.39350559108576	1.0847817292585045	103.97049535114733
144.0878435487221	1.148001852332666	110.0298041824954
143.94938487138643	1.060944472397148	101.68582246549518
144.4778353520459	1.0974620246975075	105.18583348086787
144.88451029398524	1.076460182865899	103.17291987841315
144.0988609909	1.0736871590210746	102.90714045478293
143.72287950728156	1.0562332892138404	101.23428089169552
144.73036098188678	1.1331819892012518	108.60939999495199
145.61142999380615	1.0824976165647044	103.75157543223004
144.25788019791105	1.0783129373263836	103.35049643028992
144.04724634797765	1.1087409637269252	106.26685913450376
142.57187480308116	1.133399524504246	108.63024958395101
144.83583289602672	1.1409480129169975	109.35373160642443
145.24805790451245	1.0673846813653358	102.30308186296408
143.7378309991546	1.0824207711142626	103.7442102090405
144.15526349659726	1.0829975924398296	103.79949543124765
143.2979018967046	1.133327570467431	108.6233531764541
143.0252002425404	1.0847424042973857	103.96672626509351
143.90624407726244	1.1057362846477314	105.97887680238193
142.59505408609357	1.113842138787024	106.75577933251809
143.27575954445274	1.0723819359822628	102.7820418453311
143.10831501996395	1.1102568037237297	106.41214424678951
144.38147095615798	1.061247968581276	101.71491094269743
144.93115428595286	1.1012121823526095	105.54526592569009
144.24821141429277	1.1117607655812367	106.5562909032981
144.1947758442738	1.0611311021338654	101.70370992216078
144.40007569208615	1.0794601734366387	103.46045284221205
144.33573399433305	1.0599454290148183	101.5900695296404
145.30014301894803	1.075932706955618	103.1223641489069
145.06497076064258	1.0649368513977275	102.06847052373958
144.9402018282629	1.065370917326936	102.11007340887086
145.14213191931313	1.109511610828417	106.34072151503796
144.76063010845297	1.081026120594655	103.61054045644939
144.27720117350722	1.0888399692378181	104.35945583003694
145.34104127740753	1.068430191295343	102.40328836754053
143.40373364321303	1.1466959504823557	109.90464051261173
143.6738827963284	1.0555702712069175	101.17073418110184
143.64091968681555	1.073487227402715	102.88797808429257
144.34121693061718	1.0598815238737764	101.58394456552054
143.86176953712507	1.1188112033517421	107.23203744997248
144.60316538402122	1.1244806505493912	107.77542347649567
143.2565285437871	1.1348852021613633	108.7726437981753
144.18716450643225	1.1229538571247855	107.62908853705709
143.6946997184865	1.0628844081522077	101.87175487564079
143.78371159370036	1.0639881993774403	101.97754732895775
142.83904611423065	1.1064264201964067	106.04502258352838
145.01646757547948	1.0713535758300385	102.68347905473244
143.28383594627505	1.1006026912192428	105.48684947808675
143.55050711560634	1.10962294055764	106.35139187090995
144.50421157461847	1.0620035200615439	101.78732648911381
145.00187685194913	1.0668429333714857	102.25115823099567
144.2302360725819	1.0666934636952912	102.23683236630347
143.33228070446435	1.0654641059020984	102.11900503267994
145.21700000840553	1.0987819269254426	105.31233901166004
144.14750782401603	1.0677319717462896	102.33636777842943
145.1333732037018	1.0789018165848465	103.40693734052377
143.44396579764572	1.0790937676724026	103.4253348200518
144.43600694882016	1.0788769427716496	103.40455331928742
145.09996911477884	1.0788618472718823	103.40310649681055
144.54522672302497	1.137906236171841	109.06219366251226
144.16997410990163	1.1224149411185873	107.57743633587613
143.89151055576554	1.1313643527131962	108.43518931188618
145.67796199918757	1.0793125904848448	103.44630780990782
145.45017386884138	1.1008292443360208	105.50856337604378
145.9266951733047	1.077070677406192	103.23143249717455
143.886573495855	1.0570221656011873	101.3098904512512
143.9926516646043	1.070176243224564	102.57063805558701
143.81686787545797	1.0567756507350305	101.28626332696027
144.6865474937371	1.1258368910987486	107.90541183998738
144.43936574235374	1.1366487817653028	108.94167341958871
143.62732702787358	1.0636549030056164	101.94560266401493
145.17256936295945	1.0855006537636238	104.03940039895676
145.32048483859717	1.066711132713314	102.23852584666606
145.9084979004868	1.0704915101115242	102.60085469135895
144.96171723753372	1.069937569207755	102.547762434542
143.03553539132866	1.0788180526451183	103.39890901734022
144.05675193885745	1.105371683525675	105.94393174547017
145.68968974182727	1.0886148332384584	104.33787775516393
145.57582000524212	1.0944798375257625	104.9000068771251
143.32965015316725	1.1486735472314873	110.09418252651767
143.18367989199092	1.073201223309522	102.86056612994298
145.1389293283535	1.0897852098046732	104.45005205535232
142.55163948409373	1.1356175701047486	108.84283732725059
144.64684175567092	1.070331528848048	102.58552134755172
144.7381568465002	1.0625001485705903	101.83492566109318
145.56521336200987	1.0704926665040586	102.60096552536491
143.13827203702942	1.0890352060769288	104.37816823118239
145.40008027473547	1.0726185882799972	102.80472369547459
143.96996757433067	1.0780993857744283	103.33002866240544
143.5784181558445	1.0614342890101385	101.73276875386846
144.67564285524742	1.1268560682243738	108.0030944868681
143.75152869328946	1.0680759165733145	102.36933304054136
143.13706515776488	1.0861072729620267	104.09754158703758
144.20409346951314	1.1261995371855027	107.94016951727859
144.66561506326752	1.0990519656272804	105.33822076910192
144.23010753851537	1.1323730566667929	108.53186816154728
142.4894077847058	1.143118965287637	109.5618057168848
144.9869104974951	1.0669868954120192	102.26495621842697
144.20254038606322	1.10129417809144	105.55312477632607
145.74883032455153	1.0720086966285267	102.7462688603648
144.1681189545439	1.060069225067449	101.60193471557356
142.92882773782682	1.0965360019060602	105.097079175982
143.57485206052226	1.1223012699840438	107.56654156889505
144.9427464447663	1.0886323137796026	104.33955317103123
143.8200958551876	1.0998386707442656	105.4136222240694
144.40502742785884	1.1297435349245624	108.27984264277015
144.41534350852908	1.063337133923939	101.91514620633485
143.24041039964564	1.1195484009360992	107.30269387416362
144.99229155107963	1.06453441844593	102.02989948938725
142.67632341056412	1.124408988461952	107.76855505077647
143.18042022660913	1.1278027057811424	108.0938246061544
145.44440541448753	1.0672743743822724	102.29250953181169
144.31239283373452	1.109562227239999	106.34557282589904
145.3972657493948	1.0820849077366255	103.7120195103945
143.61317458113894	1.0552465238463935	101.13970473754244
144.25805558976782	1.09429678006426	104.88246180382897
144.59834285699284	1.1406344252419955	109.32367591408874
144.83324758806856	1.0748274173044239	103.01642807951929
144.74200209695198	1.1284314626941152	108.15408757513151
143.27235580392826	1.0807188398945116	103.58108925373823
143.3947525132944	1.100263258536053	105.45431668069745
143.4949353643421	1.1018996545646815	105.61115644034517
142.36355230325714	1.1378688794253364	109.05861321924517
145.46701439186074	1.0704678742979492	102.59858932572905
144.93909604044762	1.0644451511787087	102.02134370185753
142.44395709917904	1.136400587171651	108.91788530245006
144.36603988203487	1.1218433304840525	107.52265053038401
145.2272860740348	1.1068945000377748	106.08988551923086
144.12472737651925	1.1005549704643096	105.48227570034409
144.26325922092818	1.1356503752300584	108.84598152210243
145.33329533903282	1.0861381973917452	104.10050552733041
145.59076839702618	1.0694923140558636	102.50508712258645
145.43255804010437	1.068314519225701	102.39220182169026
144.08295302152675	1.0716057075689873	102.70764452607587
144.60978107531113	1.065595985088588	102.13164494352654
144.26168052185207	1.0678023212353953	102.34311039865685
143.99246577444194	1.097717508212813	105.21032020195094
145.4792095890133	1.0674650375979333	102.31078357574405
144.1457353028372	1.0650491732054774	102.07923596500348
143.91736431349239	1.0634538743036495	101.92633514396036
143.82481678943188	1.0565210836749486	101.26186444318213
143.47954165717513	1.0557728975016942	101.19015482183617
143.61607607938927	1.0757019718150451	103.10024942645794
144.80135992530387	1.0649488179271336	102.0696174512333
143.18489948083536	1.146982343548237	109.93208974790183
144.94673016318754	1.0978096599758016	105.2191524528886
143.0867934542408	1.1251583491689539	107.8403772448661
142.7457938741826	1.0993503857122535	105.36682272949683
143.4859349347995	1.0626434615952969	101.84866144384755
144.90202812609266	1.069633564560495	102.51862522388278
143.73930911884548	1.1033098859727508	105.74631953730933
145.47877570303893	1.0882602191369728	104.3038899004688
144.4601470612998	1.0784596456363422	103.3645576328776
144.0041203690893	1.1260944408525635	107.9300965989204
145.5320226830743	1.0771048590917713	103.23470862792581
143.42064714160665	1.0943607367547408	104.88859170868537
142.9456683558674	1.1318802584639034	108.48463610381563
144.61134965891466	1.0720212644318807	102.74747341673309
143.2277324712785	1.0676313548380265	102.3267241888384
142.93719056340723	1.1089516190592443	106.2870493153105
143.8306955590286	1.1273816711208633	108.05347069807453
143.9811745031304	1.0711657224829703	102.66547432159464
143.74660809699154	1.0587712674470853	101.4775324574103
143.0085669887169	1.121900812871784	107.52815990813734
143.9981125584145	1.0648302794546356	102.05825617608332
144.27427671539834	1.0942590700742365	104.87884750407015
143.83081129112009	1.1166113333152565	107.0211917367451
145.46885789008144	1.067432592385846	102.30767387663916
143.98852742166477	1.0769772249413663	103.2224755809603
144.45420175160285	1.1115861916562915	106.5395589313609
143.152233312999	1.0798995384334742	103.50256361447973
143.63609263951395	1.1159118955931373	106.95415439229633
143.64710694904002	1.055482299896694	101.16230260408138
144.4529564008507	1.0888646911663629	104.36182529394613
144.86542156120677	1.0798196822370845	103.49490982748132
145.05640780708052	1.0753841832098074	103.0697910975496
142.3588212463884	1.1275196853334062	108.0666986181773
145.1125177508664	1.081086176063742	103.61629645021395
145.05298552320872	1.0653546842217179	102.108517553029
145.61706576474108	1.0701709933119437	102.57013487969368
145.32543085789186	1.0898590863825346	104.45713272807009
145.21470127460464	1.0996548662187697	105.39600554870685
143.95797427332653	1.1022249688219121	105.64233606252795
144.2014077229158	1.0771365762834835	103.23774855019268
145.0190289440849	1.1080673604248423	106.20229788029127
144.5121407037374	1.1038902460475883	105.80194392960446
143.7813533730205	1.0759887231527376	103.12773300017453
143.75649607694578	1.0987984441324246	105.31392209712823
143.05565628616736	1.1296056128467653	108.26662355328732
145.85606243151807	1.0743416903158611	102.96987375965551
144.18825008703115	1.0588318531572016	101.48333927192616
142.72851175056488	1.1298690153576552	108.29186926751287
144.53318270923774	1.0767986733773647	103.20536237370925
145.1701416443774	1.0965916346246622	105.10241127289586
143.0559403863748	1.1196442149994548	107.31187713689746
144.37525561632773	1.0644265070505163	102.01955676242883
145.64511153936618	1.0693162382936894	102.48821120762693
145.21799377297896	1.0657826213528434	102.14953302582155
144.4812210929511	1.0662926017866254	102.19841190798705
143.51540008297383	1.0906378803256207	104.53177593956157
145.03901323869042	1.1063236196369144	106.03516970270961
143.97527452134486	1.06623513117931	102.19290365932324
143.7000641943662	1.1466839113907732	109.90348663042359
143.70214094924782	1.0644489987004637	102.02171246612775
143.08625896460728	1.0836965873585371	103.86649033537056
143.86069244481413	1.0569740813416828	101.30528183355013
143.4777856831403	1.145809298613541	109.81965969894364
145.45782228520298	1.0719068868547887	102.7365109410326
143.43358890618694	1.1109588502467254	106.47943163077348
144.36786879457514	1.0681798216190053	102.37929178042292
143.66882139910604	1.1024525233603086	105.66414594136197
144.31923101939037	1.059843563624046	101.58030627971458
143.0304129365946	1.1277550206055615	108.08925423850133
144.22299204955067	1.107950070494178	106.19105627116203
144.96576232660396	1.0651900245439516	102.09273580837018
143.45697202291322	1.0564116098575138	101.25137196647489
144.81465722128473	1.068883297894416	102.44671619848742
145.14541842722494	1.071645016115185	102.71141203884775
144.70601299835556	1.1315497163367296	108.4529554184116
144.93971432666075	1.0809509942706221	103.60334000228158
144.3224631601924	1.059718447984159	101.56831461843898
144.25275908458178	1.059249442985672	101.52336301140168
144.07699201536303	1.147990594922015	110.02872522022106
144.6933304042759	1.066029181725714	102.17316451168631
145.59837166311772	1.091914458928496	104.65412913386393
143.461652485932	1.1422032613168136	109.47404041546643
143.98587882749905	1.0676841687778027	102.33178612095975
142.79282422194473	1.1436717137117192	109.61478368093633
144.42783425192636	1.1004318352492917	105.47047385214249
144.46881983242494	1.1445206274653428	109.69614749919954
143.54229946072542	1.0834660245399064	103.84439212905306
145.4156359463644	1.0993110973236384	105.36305714872083
144.6382962792505	1.0619751440479106	101.78460680079867
145.74514127175507	1.0699771878461126	102.5515596679799
143.810401094187	1.076613269774474	103.1875924353774
144.4492558179054	1.0837250952264506	103.8692226612094
143.70632938335606	1.064965698862661	102.07123539812662
143.09042133590486	1.121508171009397	107.49052729705357
144.02276521047764	1.0634924184831602	101.9300293962957
144.25536632993774	1.0778671751130129	103.30777251921829
144.12788604560743	1.075396361402747	103.07095831185481
143.23252476610168	1.068874552412999	102.44587799112227
145.44961986793177	1.068958626895041	102.45393607811668
143.8880336922799	1.0834246891047048	103.8404303498697
143.1243835896129	1.1086851210754878	106.26150691665656
143.99143177556005	1.0575807444002567	101.36342722539247
144.81304519473002	1.0635799671832817	101.93842046841047
144.87383705862052	1.079226333784595	103.43804056903306
144.34985286663215	1.0949332535768865	104.943464367387
144.98717239048074	1.0829018454438724	103.79031859656325
143.6222942472425	1.068734698537162	102.43247374918552
143.461457456338	1.1410386713082799	109.36242072571464
145.84063509370526	1.0804067574064067	103.55117782547251
144.3711985624284	1.0687945725237804	102.4382123488314
143.54352935804573	1.10588488481372	105.99311932919667
143.2685297748618	1.1307992119231893	108.38102360620056
145.44600700931005	1.0812311948777555	103.63019572370055
144.99691126116304	1.064159261512103	101.99394271468098
143.50080274422425	1.1161746269638417	106.97933578134416
145.0261658993929	1.0743095137176017	102.96678980574156
144.08532834846486	1.1341485383177745	108.70203853016662
145.2222684409124	1.1023574211794658	105.6550309087388
144.43208479025157	1.1200572014423886	107.35145966662398
144.73438294020065	1.065700498954428	102.14166203554547
144.185180185463	1.059104981653721	101.50951716957294
143.53277184067312	1.08321297907234	103.82013908173522
145.77116625217715	1.0704712432349972	102.59891222022868
145.3815129181801	1.0670264121037398	102.26874368082795
144.22502492125753	1.0725541405671994	102.79854672876957
144.12208173937205	1.058785092617896	101.47885752568786
145.04738171785115	1.117878975762496	107.14268844858381
144.8560941623986	1.1315364051124523	108.45167960914554
143.88324768328192	1.1004817229988804	105.4752553246699
143.87948183863176	1.1462663435419826	109.86346499758216
145.35698226054578	1.0784848586857918	103.36697416808454
145.25251555913073	1.0658998694368451	102.16077062417324
144.40388917975426	1.060855000934487	101.67724710693065
144.32514509298142	1.1384659785163302	109.11584195622507
145.25402552324312	1.0676128618496314	102.32495173534652
144.39613350522387	1.0921439349550688	104.67612317700686
142.76928011957824	1.1442397143510845	109.66922348780416
143.74226551419716	1.0580706469774483	101.41038175297217
144.44771694377974	1.1338951206635004	108.67774981075425
142.88124250732665	1.1320283706667778	108.49883186198987
145.7502987617025	1.072594273125868	102.80239321870569
143.09319647378166	1.1467886664643796	109.91352684090985
143.74114529304842	1.1451070790807096	109.75235573289726
144.19560477090604	1.075712544259852	103.1012627384395
143.54034549173682	1.122073963989613	107.54475551166358
145.01094034216888	1.1259210544896852	107.9134784484212
144.52507295648638	1.06535759037914	102.10879609259008
144.3968726364049	1.1247957488108724	107.80562395042226
143.8424903035472	1.0825065188225267	103.75242866577054
145.96187072137158	1.0708985144166119	102.63986386534177
144.35925251475803	1.092723988406652	104.73171818111196
144.4888282763058	1.0607762121319952	101.66969562389747
144.80299518561873	1.06507451911424	102.08166523406109
144.77206679381518	1.0699727212343142	102.55113156725818
144.4695250165719	1.0862146456054182	104.1078326775118
142.74682063894844	1.1003051012349294	105.45832707837623
144.14907050431034	1.1178055954810087	107.13565534320466
143.70346781852086	1.1473061876291277	109.96312846158827
144.48112704080782	1.1487519277501541	110.10169487774175
143.4112728408049	1.0589646386138154	101.49606604389069
145.14828687353022	1.087275592345087	104.20951871728309
144.0836632766076	1.0828248060442387	103.78293478438664
143.46197371309864	1.1210078080359913	107.4425701967474
145.2001098055759	1.0771659698802123	103.24056576837548
144.4945551734334	1.0868272433805108	104.16654688001861
142.95183506676779	1.104213809723943	105.83295576802401
145.4486564066179	1.0682477633854996	102.38580363338554
144.21070348514792	1.0779202126881975	103.31285588559092
145.0989185989717	1.1087428184385337	106.26703689863776
143.41396573524202	1.0781934829858988	103.33904737411846
143.37317805327717	1.068986365835587	102.45659470640226
142.4823976494007	1.1417440427383179	109.43002678415898
144.55855816391744	1.0766578988348832	103.1918698908255
144.54223599099038	1.130127888530082	108.31668086900319
145.45736454297455	1.079012105542792	103.41750794406555
143.7909373597289	1.1136827011067796	106.74049808824051
144.93740769190728	1.064077306148357	101.98608773377973
144.24980128828832	1.106248645747635	106.0279838585932
144.67837169367291	1.0765159659111343	103.17826638332643
145.53872134495117	1.0679177431746378	102.3541729708534
144.7488534631614	1.1278912506429595	108.10231115501082
145.66704914943125	1.0728423284317248	102.8261679858582
144.45792628134654	1.138701061527059	109.13837339864789
145.17064391885063	1.1026145386710817	105.67967423766453
144.1234919478435	1.0597998323574234	101.57611487297306
144.63126295283146	1.090486355386726	104.51725308899171
145.61249419752428	1.0866262444288661	104.14728221137247
143.7464810469729	1.1224231153243511	107.57821978954192
144.87025224550555	1.0756267734497365	103.09304206752124
143.409004066335	1.0710645813831765	102.65578049106425
142.3351847331307	1.1339196120729875	108.68009718065139
145.11621981400717	1.0691194725450242	102.46935226872237
145.24054573065195	1.094605204471412	104.91202262470665
143.6775956428712	1.0582046322536809	101.42322352119515
143.89945047850495	1.1252648670440748	107.8505864103981
143.70339858952437	1.1208178545367475	107.42436417531712
143.54924252723663	1.0568615638346897	101.29449763556612
144.76361328001258	1.0629109548094562	101.87429922998379
145.4047114470629	1.1019321331762235	105.61426934060819
143.72159819819325	1.0888428953349796	104.35973628071481
143.84724849617015	1.1008647304432568	105.51196452859631
144.09106928330786	1.0590589768548653	101.50510785699275
144.53054598007645	1.073011334870354	102.8423663441711
143.22189116102467	1.1250648424222547	107.83141512602617
144.73357851659893	1.0708847970643998	102.6385491308971
145.069610786257	1.0843631670512957	103.93037841439867
145.5200282904909	1.0788610733772026	103.40303232316712
145.56470605449837	1.0707108503827725	102.62187727685892
144.54933639352484	1.1012539692448464	105.54927097460258
142.50523797645295	1.120806775623408	107.4233023210502
145.08574174563856	1.1122782274220058	106.60588683809215
143.6788871444698	1.0830238403572592	103.80201115298547
144.6387919622343	1.149312755258519	110.15544717857661
143.44878245375273	1.1067692343608266	106.07787947770976
144.0192773853905	1.0638969578122905	101.96880231558838
143.30894308462945	1.0782067516473313	103.34031910396473
144.49121536589726	1.0607919937857169	101.67120821054105
144.1966788977503	1.0646327268114077	102.03932181756646
143.63391546479946	1.0789415150251895	103.41074222255286
144.28677145141543	1.0594643393887333	101.54395967603277
144.00207505959503	1.0780485787373895	103.32515908111937
145.50604749221938	1.0720861209920318	102.75368956925834
143.57354073336597	1.0707536766936534	102.62598194845899
143.66434850627658	1.150393780215036	110.25905760746248
144.2898021129256	1.0604002110483806	101.63365794197347
145.07346396706023	1.0742971105241967	102.96560102635166
143.284007315042	1.0656278797617702	102.1347018764379
143.397364177045	1.074629364515532	102.99744578473006
144.708176408869	1.090391774115912	104.50818798279361
144.2628850053104	1.0965889545831862	105.10215440533226
145.39556991421037	1.0670223561616907	102.26835494059333
143.01702473633802	1.122798697081734	107.61421728130153
144.00436441841103	1.1190618734213096	107.25606282816581
144.44117443757307	1.1298519692015336	108.29023548511408
145.5397352959076	1.0779521616218224	103.31591801907392
143.12099184752913	1.1070100785528318	106.10096309837725
144.3203669239936	1.0661279352380877	102.18262950480172
144.5364082256278	1.0905156178232496	104.52005773617417
144.22833147238933	1.0726179327779015	102.80466086912367
145.1875216286704	1.0735720018364638	102.8961032578941
145.07803338994722	1.067660289125161	102.32949738466652
145.85707247873043	1.0715552284474084	102.70280637372328
144.82724746545765	1.0828158793304499	103.78207920687326
144.9237845993281	1.0991626388093012	105.34882819845515
145.29656777705125	1.1101077434545639	106.39785762155944
145.8788374654438	1.0715989912477824	102.70700080280528
142.5509879742837	1.1198528679163418	107.33187539695302
143.24947325474392	1.0936586334668916	104.82129888409546
142.9961955513754	1.1360373056638535	108.88306672346881
143.3381600011923	1.100727766128164	105.49883723551831
144.74796591514246	1.1012334436772164	105.54730370932117
144.4870997811868	1.0607641860519867	101.66854298879872
143.73495574335251	1.0724754590918881	102.79100553246948
145.72313555092032	1.0828528937375275	103.78562683874719
145.0390370780282	1.064445637625754	102.02139032519098
142.53802718571166	1.1158144949766688	106.94481906697825
144.77293118816598	1.1429185062886384	109.54259279979622
145.79440191191964	1.069718173191766	102.5267345062084
144.8863032949445	1.0642627028241474	102.00385700818626
145.08952487232835	1.0717819808997406	102.72453937692124
143.8480010579162	1.057712723387561	101.37607670161047
144.61620911366035	1.0737581752082888	102.91394697443886
145.36432423866125	1.0727457905858744	102.81691535246432
144.31513265523958	1.101041851276278	105.52894060797665
143.79266016608872	1.0806207491686	103.57168778514108
143.16933238026488	1.0819425374821159	103.69837408709378
143.24375452952518	1.1038751370331903	105.80049581182293
145.9981286396739	1.071246110284096	102.6731790600483
144.6628870818383	1.0621589234332642	101.80222106661378
143.4447914713353	1.0547115702426184	101.08843231132596
144.89905846568493	1.0997732007045096	105.40734727282299
145.4012350097766	1.0738176044619694	102.91964294882419
144.97975671811895	1.0938084408344624	104.83565711469012
144.97380612578385	1.0703532561632751	102.58760379387792
144.14396285753463	1.0979896077567055	105.23639948002162
143.33332153259292	1.1083907466558316	106.23329271152674
143.3197012737711	1.0714420401295384	102.691957882124
144.19822008503	1.1177273910023537	107.12815986446905
144.51871810764965	1.0614266838084465	101.73203983618313
143.9373626797438	1.1329802186427675	108.59006137193958
144.0778418721184	1.0745613042169466	102.99092257110392
143.24472471849487	1.1328462207603307	108.57721839547972
144.4324370645953	1.08449237203682	103.94276201746321
144.10361360293425	1.103117838997577	105.72791286746879
144.57030333503806	1.1172939035963505	107.08661242767599
143.2202370284643	1.1070143904318746	106.10137636879642
144.33587457330935	1.0886579621326782	104.34201142774988
142.42677116201855	1.122987250855418	107.6322891465639
143.7228448767929	1.0661561360278047	102.18533239884677
144.37083508872547	1.1079971678801652	106.19557030234338
143.4482090136713	1.0659444345222162	102.16504194795793
143.56767476762744	1.1450319098718649	109.74515116845085
145.96592210829436	1.0730367715382787	102.84480431200636
144.87786145053957	1.1002514526252436	105.45318514763247
145.15346255047373	1.0953210361641679	104.98063124308257
143.52730218554996	1.078631591358229	103.38103770568479
145.3433953820132	1.1047885329401315	105.88803989772978
144.73071584450358	1.1051361382829072	105.92135600059206
143.91742229954397	1.0605881086933684	101.65166692082863
143.1510374305578	1.1093024979042092	106.3206791657544
143.8858781821516	1.0634388028920085	101.92489063020089
143.5258084949723	1.0550477707044432	101.12065531767868
144.01832409742332	1.0600389192698159	101.59903006783941
144.73818050846373	1.1413471804121607	109.39198966431832
143.9638718061897	1.1260939419914375	107.93004878576409
145.34877671800112	1.0665976604990883	102.22765014512774
142.94537364537226	1.0892164945173324	104.39554375331905
143.99254710128585	1.0579110065844144	101.39508107976381
143.74690839856285	1.0600600014830908	101.60105068461252
143.1103061951811	1.0885421669298119	104.3309130802422
143.73792338011233	1.0844882663738842	103.94236851174895
144.93525574476533	1.0926734081693026	104.72687033735652
144.84806198655224	1.0642457013740376	102.0022275106183
143.81026228334485	1.0909325771816762	104.56002104848635
143.66878681306173	1.0920028857868178	104.6626043727199
