141.0205082261624	1.0951965881151644	104.9687035668032
141.92737820140192	1.0662073581150802	102.19024176046608
141.21149379141144	1.1137209297968889	106.74416210261325
142.0719772577492	1.049304678476625	100.57021081103886
141.86608057271027	1.1420811310489618	109.46233488604662
142.5145861881346	1.092822858625553	104.74119435992043
140.62700612889492	1.0518148141317902	100.81079381536777
140.86312670971233	1.0938438614253854	104.83905198785637
141.18911526307022	1.1025698737331344	105.67539334354737
142.33686145813758	1.107553577695978	106.15305456858891
142.64125813065812	1.0497822634848937	100.61598476587486
142.15405886704545	1.0679582660553062	102.35805687105426
142.73577572496774	1.0501239708474424	100.64873557904866
142.79541089757237	1.0746472577313764	102.99916075324823
141.4338099892413	1.048142370349358	100.45880982733571
141.46228262677798	1.0716084604956198	102.70790837928975
142.3637760064319	1.050609597708177	100.69528030219858
140.74913283619858	1.0425962750046422	99.92724641259333
142.81571430168677	1.0712021514501822	102.66896584220567
140.37288141309702	1.0870790062398845	104.19067699623841
141.96223717098295	1.127223981384202	108.03835698478984
142.17484794833157	1.0968918456312022	105.13118488349231
142.58616087499277	1.0532236572118796	100.94582384856076
141.1766608100647	1.0416072394720028	99.83245267531431
142.0336352941137	1.0701168459567725	102.56494514687715
141.8861939785596	1.116623661645184	107.0223733408732
141.85625947171576	1.0640502443332711	101.98349400432828
141.82380315123	1.0530731662905692	100.93140010301595
140.8381684527551	1.1270344028179522	108.02018689867084
141.55153089654993	1.1125683146936076	106.63369014313503
141.4400224801321	1.0459224737397903	100.24604467477101
143.09682489532926	1.066134212586399	102.18323115488103
140.30838105140748	1.0889238957439444	104.36749973433554
142.18973029984738	1.0746733383781726	103.00166044299533
140.6022486618261	1.0913667105427536	104.60163039659965
140.71836636079613	1.0936418774652112	104.81969291143955
142.00125018790536	1.0510785394532685	100.74022584673803
141.62859654507332	1.0779754904978878	103.3181539663941
141.46568124089393	1.1285204600885623	108.16261749680706
140.82589436439804	1.0442739628765219	100.08804377337037
141.7946499911059	1.0454993238354464	100.20548803192223
142.13791978452198	1.1204306968929454	107.38725719709339
142.07005493316166	1.0905882044742121	104.52701477633525
142.08852600649988	1.0461996416210533	100.27260972572374
141.6442455212453	1.0490951579078651	100.55012939121711
142.8269151731584	1.0656816941461955	102.13985969579898
142.46503975381472	1.0909180886768803	104.5586324032134
142.37792753460135	1.0481694224860465	100.46140262916482
142.3824144598181	1.0653268899564063	102.10585362216214
142.52022076479594	1.0688225939377816	102.44089805067865
141.47456268573399	1.0495915343339508	100.59770440240028
140.6722706444875	1.1283206985789014	108.1434714303207
142.44120062405491	1.0678830634388148	102.35084910466455
142.86779855874101	1.0519902819053046	100.82761145788366
140.3694653095803	1.0687015530571098	102.42929693316187
141.60942235443923	1.055396924585579	101.15411983961555
140.83791969469033	1.0904827211716477	104.51690476901939
141.32379048625089	1.0420192282290541	99.87193958221401
139.81838985110628	1.11343883907312	106.71712522367886
140.69962069531758	1.1011277184668284	105.53717051644131
142.0392756743397	1.0569623638604153	101.30415877598122
141.23407955143983	1.048240497433709	100.46821478069376
142.0639995960639	1.0973222118066484	105.17243316712084
141.61211703254594	1.1126905583143671	106.6454065368215
141.62741923852977	1.0436405094998706	100.02733067360487
141.28334646588957	1.1262544834736052	107.94543582352034
141.80482218064915	1.0487746068186463	100.5194062930744
141.63687156157752	1.046344463896995	100.28649016209302
141.77773455671294	1.0835828189254604	103.85558624284826
142.8072166762225	1.0742974293282614	102.9656315820069
140.76869748954326	1.093956109349524	104.84981034777344
140.1642110849845	1.0872944227342562	104.2113235088248
140.62969794337897	1.0520178058250669	100.83024947758338
141.59598434765576	1.0574244067793688	101.3484431051337
140.62392688210568	1.1124278780789998	106.62023004882076
141.99571443654634	1.1411613608609357	109.37417985957539
142.1615738843415	1.055160791545241	101.13148775750119
141.3029850046198	1.0505736493313704	100.69183484359354
139.88214872163934	1.1169794739835188	107.05647604012684
142.15660826404206	1.0666158461003308	102.22939313721402
140.57624582063866	1.1040459871082164	105.81687087277034
142.5505386628088	1.0696392663786571	102.51917171249217
142.3935274373377	1.0501292207968704	100.64923875846983
142.3392760538363	1.04818451176587	100.4628488554935
142.4435088800998	1.06088227505318	101.67986118454115
140.7040206156458	1.053289664221894	100.95215026551888
142.84000723763162	1.056244012553734	101.23530866615972
140.65745415596206	1.0454014218938288	100.19610465728448
141.23397046753786	1.1385503999718822	109.12393329876457
140.6563336807912	1.043318975201717	99.99651334017294
140.60056993141052	1.059035109401569	101.50282028994121
140.08437408422589	1.0991166158845493	105.34441714860532
142.81596292744322	1.0512841518677365	100.75993269098697
140.07750882134542	1.1051244765833976	105.92023828940468
143.14099333261802	1.057396506960201	101.34576905749734
141.7679326904051	1.124213958481817	107.74986247595147
142.35448209347325	1.1080298218974454	106.19870001430317
142.44369937265128	1.0651291160382454	102.08689805563286
141.16277201585353	1.0412146902330712	99.79482894169067
141.1938233344253	1.0413197299657264	99.804896435216
139.94905944223223	1.129873929539331	108.29234026540055
141.97017453159225	1.0532240676600997	100.94586318781548
140.48732924921276	1.097237421449789	105.16430646737481
142.0798785476818	1.0471819407714626	100.36675781699081
141.94435000527926	1.0865244565012318	104.13752638587184
141.56156072086205	1.135019026610633	108.78547015199871
140.53207282625928	1.0918386989870228	104.64686795087174
141.05810327986046	1.063953938064826	101.9742635663834
141.4225157193801	1.0545179783391856	101.06987756841963
140.59392016469502	1.0484576865608521	100.489031190599
143.13100850213988	1.061783055997963	101.76619619416194
141.88792030064369	1.0461495487274015	100.26780859124104
142.16356696847515	1.062525558673784	101.83736108284182
141.9642878906576	1.0713239459216697	102.68063918734971
140.28289185619707	1.131683415881691	108.46576980082875
142.2286975354643	1.08399287888261	103.89488828464951
141.9157276497485	1.045828058466723	100.2369954785643
142.7635456436107	1.0732104266328149	102.86144821898985
141.08593088746056	1.0438091784671024	100.04349668709908
141.87035032359387	1.045146276507136	100.17165034401064
142.67981571418102	1.055457598649018	101.15993512232225
142.0645217670972	1.0832180584634674	103.82062591406043
140.08702465808744	1.1213300450169192	107.47345487854457
141.4488331754372	1.0426738091881769	99.93467764714616
140.0458349033767	1.1004451206106303	105.47174718258495
142.9330429438693	1.0518450393001126	100.81369073521606
141.26624877134353	1.0792138073340258	103.4368399761068
142.94207529180176	1.0794580960736206	103.46025373813775
141.0761023521695	1.0411179730652376	99.785559121249
141.27722069826206	1.0562436339260766	101.23527237673481
141.66569184986687	1.0489097006881014	100.53235431399631
142.79687938450087	1.0700776946893074	102.561192708426
141.77410276113895	1.123365649076254	107.6685565812
142.96425050656399	1.061254271119525	101.7155150070968
142.37163989280532	1.0499246257430723	100.62962942277025
141.6607807575877	1.0853356231905595	104.02358310597809
142.37611499086324	1.0553571219683433	101.1503049727915
141.42411493226345	1.070349705728417	102.58726350378919
142.67608684525473	1.051632848594223	100.79335339710903
139.9670758653134	1.1319642740643159	108.49268854732249
142.00897253979102	1.0484101716989156	100.48447714659287
142.33003199611588	1.0496844297829488	100.60660793164278
142.09156079478856	1.0537661488270802	100.9978187526368
141.29215983223781	1.048566290095977	100.49944025542673
140.7108369937439	1.042353789518133	99.90400548267367
141.58817849362526	1.0465886693659354	100.30989594307952
139.8772200072697	1.1051354159686528	105.921286770655
140.44530931317937	1.0712363386557189	102.67224250201514
142.15468228688573	1.0471740843357478	100.3660048198754
142.43937427414537	1.0981371414849408	105.25053979451246
140.94010869392184	1.1285078927466217	108.16141298466273
140.72777437601215	1.0421874577424912	99.88806347642516
140.71350125900136	1.0437323388528714	100.03613202327897
142.32726027307862	1.10272196534703	105.68997050686875
142.91296773684488	1.0777124067647437	103.29293880530126
140.19074637847396	1.0805907145246745	103.56880912603171
142.80233581260913	1.0512022584723666	100.75208364942134
141.72398291600865	1.114991664666801	106.86595520653569
141.06216767594861	1.105354375896573	105.94227290229226
142.2419693581309	1.0666988839613702	102.23735186965976
141.78848815195087	1.0498362547995874	100.62115954305072
142.71180018060713	1.0581496442645717	101.41795321813618
141.9733010846804	1.1173176468992139	107.08888809557618
140.7327812460245	1.113986379079571	106.76960398890859
142.4155490233149	1.0849473119096793	103.9863655578441
143.15500105439557	1.0584162815786866	101.44350897085573
140.9655880124947	1.065384449318782	102.11137037752121
142.6617263505322	1.0502039144866513	100.65639774697107
141.65827035995233	1.0786842026377383	103.38608021390935
141.91929337203572	1.0732716200972554	102.86731328348951
140.863938320688	1.0397810781815238	99.6574249357782
141.24552388967604	1.0453207730984482	100.18837490393499
141.1950767215334	1.0616805556059288	101.75637208277985
143.25979400673654	1.0599590946336488	101.59137930571863
141.42818989204156	1.0456906396509393	100.22382462403914
140.891725582493	1.0979313074515986	105.23081170928619
142.09499602400635	1.0765014058422666	103.17687087902203
139.89863442272147	1.124044757845055	107.73364550479185
141.65043176764215	1.051519049622375	100.78244637760974
140.92234648645731	1.0811154217359047	103.61909949062257
142.57658385924154	1.099775003035315	105.4075200165387
142.7117325354404	1.0542969289868496	101.04869117668797
142.25975313082455	1.048086540535625	100.45345883991344
142.71992963852674	1.060227816183041	101.6171348211816
140.6807962855426	1.0510742698329103	100.73981662658652
140.19749987334305	1.1235672935046033	107.68788311531725
143.05494036195256	1.053381350437497	100.96093789624311
140.66011539163125	1.0450400144561802	100.1614656978492
141.05582128872624	1.076704668782832	103.19635253883166
139.91029973581232	1.10893190001609	106.28515935106304
142.57197594694418	1.0934311401528867	104.79949487329012
141.00322538675798	1.0471068547834095	100.35956122880974
140.97152073557731	1.0883090178993666	104.30856699942962
142.86917897428745	1.0569449981771946	101.30249436862822
140.256080922922	1.106295701415369	106.03249389130431
142.6625709548971	1.060702818623345	101.66266125076586
141.42329341180604	1.0988552488846386	105.31936652716118
141.28381603259135	1.1171994149870743	107.07755620258803
142.4723274420284	1.0986485888879467	105.29955927778944
139.89619566830166	1.1100001285281575	106.38754330956112
143.16130032446273	1.058264227426163	101.4289353980054
141.30790141527197	1.042411672831194	99.90955328696388
141.5642635491199	1.0510506851058001	100.73755615731956
142.0938064486752	1.0465339468537465	100.30465108455576
140.75778044085726	1.039583995238078	99.63853559545964
142.69976099257585	1.0598854675300162	101.58432254376416
141.56474699875434	1.075700532442897	103.10011147037773
143.30342213380766	1.0543407947122794	101.05289547058311
140.553579011753	1.1171060460130233	107.06860728851557
140.50402526538235	1.1157483766412646	106.93848198008016
142.901404925906	1.0510356771249867	100.73611772306378
141.75380761807025	1.0723069716675817	102.77485691888845
143.15024019410004	1.0639683870748147	101.97564842629146
140.4441509673253	1.0756823339949353	103.0983672470025
143.19350597688197	1.0570190495864875	101.30959179799855
141.05953773185553	1.0477228636118376	100.41860236243588
142.30009986904187	1.0621257931080768	101.79904570310242
142.00947187564847	1.0582729135911713	101.42976792021167
142.00125018790536	1.0507266113844875	100.70649543383357
141.89920942581512	1.045131292228682	100.17021418149857
141.45957487991706	1.0451595434935852	100.17292191331877
142.45977094616214	1.055102965471408	101.12594543928319
142.31324784770112	1.0480896174421346	100.45375374485636
141.09138967073378	1.0775216046422387	103.27465144789485
140.89300330739871	1.0980590762963491	105.24305766598039
141.98061940231338	1.0752362166923173	103.055609302536
142.00750785341765	1.0828113882387211	103.78164875988185
141.5874749332437	1.0508291647627477	100.71632462366046
142.16176316782543	1.1119586763890281	106.57525958996236
141.11305717349904	1.0533949670777893	100.96224297799185
141.46843320746066	1.0740506579550944	102.94197987289839
141.83699952712075	1.0531175077809642	100.93564999642459
141.31606382007732	1.0496476201556457	100.603079926809
141.78992363066092	1.0449228361624292	100.15023478851775
143.261643785173	1.053074979045376	100.9315738458161
140.88928933976257	1.1102716371101675	106.41356594711324
143.1293009527662	1.0548374047442266	101.10049287163189
141.72490912686987	1.0812717453822578	103.63408227149733
142.62424234945584	1.0668564495999686	102.25245368881242
140.69596519313035	1.1102586043154745	106.41231682382559
140.261166253249	1.108670691137698	106.26012388471618
142.13141015485863	1.094080259244691	104.8617094476109
141.5337067756078	1.0829979803142817	103.79953260692808
141.13768474749386	1.0442040756551307	100.08134545901758
143.02010172421691	1.0659689384596687	102.16739051859318
141.19098971532972	1.043281622280067	99.99293326349759
140.23338517235624	1.1102268327901543	106.40927169397457
140.97038185427758	1.1133300607698642	106.70669940826556
142.11394456616108	1.118453606586238	107.19776372297041
139.73141968632103	1.1264089039482799	107.960236195624
141.66510821685907	1.047587274136026	100.4056068403098
141.2598305897582	1.09241150470412	104.70176829860094
142.4872765853785	1.0999659715062384	105.42582331754646
141.33922585838917	1.0503522085764956	100.67061093803329
142.2793190557799	1.1046292759795455	105.87277597445966
141.04800903726377	1.0537522830649981	100.99648979390417
143.2353547540028	1.0547158758081947	101.08884497663333
140.26304668093806	1.1002028771804677	105.44852945246447
143.12032035986087	1.0665803259808508	102.2259887247708
142.38225780138066	1.0498281079067096	100.62037870717818
140.40460188260565	1.089558116354629	104.42828636935738
141.6463148477898	1.085468395575498	104.03630862509283
140.8561798977342	1.05305234235341	100.92940424061966
142.4651967066933	1.0674555164330166	102.30987102328673
141.2292473825918	1.0724666270896475	102.7901590325487
143.18374827923256	1.052585395342667	100.88464988064084
142.62564882652603	1.0900918016721592	104.47943723715746
143.0867820820518	1.0523631220105087	100.86334617702512
141.12845467048822	1.0900423653548799	104.47469903198932
140.72403036385694	1.1373325527582245	109.0072091922915
141.52590062505064	1.0436028445544479	100.02372069112879
142.1554170429061	1.1094129367293095	106.33126413325705
140.15458395237414	1.114238747065436	106.79379210324852
140.89761640260755	1.0518664869552206	100.8157463776237
141.92274862777614	1.1052152217527518	105.92893572590643
140.27177668413285	1.0810635884332378	103.61413154729478
141.89090832249548	1.138594478564705	109.12815799485463
140.25850600223555	1.1265002304141056	107.96898934626664
142.32537157742993	1.061206159067394	101.71090372562192
141.77295477713386	1.1000808997546951	105.43683857213604
141.5786373838935	1.0635728500279618	101.93773832734544
141.6549123700168	1.0586006257424803	101.46117736764722
141.45379815938483	1.0498087960983506	100.61852777419594
142.03647760149983	1.058827842563651	101.48295487810124
142.67295529187786	1.0697171438356965	102.52663584796449
142.02679673233473	1.067465305273537	102.31080923101125
141.320610045959	1.0505842592134738	100.69285174373866
142.7116197937289	1.060060522568415	101.60110062783872
142.2107144124459	1.0473872162664788	100.38643236932204
140.49824809820973	1.0821338270599885	103.71670816447589
141.48319359795119	1.116365370353057	106.99761750948059
141.87538384069796	1.0904601542930785	104.5147418550616
140.1979693460957	1.0917437632265556	104.63776886874666
140.7453439397366	1.0572339762351124	101.33019136150426
142.56232337833367	1.0592049127840133	101.51909503103322
143.35786269829813	1.0542969038689716	101.04868876927443
141.59038818379597	1.0461245813124302	100.26541559877796
140.98678444045245	1.0404756569058795	99.72399657142051
140.20558825392345	1.093789186928805	104.83381173137046
143.16044593889467	1.062079290391203	101.79458866775778
141.58417713917706	1.1013086042170246	105.55450744288706
142.45650908552875	1.0732535796817468	102.86558420667507
140.7898801594767	1.0503683243556905	100.67215554880674
141.8427036804949	1.0558881259383055	101.2011988478461
140.4637072180705	1.079906656708069	103.50324586282122
140.73421650357494	1.0390151365726707	99.58401355140973
140.8925376917212	1.1120234653193615	106.58146926053327
141.97942177761848	1.0455809502050186	100.21331148050108
141.6461827602948	1.0532564098479413	100.94896301260044
141.65975676281062	1.0975101411291142	105.19044518209193
141.561351972517	1.0735500975311507	102.89400384801993
141.26480787705262	1.0441365271493985	100.07487129798427
141.73603616687646	1.1092439827311569	106.31507080108184
141.5317962859437	1.0498463209772435	100.62212433204834
141.43596837794883	1.0809662760338448	103.60480467710902
141.96965346061882	1.0509286066392052	100.72585559277164
141.78151016777488	1.0537963568264281	101.00071402693122
141.51298114756406	1.0702184083414614	102.57467935529931
140.6236361943988	1.0467730917580438	100.32757183763434
141.84712600216372	1.0456358917168558	100.21857732896346
142.71817057050586	1.0612936704619784	101.71929122220156
142.127126558515	1.114069970713043	106.77761579746407
142.48673819346632	1.0740405408627365	102.94101020400039
142.2390916008047	1.0961428238618336	105.05939517475221
140.2243739513383	1.1048338676791534	105.8923849886781
142.4363491985075	1.0827657953535625	103.77727892701448
143.03914759885947	1.052038500351497	100.83223293665719
141.7738268007793	1.0704396835619856	102.59588739528222
143.00448061730108	1.0542160874313904	101.04094294832153
142.33195442215612	1.0984666814669177	105.28212442968838
140.85460023756085	1.041876022128932	99.85821404760608
140.77634418007705	1.0761132580622346	103.13966900156511
141.5043555671794	1.0675879393097067	102.32256304391534
141.30773752643103	1.0508532546308196	100.71863350797223
141.93852214782137	1.0718758639701214	102.73353756436236
142.14192618336176	1.1215908379166337	107.4984504755721
140.90976857327428	1.042722641950782	99.93935800484438
142.30752794128426	1.0705855315599837	102.60986614159481
140.75418517522016	1.0507106821819414	100.70496870542858
142.84092315149013	1.0706151343690073	102.61270341165105
143.22726468075655	1.052872945662417	100.91221003249112
140.98449510728034	1.0943902097877085	104.8914165404045
141.0188686853519	1.0404422380456768	99.72079355337954
142.06314413756482	1.0570490562662223	101.31246777689064
140.22854836928417	1.1136085180365773	106.73338803988003
141.14996535198748	1.078094799534862	103.32958909600544
142.3256397896514	1.058949111935733	101.49457789529099
139.78454780637853	1.1253317276638404	107.85699464126058
142.87435026564927	1.0597435866108966	101.57072402062917
142.79404411966954	1.0711004315636152	102.65921653807547
141.87955489604482	1.053986537419163	101.01894181405143
141.82074223286273	1.0663742783556445	102.20624016791294
142.2552339934818	1.0603703709476142	101.63079792877971
142.2077940964261	1.1328846069237033	108.58089750281793
142.10260116175346	1.0678948024944277	102.35197423001844
140.7758689255883	1.0914885931566847	104.61331218972293
141.43371138508647	1.0575808519038643	101.36343752903517
140.92475195272553	1.118436285369355	107.19610357747679
142.31930371040465	1.0810237948190098	103.61031754336062
142.16233102310764	1.0538759747296271	101.00834497480871
141.03827544664742	1.0616040508887403	101.74903951704037
141.47625145236165	1.133105656899959	108.60208395434894
141.8773642139574	1.0467838775828833	100.32860560094458
140.48236989748918	1.0739700527610763	102.93425429850502
141.1065841397334	1.045500322649427	100.20558376287116
141.19781249356473	1.0762442418682971	103.15222309501266
140.92301827082628	1.1143945017816816	106.80872035523188
140.96005727123253	1.1147901547399572	106.84664156366448
141.38938297766148	1.1031457513976803	105.73058812092015
141.02429785031498	1.0901384695046368	104.48391009794481
140.51136049405608	1.0600850644462183	101.60345283485255
142.15698678958196	1.1127368719213666	106.64984544700164
141.16109475043274	1.0998664843848132	105.41628801194842
142.93885652249736	1.0690384377351305	102.46158551795762
141.57208727472457	1.1091878950036036	106.30969509400681
141.64107567223778	1.043989820405549	100.06081024549974
142.84558217289558	1.0570218804019693	101.30986311643981
140.524046793076	1.0963488702706596	105.07914361502655
141.55632032863434	1.1153759847426679	106.90279021913179
142.82717516712478	1.0545909457144693	101.07687109895956
140.87878788501655	1.0474041017016347	100.38805074748055
141.95906705383229	1.1319087426097527	108.4873661560222
142.78984239373503	1.0669010421240919	102.25672764245397
142.01674061737486	1.047138752737818	100.36261847620898
139.8054661284156	1.1255855532572694	107.88132245944726
142.05024758635955	1.0460312205225326	100.2564674691126
140.24118061167803	1.0894719931147387	104.42003191994039
141.0776243338332	1.0417580385776606	99.84690595867157
142.3956988795345	1.0842822004755541	103.92261820351045
140.9507107304543	1.089449301407265	104.41785704180337
141.67399566979591	1.049933869240747	100.63051536231559
141.66388591548673	1.057345911885919	101.34091979170171
141.4236439253949	1.0671484780552	102.2804430458675
143.27964333785732	1.0556533519035152	101.17869701910547
140.73772389693164	1.0819331096537101	103.69747048043911
141.84744663737675	1.066958753843354	102.2622590004013
142.99765950902682	1.0761662810842936	103.14475097309892
141.37065924953583	1.0445053965705062	100.1102254484074
142.39396395579706	1.0851568037976034	104.00644422876198
141.1502811198343	1.0411459779893273	99.78824324262692
141.4575030687382	1.1305155901490902	108.35383998432519
141.64230836496438	1.070376623247666	102.58984340326062
141.23906496176633	1.104094491136898	105.82151972308974
141.16283736509126	1.048494457347755	100.49255547278925
141.7956218275456	1.1021431928369896	105.63449827412232
142.60854913082764	1.050536799728683	100.68830300733416
140.28209019444967	1.0783823447684524	103.35714876037468
140.7384901624406	1.125172087025068	107.84169394449953
140.77571770926372	1.0754404169755718	103.07518080160183
140.25625184957872	1.1274235469046536	108.0574842667644
142.44934729079267	1.049719892310178	100.61000682417846
141.32450092401018	1.1279962760156201	108.11237727220792
141.49914369869836	1.1315989135894502	108.45767071052734
142.18637688027925	1.0474394704991314	100.3914406565254
140.82221817306956	1.0399997459718417	99.67838306759725
142.7300456567797	1.0613270030865931	101.72248597502515
140.43628998018386	1.071486236413282	102.69619385825595
141.90901777250932	1.0961826374147106	105.06321108969865
141.15937398305368	1.0413739145651961	99.81008973769826
142.07135499333225	1.0803333171136227	103.5441389683333
140.8978005027435	1.0431065559990658	99.97615410188006
141.67472260182794	1.0447350144454741	100.13223308695622
142.652673216756	1.0689143206892915	102.44968956655157
142.80444852660005	1.0505598033539076	100.69050778111028
139.83591277628733	1.134247607613434	108.71153378941186
141.17124640613903	1.0953697531760453	104.98530050669599
140.44510552805718	1.1096797582373141	106.35683753997044
139.98228412897424	1.1323654535256162	108.53113944135129
140.91837015502594	1.1254750319755302	107.87072958891916
142.2979442858653	1.0668916867865945	102.25583098366306
141.15571484299738	1.0411932102960135	99.79277020523173
140.16148160130692	1.1215140496076814	107.49109072908706
141.5057491572245	1.081173524579987	103.62466833578064
140.98794542506542	1.0842072262620364	103.91543232831754
142.03585583131812	1.1201123196547238	107.3567424508789
139.8238419240117	1.1323441316696075	108.52909585611083
142.71316438052227	1.0501682949129323	100.65298380237385
139.9635506132576	1.114164781474957	106.78670289914999
143.13945617794013	1.0564043021480602	101.25067156182088
140.71494671323407	1.08258356083384	103.75981272826262
141.45189101558978	1.0513429605284983	100.76556918487826
141.4237096469921	1.0439408036923983	100.05611225713089
141.38083542803062	1.082329763599218	103.73548762811508
142.65483498875946	1.086829763051823	104.1667883769644
141.30028666529074	1.0488672537204773	100.5282860004075
142.35667398344808	1.059442351494525	101.54185225461251
140.19617683860483	1.0909984769181678	104.56633718385417
141.98870420667544	1.1066086897489555	106.06249213998827
140.84048304788502	1.0694967368410264	102.50551102276081
142.0435508460756	1.0480915640783075	100.45394031946552
143.0194545166607	1.05492684564832	101.10906530132205
141.2610748610552	1.1280391948276958	108.11649080955007
141.17309834398972	1.1274693752671743	108.06187666887065
142.2381770038334	1.0474756103628826	100.39490446812437
142.891792361749	1.0516338120523423	100.79344573938877
142.16329973413582	1.0829349353793154	103.79349008893482
141.23226879215179	1.091153601152113	104.58120500749946
141.8143558597943	1.1405829811223458	109.31874527186034
140.57183633657712	1.0740146181181727	102.93852564833315
140.69178166413758	1.0590618431766665	101.50538257852381
142.5733470312154	1.0788265771494652	103.39972604524145
142.76827540288187	1.0729279093445558	102.83437045614292
142.3125551634501	1.0650144077472274	102.07590388278098
141.0649607966982	1.056559460542708	101.2655426595858
143.1061305223518	1.0671045792891092	102.27623558520268
142.4430830761984	1.0656915953689894	102.14080867476008
142.4018780007101	1.0578500258133172	101.38923640077736
140.5972664509031	1.0993050728412124	105.36247973447688
142.5688967827809	1.0539163655374622	101.01221621653872
140.91446999652965	1.0400857935112977	99.68663026153469
141.39933341728525	1.089442593973658	104.41721417036126
141.92487507120111	1.057737604599007	101.37846143192922
142.72860197884847	1.0703023697257055	102.58272660247796
142.9516763536267	1.0518390688375647	100.81311849848692
140.50763366885806	1.1018200419260746	105.60352599705053
141.91231722381465	1.0485293849509636	100.4959030957341
141.64725047856362	1.043803087912446	100.04291294018712
141.14398794753654	1.0422366644282488	99.89277967264678
141.1481361186961	1.042374522330097	99.90599261121002
141.6308742248382	1.0501475003078131	100.65099075129586
141.7304447350095	1.0694061820344534	102.49683183150798
141.5767030252484	1.1210158903303735	107.44334484120151
141.8574206387934	1.137635303176404	109.03622619183794
141.8347114361155	1.1178427768932673	107.13921898162714
142.65402431173206	1.065761981391373	102.14755479650572
139.73940897486563	1.1248170030263211	107.80766105267877
141.39240400446192	1.0660054245447461	102.17088751364444
142.3046235842209	1.052285611259121	100.85591718831758
143.1677486360973	1.0527580819112543	100.90120095962035
140.17200589847315	1.1242602883883448	107.75430294835377
142.48450618062122	1.051444888588925	100.77533844135347
141.5385712003652	1.1352591413336055	108.80848385698212
142.16990311937826	1.1351406153896038	108.79712378262114
142.25752140051202	1.0633256879525137	101.91404917152428
143.22992316807	1.0596368132994978	101.56049037290354
142.0145987127474	1.0579047120314051	101.39447778070674
142.62809057806874	1.0874130516413187	104.22269345164149
142.13127663394914	1.051185426598689	100.7504704048425
141.7238947064401	1.0595143419674995	101.54875215431935
142.697270152038	1.0579377301205337	101.39764238699541
143.32601339721452	1.0555484232394408	101.16864017090633
141.41915317345436	1.1242912891353418	107.75727420324735
142.52123102425767	1.0723270502811342	102.77678134602499
140.85359404356421	1.0572719405562794	101.33383003753552
140.56145954525343	1.1282134702167153	108.13319416842415
142.62007944219252	1.050025414637461	100.63928949630656
141.88736698506324	1.0871039376631741	104.19306653909236
141.67283921106272	1.0438864381423296	100.0509016115068
139.754429439565	1.1205270846079722	107.39649544125515
142.02529816125448	1.0599940316040657	101.59472782646006
142.53380508615945	1.0981977258660078	105.25634648164608
141.0524963029574	1.0406225489615424	99.73807538504587
140.8649988469887	1.1008413283091765	105.50972155988936
142.30417677696713	1.0729639763919254	102.83782728868324
140.91232504867088	1.121480570164512	107.4878819044945
142.8001667157306	1.0612621217035354	101.7162674433578
141.22098042380674	1.099534961180627	105.3845132955885
142.97879074112694	1.0665386034723188	102.2219898466902
140.70432258610165	1.0692575711300116	102.48258827547026
142.09576315015516	1.0553889930934761	101.15335964874896
140.77006904965873	1.0737290234773362	102.91115293779008
141.06868884301383	1.108690363005733	106.26200932748215
142.7447107199937	1.0939202217254058	104.84637071198689
142.40602028742344	1.0608091929707304	101.67285665993623
142.85674550333277	1.0786370632762545	103.38156215960238
140.9300400816007	1.076115205278006	103.1398556317257
141.22708779624745	1.1224477203744625	107.58057805128179
141.09987272417925	1.0413320167413216	99.80607405658483
140.92555380245457	1.0911965994593698	104.58532616402724
142.6824520250772	1.076108210764212	103.13918524519141
142.0534463836483	1.0565183920598775	101.2616064663517
142.11460079255983	1.0574899745094617	101.35472741947356
140.8182611846809	1.040811568023792	99.75619184571516
141.11805127628784	1.1338411144781262	108.67257360830364
140.27524989663777	1.1298386399685534	108.28895794981067
141.92507443043706	1.0668506843936185	102.25190112478609
140.66905911046177	1.128124723232568	108.12468824722927
140.43854197130554	1.0602456220473009	101.61884141752012
142.19420934774902	1.0930090721830759	104.75904192804825
141.50098698616222	1.1051876867625718	105.9262966451667
140.59566321657243	1.1219768302932385	107.53544576920117
141.83353980167297	1.0533722350888526	100.9600642390932
141.84356599912212	1.0783126036266024	103.35046444696034
141.27725345420527	1.1067648063302682	106.0774550747924
142.31043248889688	1.0547542853056249	101.0925263204155
140.5154635640385	1.0742131493848692	102.95755380264696
140.6570016531561	1.064076247081574	101.98598622792368
141.11880207044038	1.0494302264232065	100.5822439065864
140.68954988247114	1.0641930508110722	101.9971812372857
140.6418991792187	1.1061672289094158	106.02018049246776
140.94875925381587	1.0404321240116308	99.71982417760428
142.38280610834357	1.0841058127789671	103.90571239131489
141.6695682447998	1.0645686659176725	102.03318192538848
140.24067867513432	1.115348591166714	106.90016469218519
141.24144331283247	1.0707086395611616	102.62166538149619
143.07849255564943	1.0694287313617534	102.498993063271
141.957016572974	1.0908617378590697	104.55323148035195
140.68241320634465	1.0432912317596894	99.99385428044455
142.06317746681	1.1379453425198578	109.06594179567584
141.3655829480399	1.0514602831650834	100.77681392869414
141.4884255813266	1.0598760016086683	101.58341528610582
140.95865842335184	1.0409749735201181	99.77185338382732
142.88292895329445	1.0846987762215625	103.96254474863522
141.624459602815	1.0572849548289311	101.33507738558512
143.05417899528362	1.0544623354923743	101.06454450077139
141.9380789957194	1.0453536286100975	100.19152392804652
141.38700789012333	1.0715912620079895	102.70625999673501
142.5903992599785	1.0588537957224269	101.48544234880717
140.84656211082162	1.040592666822039	99.73521134266527
140.74283976621487	1.1306692724569356	108.36856960710774
142.34874567148705	1.0736645940620229	102.90497772480056
141.74368001255837	1.0862878864149956	104.11485241525837
141.13343955369646	1.0956716334356484	105.01423410622216
141.67044928991066	1.0461829485179266	100.27100978155597
141.39512966720827	1.0888413517154605	104.35958833308469
142.23180880838046	1.0678004150838958	102.34292770428591
140.951014300851	1.104576720556732	105.86773881979902
142.03988638812518	1.0731050405057687	102.85134752542487
140.85099751418048	1.0946295539444584	104.9143563907592
140.43232244694437	1.1368077053515055	108.95690539071693
141.88561855259886	1.0503474018206516	100.67015023633391
141.92942732782822	1.0473353142515784	100.38145784029619
140.56376052252142	1.0934238375638226	104.79879495939788
142.19795337585495	1.050731802202133	100.70699294579133
141.12142450517203	1.0496853806324142	100.60669906545087
141.5368911032475	1.0481924657237238	100.4636111995815
143.0504291766319	1.0591900497373612	101.51767048793744
140.59038046166376	1.0540174278076702	101.02190249167722
141.39398027155025	1.125569302922327	107.87976495222897
141.84531279773137	1.0532227174503492	100.94573377747163
142.31226468618374	1.0959829239895862	105.04406963185659
141.87965447503962	1.0884472046124407	104.32181145278066
142.21332279592153	1.0643866217842917	102.01573397414364
142.61056249809582	1.0508627132150012	100.71954006240264
141.66453560310163	1.0645868274045978	102.03492260624711
142.0645328771855	1.0464450438676758	100.29613021141542
141.72605589041768	1.069798724298783	102.53445489665354
140.46099267483595	1.114040940542656	106.7748334117418
140.31723703932101	1.0860451425465631	104.09158672082083
141.16877364037342	1.0936253378160217	104.81810767500644
141.6621571311086	1.1300527941774956	108.30948347912658
140.4072703264646	1.1292938766526057	108.23674531543406
141.91052353229597	1.0827180280292688	103.77270068584903
140.7592488570108	1.0622299041239702	101.8090241841203
142.14315043267308	1.0649378309246826	102.06856440613083
142.6792749521259	1.0556772032773785	101.18098304502985
141.10299444456655	1.0970377445512771	105.14516851041212
141.1639047490799	1.0884160044451918	104.31882108452831
141.8164771843618	1.049881527330087	100.62549867164672
141.20340443741054	1.0566668368589482	101.27583410208284
141.66525137142924	1.0746971429945749	103.00394198746851
141.28180675759245	1.0433334672374137	99.99790232386376
140.28809764167286	1.0841717905932753	103.91203601002158
141.82017869294393	1.1265148791544002	107.97039334925049
141.53868101279363	1.125443460285611	107.86770361221672
141.00854416762564	1.064725443669331	102.04820822981482
141.31691620311162	1.1328709800274361	108.57959143808917
140.37782930947938	1.120807761101708	107.42339677384588
141.95328161369562	1.048083324958591	100.45315064414643
142.71839608808253	1.052102263123977	100.838344255516
141.63209563645663	1.0875751377939635	104.23822853775651
140.39704746478276	1.1020577372456106	105.62630781522485
142.71302908606322	1.0504182404537161	100.6769397383794
140.3634261546029	1.1172152218234128	107.07907120285003
142.65944036991786	1.05772091986329	101.37686228973266
141.3101522145725	1.041944557830724	99.86478282607308
140.3399086130063	1.0880883278102993	104.28741504115031
142.0637218480016	1.0472739255014105	100.37557405870973
142.36782522970432	1.0478963160517778	100.43522684606612
140.312102932338	1.083166480761702	103.81568246870458
141.71315647712535	1.0746162210414585	102.99618605341895
142.63641831310528	1.0496787439408632	100.60606297425441
140.80420901744344	1.1205970002939332	107.40319648378389
141.55104758737863	1.0609413073117346	101.6855191090785
142.5994957459804	1.0507711807978344	100.71076717243146
141.5018428235422	1.0477929696566624	100.42532164983808
142.26839098570744	1.0479535476373094	100.44071218577729
141.69975380507307	1.1046522283477505	105.87497583552606
142.4174975730211	1.0482223778273014	100.46647811385752
141.1985972868411	1.074440230721832	102.97931832766818
141.51986302987868	1.087460595532951	104.22725027798784
141.5493121104042	1.0926044228751843	104.72025846788272
142.46271915869917	1.048395775698353	100.48309736735324
142.76231531310796	1.0838480838662194	103.8810104609616
140.9546573002804	1.0717394710389725	102.72046503536279
141.31168194701547	1.0920949626227225	104.6714294422995
142.53690424726378	1.0847470379419748	103.96717037501003
141.1064209657233	1.0422763963868134	99.89658776721714
142.17586148340123	1.050271587388858	100.66288383073751
140.75935683060533	1.0437723830047645	100.03997003990105
141.6229083467121	1.0538411287982494	101.00500517966967
142.61686189864685	1.055884468892204	101.20084833964299
141.78485549068552	1.0624642729997122	101.8314871805449
141.44461391147007	1.0511433224778748	100.74643495127675
142.48877963101316	1.103466248105197	105.76130600686915
140.98544988653762	1.0402464231229405	99.7020257460272
141.77659751937372	1.113123838311228	106.6869340945636
141.55513390856112	1.1324039070254224	108.53482500252457
141.69563239986994	1.0543297206934992	101.05183408543338
140.1076168395567	1.089901408442102	104.46118906989334
142.2947501949091	1.0588727673840614	101.487260680555
142.54730375597876	1.0536832854786577	100.98987674628698
143.0034477346628	1.07645572254338	103.17249238048502
140.7178053920376	1.1062672672121128	106.02976862582673
142.06365518872366	1.0623766235003098	101.8230864473611
141.515439627292	1.0582533112437895	101.4278891406265
142.5694474203515	1.08877360418388	104.35309509649409
142.72160984025135	1.0528884569804358	100.91369670891133
141.42748879781053	1.0731960250985	102.86006790936982
142.827378641749	1.0504686199103324	100.68176833838126
142.760159496682	1.0571486278882047	101.32201118141269
141.5400427089197	1.0561958156148072	101.23068924874194
140.6202987976214	1.0684292141846137	102.40319471673152
143.1948056509194	1.0607319178939993	101.66545025937717
141.21372897129962	1.0476655530736185	100.41310945553417
142.67298908442132	1.0947167926023014	104.9227177469888
141.7193080460036	1.0758870405237255	103.1179872669806
142.68854769508022	1.0546924680462488	101.08660146852573
140.8930357923871	1.0443112331401547	100.09161592771929
141.9014565215417	1.1427319939017218	109.52471659047796
140.50492734040165	1.113557791326407	106.72852615749237
141.5367812951376	1.0568218108812792	101.29068752875266
142.27052280828158	1.0770410507995627	103.2285929462458
140.25900812659475	1.0845399047664934	103.94731777399582
142.81486672456884	1.0778062196301808	103.30193026397606
142.331652640447	1.0554238975656653	101.15670505470999
141.1859223309881	1.043553422923475	100.01898389356417
140.85834390263577	1.0801162915215556	103.5233382323857
141.57541716193046	1.1365321869913327	108.93049843749041
141.01587205859022	1.111002288578363	106.48359496127193
141.06392830052204	1.0560889485090412	101.22044661133062
140.6949408409689	1.0908810706279228	104.55508442228484
142.09022679649	1.0595042989088583	101.547789581155
142.69597406951775	1.049667925164261	100.6050260526949
142.6659945850919	1.065073118397245	102.0815309828695
141.36672069082508	1.066390776620966	102.2078214379248
140.86913296553962	1.044932054920161	100.15111835687263
141.27445836441424	1.0459302214982513	100.24678725575603
141.24007956438345	1.0967114549161263	105.11389540350079
142.0178726498421	1.1191184813581014	107.26148839449893
142.33062436267588	1.0770511799303406	103.2295637689616
141.45117859725522	1.0734734636578627	102.88665890336283
142.96600823132164	1.051923517434401	100.82121244237254
141.59190534674187	1.057210221703675	101.32791461740563
140.3415460071956	1.0716494560013332	102.71183757805966
141.85927856844987	1.0484714739826948	100.49035264084094
141.28395799556253	1.0461071194942955	100.26374197741042
142.67944393954897	1.0524786804599868	100.87442183299369
141.25182003531688	1.1397404740182324	109.23799549650101
140.346255167844	1.096817458652986	105.12405529164519
141.48477300137301	1.080867020612536	103.59529157872117
141.44897565089548	1.102160741921303	105.6361802594838
141.9421893994644	1.0536972832457048	100.99121835698567
140.70374021624949	1.0887215007745696	104.34810126489702
140.68309232969577	1.1029514801531886	105.71196826682647
142.3972435787107	1.075475132797718	103.07850812647071
142.32959610880772	1.0853096634568296	104.02109500509816
142.51151104669708	1.098982678373049	105.33157995837507
141.82746105569655	1.0880650907246707	104.28518789144991
142.4838780969231	1.0536495217758632	100.98664067693797
140.7419654957934	1.0394322866864179	99.62399514659359
141.0131796026115	1.0846617879480114	103.95899962151927
141.90692529310147	1.0497214901489953	100.61015996843673
142.07523317547904	1.055473588396883	101.16146765367048
142.93439144322434	1.0696079905269968	102.51617409029598
142.46753985549202	1.111393475491482	106.52108812329233
142.16095036797034	1.117061734397112	107.06436025841555
142.29590048783825	1.0473913329476077	100.38682693107086
142.34885748546424	1.0563038334249315	101.24104217497813
141.92972639734685	1.1168622667591097	107.0452423579474
142.80835788308477	1.072478462724758	102.79129341452807
142.32911552008738	1.1048324196316381	105.89224620111064
142.68320689553607	1.0495932693340333	100.59787069282824
142.4228621288353	1.0827612809157359	103.77684624242512
140.59609360968838	1.0529487309843746	100.91947364806627
140.72765568515584	1.105364623029841	105.9432550349122
143.24879975238792	1.0530160247513853	100.92592339376297
140.52292948840977	1.0582465708207789	101.42724310732744
140.66141912891632	1.0567163559283768	101.28058023859947
141.35071830997086	1.084164746878082	103.91136090779779
140.4079133474516	1.109165047806935	106.30750531306661
141.40847571800083	1.0705267859425194	102.60423569006457
140.4153515911493	1.0759633827029804	103.1253042543332
140.12190027836832	1.1032988642890833	105.74526316819873
141.67553766070841	1.076045853384664	103.13320862568766
142.21413655373414	1.0564695376128441	101.25692403031765
141.273508509331	1.0715234249477081	102.69975817929988
140.24346609170064	1.0730572804093907	102.84676997701628
142.4201517706244	1.110799792293321	106.46418678127154
140.63590047066106	1.0728924433215572	102.83097122855652
142.85251508893097	1.0577735625123506	101.38190780456002
142.64142697116904	1.052758248178514	100.9012168954431
140.80606798463876	1.1073495548770103	106.13350007852065
141.71054396714052	1.059374719095094	101.53537005281929
142.8656940753029	1.0516424961044923	100.794278059089
141.1540378341172	1.0417522798400531	99.84635401463943
141.53823078352087	1.0436918591688698	100.0322522632463
140.45143400191412	1.0834011971030315	103.83817876783722
141.10767198118927	1.0919085729777351	104.65356499713512
141.33941172668608	1.0827785315552978	103.77849962346205
140.30190054015677	1.1115583802848084	106.5368933609595
142.0434842168858	1.1092936528869064	106.31983141840989
141.58360554587784	1.062288247722734	101.81461610431994
141.45498194388443	1.0430691870260587	99.97257248676844
142.37999750579192	1.1007075229754397	105.49689703818696
142.0245100440199	1.0609650823603654	101.68779781963977
141.77411379958843	1.1014427079706752	105.56736056653347
142.14556564136586	1.1356906674526033	108.84984331496251
141.78804647538468	1.1029484002258902	105.71167307235719
141.6004485798192	1.0480452441049828	100.44950079910734
141.50952413491018	1.0608607177642586	101.67779503432207
141.9884269258422	1.0461568743833247	100.26851071596766
140.19582474682716	1.1338114703983935	108.66973238267187
141.8735694970647	1.0477217337148466	100.41849406788529
140.89029630464174	1.0460215412369975	100.25553976164427
140.83225269622844	1.0993318391296842	105.36504513929157
140.95566568094102	1.0497790932665039	100.61568091748998
142.44216425022273	1.1056172437843543	105.9674673757678
142.6644404039344	1.0976386782047127	105.20276476958178
141.84317905923353	1.0456836781740773	100.22315740391716
141.16857756770426	1.0521518028912447	100.84309237580922
140.7657061160273	1.1347931057118579	108.76381684873753
141.4504990701258	1.0651323707519214	102.08721000243652
140.74102648278128	1.1133717644632732	106.7106964830178
141.91130964753765	1.0580810993563896	101.41138355728617
140.82239116381865	1.0804804790687716	103.55824365037302
141.29347051446416	1.105630405915426	105.96872889525184
142.99896462940126	1.075255136801985	103.05742269330501
141.3243369758582	1.0776383011079127	103.28583617659612
141.1079983386188	1.1327757656587476	108.57046565286427
142.6193031600415	1.0559626617717834	101.20834270666958
142.000351552465	1.0461970463675738	100.27236098463368
142.50853711823808	1.086821762836414	104.16602159933848
141.62875058744214	1.1212176795878261	107.46268525640949
140.87629819645798	1.047245813864403	100.37287970947247
141.434270144778	1.044215197721009	100.08241144922326
142.4992575105551	1.0608302688073576	101.67487666554196
141.23239968802415	1.043758313957821	100.03862159740763
141.72968382438233	1.0569487108849123	101.30285021169793
141.57876927498106	1.0836304003178021	103.86014666343597
141.56655998066574	1.0608339894015597	101.67523326448877
142.2071253487766	1.067308496962689	102.29577999765091
142.02594198564017	1.0763858500052377	103.16579547344267
141.64146088511504	1.0442007496541406	100.08102667970819
141.23399228429756	1.0438172612684444	100.04427138014255
142.3196501039907	1.0481512369214254	100.45965964058851
140.7633736253484	1.1031616339600228	105.73211037911243
142.57947248047685	1.0500406465242875	100.64074939074965
142.10413568886594	1.0834817124508151	103.84589573095215
142.64090919566738	1.0827679667879004	103.7774870473189
141.82779260250518	1.0456006733052794	100.21520183360037
141.15604154013252	1.0717014325159493	102.71681924748263
141.73434873881703	1.1136974229242076	106.74190909527462
141.7173787004646	1.0604898219655452	101.64224666650226
142.32815435830972	1.0663454494946027	102.20347707660889
140.7311410055292	1.1299527256657789	108.29989245039553
143.06406644537955	1.0534534222714749	100.96784559396463
142.7223992191147	1.0631970252664291	101.90171754494484
143.08028905276822	1.0589768642936412	101.49723780955856
142.83134658740912	1.0505100035855368	100.68573474110947
141.47547285738247	1.1209793059043816	107.43983842070242
140.76040418740092	1.041827151712771	99.85353008101703
143.12867486832917	1.0526809226883707	100.89380566302958
141.25488658133122	1.12077143604728	107.41991521271642
141.19731110485927	1.0851228404847728	104.0031890278644
140.68323246748363	1.137824421532876	109.05435216932452
139.94744604316548	1.1217465268117148	107.51337241895081
142.05526802333637	1.1266317953026712	107.98159913334733
140.2474499240188	1.1120849520916698	106.58736243701479
140.7986325595797	1.0487898387403238	100.52086619085775
141.23293418336755	1.0818744060246046	103.69184405326727
141.4159222955896	1.0728489082769408	102.82679862863911
142.38853576397375	1.0608428605550135	101.67608351684282
143.15169800912193	1.05370297267659	100.99176365834117
142.03340214410508	1.0774083144137971	103.26379318871531
140.42514956185175	1.0649849201719286	102.0730776572576
142.26658292334278	1.1222992709336181	107.56634997066162
140.40805266981553	1.0788344739009863	103.40048290641009
141.97929979912206	1.10569818311768	105.97522497561694
142.05690089764963	1.1022091010025636	105.64081521737236
141.64962816835757	1.0448024772029751	100.13869902948267
141.62769430741682	1.0840402136238871	103.899425065059
143.19733670817797	1.064397899962241	102.01681492685185
141.12019488031007	1.0792520782716186	103.44050803967366
142.14607763791622	1.062710835673139	101.85511888690557
142.29550960824915	1.0617678326226403	101.76473711550074
141.66234432113706	1.082313950724463	103.73397204910333
142.74588413824696	1.0500209587114144	100.63886241975669
141.89757121996615	1.098543397349951	105.28947723453855
143.1092593944302	1.0625967274673984	101.8441822290006
141.46139464350486	1.0670618630601727	102.27214146436502
142.653900459621	1.097490512086717	105.18856384393308
142.24116624429067	1.0678007413713546	102.34295897718424
142.4648491689288	1.0585819034853747	101.45938293998235
139.87339397588258	1.1343119900523762	108.71770449996882
141.55927552799324	1.0450383124987102	100.16130257437794
141.65457108005063	1.0677698839654257	102.34000146076121
142.01611912153393	1.0472542498446862	100.37368825281827
142.3296072853517	1.063123884458539	101.8947073918222
141.82573705162946	1.046552545586215	100.30643367304845
141.12453679931141	1.095329819094541	104.98147303972875
141.3650797246702	1.0585028959863505	101.45181049606256
141.508613283177	1.0476472310715386	100.41135339016112
142.64955459859416	1.088676150120469	104.34375464857396
142.7290305657453	1.0629830476217303	101.88120893836218
141.79298245692314	1.110298261172929	106.41611772035841
141.29752294369482	1.1293135030693933	108.23862640194238
140.57155672467493	1.102653580530493	105.68341618994205
142.25814627367942	1.0472474071648306	100.37303241875051
142.62669527479102	1.050563044315298	100.69081840983134
141.19594866310987	1.053237475181705	100.94714822666259
140.68010641628965	1.057083074698524	101.31572826069312
142.05515694561922	1.0477713600398548	100.42325048427247
141.168686496862	1.1266233210539418	107.98078692217678
142.1460553770742	1.0861787888491696	104.10439600024456
141.49969228836568	1.0886379469838934	104.34009308337002
143.37084262097292	1.0549953558203937	101.11563163290285
141.90823169738388	1.0472616679610676	100.3743992393826
141.926569652932	1.134857905359936	108.77002754654663
142.1366511666791	1.0864446999525006	104.12988214956566
142.37498498580993	1.0628776949617176	101.87111145243239
140.87012867191245	1.0401912350802411	99.69673626890739
140.19365890603288	1.1297467767326443	108.28015335264203
140.7328244110237	1.0991230481853334	105.34503365004585
141.32771442611713	1.1209694433398507	107.43889314692792
141.02084482780674	1.0585316659487076	101.45456794224442
140.91859767436208	1.0543179549691104	101.05070640402074
142.34323359303116	1.06817542543143	102.37887042948427
142.31280095339514	1.1115713029558767	106.53813192948992
140.01980495549444	1.0970837775243176	105.1495805233364
143.38718188498433	1.054309368005829	101.04988338976649
141.40837716848813	1.0746373203408635	102.99820830780573
142.75755234294013	1.0506960458853862	100.70356589511024
143.26544635879912	1.053077426305001	100.93180840249106
141.84802157520258	1.0986725011772895	105.30185114213498
142.44083086612068	1.0625543754003826	101.84012301112477
141.25275852946086	1.0522101944577493	100.84868889345888
142.72043707517838	1.069036440809687	102.4613941233923
140.49762532312585	1.0806442851083597	103.57394357840288
140.86651392641133	1.0398259128219982	99.66172209497003
141.399924600625	1.0877276566322054	104.25284664823413
142.0397753486345	1.0629352064958253	101.87662362370916
140.3542939277658	1.065630716561375	102.13497376842517
142.486267105949	1.0612644816414138	101.7164936307129
141.60098739613875	1.125780665767341	107.90002294432287
141.4688059965731	1.0497755718253143	100.61534340628846
141.38375739408355	1.0519871284151814	100.82730921281322
142.66032997377965	1.063257969000541	101.9075586741354
142.01190205636786	1.0805543757941727	103.56532625412412
141.31539722386827	1.0974672666590133	105.18633589468963
142.83529228307358	1.0507918436234327	100.71274759315101
141.48807456994436	1.0577060486252705	101.37543696153837
141.33801226627028	1.0524659794316913	100.87320450773116
141.03485396697354	1.041386526585243	99.8112985319988
141.45514636082618	1.1087405582877623	106.26682027534024
140.7805676764495	1.1001101902619572	105.43964590974781
141.06562378006865	1.0747430213282165	103.00833917903799
141.01800007795288	1.1122131569292457	106.59965018127674
141.7548558114941	1.0594157531093191	101.53930294242295
142.14900503559528	1.1250167518049996	107.8268058989689
141.73653248123816	1.1268001105732655	107.99773124692082
140.32301357253036	1.081611954020009	103.66668943995869
142.42949312909732	1.0590931749015438	101.50838555586739
141.33402185202482	1.113591855006982	106.73179097809853
140.88575972077354	1.0594559611993568	101.54315667163463
141.2677661255295	1.0420417976417686	99.87410273905601
141.48656086431194	1.057312421220668	101.33770989153298
141.76137722450522	1.0446202137920855	100.1212300616678
143.09207047413236	1.0652924775702173	102.10255537999805
142.08853712256385	1.0465112978637492	100.30248030065914
142.13536032946791	1.1109799582313429	106.48145471759116
141.2668164087709	1.097575836300686	105.19674171101227
142.42031976319063	1.071604137690099	102.70749406162643
141.12540740863162	1.0597767554412232	101.57390307465106
141.99115544391645	1.0975308215624404	105.19242729041753
141.2228452676611	1.087898208448668	104.26919312270209
142.3383146712341	1.0483354275020358	100.4773133172578
140.9315681160359	1.0698669612805847	102.54099504441584
143.16616495037698	1.052659485048257	100.8917509805053
140.19700906585592	1.1280379241226588	108.11636901930548
142.10598163926667	1.122147228200056	107.55177749225732
141.77055955837773	1.093084604097524	104.7662812558763
142.1410803580406	1.0468816248359736	100.33797414951883
141.27041888665826	1.0684330735489318	102.40356461604773
141.24040686032396	1.0541190878700402	101.03164606197986
139.80743462997074	1.1237984385496194	107.71003712490285
142.97225723804365	1.0638113490393697	101.96059717506385
142.8863246810941	1.0518242858994429	100.81170163336297
141.35244625412219	1.045808882235673	100.23515753993806
140.50585091125023	1.0622414512882015	101.81013091771716
141.63116031830378	1.078389273913533	103.35781288166929
141.43854323899305	1.0437545026168997	100.03825630087574
141.16370869710786	1.044297089558897	100.09026034151265
142.3080529800112	1.076615893507968	103.18784390612372
140.2542862300489	1.1082571543994773	106.22048861214564
140.2987461553446	1.108746316057719	106.26737212662826
142.3039868852496	1.0507700335354544	100.71065721350173
141.11920467522881	1.046715916431755	100.32209189006906
140.79247329235025	1.0961973867444708	105.06462473364185
142.6236347653415	1.071384216662124	102.68641581371719
142.79319696484222	1.0787299251329292	103.39046246920132
140.65582732097377	1.0846132521084482	103.95434772229791
141.87988682688518	1.093993428344615	104.85338717277057
142.5662673027805	1.0906417440182818	104.53214625372618
142.69902837766273	1.0530430242223565	100.9285111478663
142.09340622485377	1.1129353457077988	106.66886809214121
140.96551209590288	1.0851130583762816	104.00225146536866
143.08762363215195	1.0657356984033075	102.14503571343603
141.15658604049824	1.0575434896913256	101.35985656187809
142.87895628933444	1.0651248307365124	102.08648733250588
140.560169326786	1.116835238814106	107.04265187476118
141.15584552157384	1.1169695766269883	107.05552743172628
142.664147593382	1.0622050533954075	101.80664237542202
141.0173269184104	1.0969618336139033	105.13789285527483
142.31516954463478	1.1118820664845115	106.56791694258311
140.74347659074797	1.1015939251781395	105.58185392270052
141.29766494904976	1.0433845039718024	100.0027939204056
141.1523935534188	1.0797316965790276	103.48647687529818
141.8411780803085	1.0470615180012748	100.35521594204
140.84609695880445	1.0395392856293588	99.63425041988918
140.98297618074943	1.0810357141392395	103.61145994610867
141.27572486840631	1.058967355569832	101.49632644951448
142.00795169271086	1.074992098006678	103.03221183926223
142.3957436526628	1.04792990849067	100.43844650069107
140.79328367587632	1.0887040023805934	104.34642413793178
141.56371418077458	1.1190399068710555	107.25395745244876
141.14541417955547	1.1388488443967921	109.15253759201153
141.75625711860064	1.1297700268257636	108.28238174904048
142.07828928699985	1.0497828849985065	100.61604433461247
140.70322256023076	1.0513031386484013	100.76175247181254
141.94608964559347	1.0774307972616206	103.265948048778
141.9045118664872	1.0689673491650318	102.45477206079141
143.21801260608333	1.0553309322367623	101.14779482785437
140.77280149006313	1.0412418739043918	99.79743435040692
140.63860356412468	1.1019404500920398	105.6150664722651
141.25545407846522	1.044503072641221	100.1100027122823
141.08962800093954	1.0589765125668296	101.49720409843508
141.8966746596235	1.1380319388343543	109.07424158674988
142.46055562223398	1.0582211782509972	101.42480936606205
140.3132045794093	1.1074624369038013	106.14431921376709
141.06431955952095	1.1278316380072502	108.0965976044442
142.78113526969108	1.0510712438998897	100.73952660717843
141.8654722215068	1.1275616451835861	108.07072024417855
141.90210963941095	1.0661526346495398	102.18499681056869
141.11043521360563	1.0682283366365004	102.38394168396103
141.94288742996304	1.0453968468111727	100.19566616021432
139.96643875245502	1.1041165122718022	105.82363033045198
140.93285777281474	1.054435392104389	101.06196212192069
141.5240124183518	1.1237307524472957	107.70354977597619
142.54159832088166	1.0883624041437887	104.31368378387369
141.36400765853867	1.1031378229541002	105.7298282222381
140.8536805970332	1.0396181246283283	99.64180671398482
142.2734919047785	1.0524715436083203	100.87373780413978
140.16095917884218	1.1031747875621347	105.73337108114156
140.13441909985335	1.1146707535940714	106.83519760590926
141.34662837271614	1.0846241438342938	103.95539163565013
140.75705704689813	1.0429522752721205	99.96136712384477
143.33215489179568	1.0547296547681553	101.0901656158494
141.26609594708023	1.0587574982558154	101.47621275447072
141.6297958887624	1.075566448942888	103.08726028793399
140.67580574133422	1.0712528504391634	102.67382506766643
140.7176759386623	1.0495456996881856	100.59331139807882
139.9466287497871	1.1098465165726543	106.37282042967225
143.09258228850214	1.0540926304431595	101.02911025988777
141.08386498216143	1.0532307168955422	100.94650048127646
141.258859208384	1.0762246981226664	103.15034993209015
140.96569646498386	1.0571682227690984	101.32388924537514
142.20453961922985	1.079480856422269	103.46243519516226
141.4738718446784	1.1134618923517217	106.71933475646414
142.23832199965705	1.0479280556591064	100.43826891674928
141.56053896178028	1.0896209899104685	104.43431246158293
141.62430557501477	1.0732566365936198	102.86587719523959
142.51405868507877	1.0993167164056215	105.36359570751237
142.64988108610035	1.0776940325733264	103.29117773786086
142.42801450884258	1.048238360916589	100.46801000701689
140.47750766176927	1.0896538937077618	104.4374661136138
141.8803294051512	1.1261731430930033	107.9376397854464
141.1364546896419	1.055834835488773	101.19609124482704
143.19331216921702	1.0590196722651346	101.50134072342695
140.96953584624663	1.0609952537238365	101.69068958258241
141.8600859070346	1.0539810558467597	101.01841643481364
142.6744872467792	1.056242044209675	101.2351200109664
140.89092431526558	1.094227744987613	104.8758451629675
141.42628381723338	1.0509795767238723	100.73074080129608
142.2513289370075	1.0918970824037015	104.65246368740439
140.78345197117315	1.039192300451044	99.60099375645555
141.46187700264542	1.124071630342711	107.7362210891857
142.27888366744006	1.0771391848650376	103.23799856870701
142.57141403954603	1.0883558187131093	104.31305260575613
140.97301759347303	1.0401594248871984	99.6936874329631
142.79652920234702	1.0505271037734254	100.68737370216257
142.57079594972421	1.0603588390310825	101.62969265659288
140.61437819255747	1.0706638703962963	102.6173744977894
140.50040639953957	1.0663250149666097	102.20151853698712
142.9982836921102	1.075052236584713	103.03797579857255
143.0108600665742	1.062892289497664	101.87251026022095
140.67122525526685	1.1196541547077539	107.3128298044873
140.67564406951038	1.0759028008508746	103.11949780958692
142.34203735032952	1.093589576685168	104.81468016291909
141.5618353911971	1.0539949674089166	101.01974978323716
142.23648170319666	1.0506320135598561	100.69742874104108
142.22932200286075	1.1053614704852375	105.9429528804647
142.66480078884584	1.066172291811377	102.18688084382468
142.53219944740545	1.0511101966168008	100.74326001562667
141.01543778092307	1.0408971701798915	99.76439635205293
142.18506231968632	1.0570835859151542	101.31577725805806
141.42165041519274	1.0952095463834772	104.96994554713808
142.09094937395085	1.118181535587089	107.1716871807599
140.15391236429696	1.0899777455304491	104.46850556930983
141.37311007928352	1.0914310318601552	104.60779524898564
141.57721957887486	1.0550338814515083	101.11932410747413
143.30147911183454	1.0559379903938066	101.20597808776049
143.05865647891866	1.0594161110757552	101.53933725158087
141.9407933710523	1.0480854459578137	100.45335393051629
141.05980941337543	1.1340813690293492	108.69560071507294
141.63795006588862	1.0565575002929624	101.2653547801889
142.6365421157181	1.054647339810551	101.08227616981053
141.57962657638032	1.089796112065434	104.45109697841949
141.1858024641258	1.0633737700028445	101.91865757748793
141.7851756831138	1.1239017823855142	107.71994207584336
140.60261454691613	1.0681928845658386	102.3805437936311
140.64894352370771	1.0753128520805593	103.06295439239328
142.32553920987783	1.052362420719157	100.86327896202027
141.14917049766166	1.0935184163783667	104.80785983017572
140.8193098620614	1.0727621813523203	102.81848631928705
142.33074730767294	1.0482131805059898	100.46559660006827
142.48538102643133	1.0729330878327175	102.83486678638596
140.8098293770715	1.0959940691921826	105.04513783959227
141.4043258723599	1.0428082705887027	99.9475650493223
142.81429038156898	1.0601750278514899	101.6120753434709
141.03755854426979	1.0829712119040888	103.79696699875785
142.07095497078652	1.1220576743073647	107.54319423321765
142.95206180083682	1.061859832104086	101.77355477107142
140.26593157227273	1.1013080762124403	105.554456836487
141.83584994029542	1.0669988569283388	102.26610266544334
142.8405839218827	1.0550697220539897	101.12275923648966
141.12097835431504	1.0433158039504193	99.99620939278942
140.29467249665927	1.1097923745097915	106.367631204095
140.22060554509284	1.080932498257219	103.60156725885895
141.9364282926594	1.079299884399746	103.44508999997788
140.35189607265428	1.0688565278666378	102.44415043528029
142.5878471859665	1.0653410481714292	102.10721061093648
142.3896325406712	1.0581373170663033	101.41677172247148
140.5426903467702	1.0657837614757355	102.14964230046978
141.4873177108466	1.0494989066503346	100.58882653702969
141.0800487365879	1.1297560488665828	108.28104203681926
141.34724074650134	1.0553249947231749	101.14722574910591
142.55725634914774	1.050436145851549	100.67865587447567
140.49763606055774	1.0662025557937147	102.1897814837876
141.10637745275122	1.0706766988907528	102.618604039998
142.06562167924824	1.1360394930218318	108.88327636996854
141.62038904377636	1.092594250241467	104.71928347564409
141.8364026226059	1.0764103817726105	103.16814671142612
141.60649688501607	1.050114057691197	100.6477854563304
142.0188715258087	1.1301807901814118	108.32175120780526
140.44974990164468	1.1327611163087707	108.56906159144567
140.52486330167702	1.084420702345819	103.93589286298351
142.12682616591175	1.071607291788145	102.707796364963
142.16470273232093	1.0488316660324428	100.52487511188167
141.49195778377978	1.0696167785286057	102.51701637299284
140.46412567930716	1.1235468907715267	107.68592762306726
140.96114167841242	1.0417024493067164	99.84157802598207
142.4676295478768	1.062053305559378	101.7920981613604
142.30759496715802	1.1122926306768959	106.60726731262007
142.33790105956808	1.0950861325368584	104.95811699359587
141.55314562578948	1.066712040371076	102.23861284078164
141.81322894673315	1.0535285202756455	100.97504333382594
143.35139710458446	1.0540973843364372	101.02956589499443
142.49608247184648	1.0782612105050995	103.34553869263009
141.98549894502463	1.0514273242399885	100.77365499295993
142.15310148928918	1.0484990194488881	100.49299272565023
141.37109688808343	1.049679653113105	100.60615011352472
141.29576429839724	1.0787086545609197	103.38842379925643
141.73701777166247	1.064137537323674	101.99186056804159
140.6230978885755	1.0709141952535233	102.64136678923624
142.02912794272135	1.0472490799584118	100.37319274701984
142.45797745336588	1.0769553161242875	103.22037573865765
142.0761999954083	1.0564256979437912	101.2527222337861
141.83928773440238	1.0811835333239257	103.62562762006529
142.9402165366535	1.0519198973535822	100.82086547709301
141.40477478208663	1.0424971403559966	99.91774488961582
140.41330434997113	1.0747010918406006	103.00432046312521
141.4613727182105	1.0932630695022163	104.78338620522088
141.50030671663265	1.0429506897788878	99.96121516284437
141.6177928779148	1.118360755390604	107.18886443517489
140.53604874329574	1.0696291417253698	102.51820131891976
140.94409772455782	1.051784851482405	100.80792205654791
141.32955081414488	1.0617751768429906	101.76544101952787
142.04910362764414	1.0459727742376435	100.25086570700003
142.10981834690418	1.048569925248303	100.4997886652292
140.4216760886941	1.080916661877587	103.60004942703111
143.0452708683505	1.0665943605168997	102.22733385958058
141.37193935406455	1.107898643368902	106.18612725775294
140.16715398419353	1.1059715015171891	106.0014210744441
142.14666755428397	1.0956444900171707	105.0116325555244
141.6594264468509	1.0806222670303878	103.57183326403117
141.23234514803207	1.0432470696514036	99.98962157984649
143.18140037966393	1.0528027566401243	100.90548279214485
141.90126833679912	1.0502775769943329	100.66345790221327
142.01778386194667	1.0803439594474813	103.54515897880464
141.70112034313675	1.0483777153641245	100.48136638143662
140.149467328659	1.1191445365651285	107.26398564598095
142.20604422803243	1.1130753838372456	106.68228999379564
140.317739783767	1.0765053555274355	103.1772494351061
142.86986919853308	1.0552733454700607	101.14227544593803
143.0290273660279	1.05466998167457	101.08444627072046
141.49557802679888	1.0430000282615597	99.96594399109149
142.19012024877074	1.0714675110945477	102.6943991371504
143.04222616552795	1.0599068355954069	101.58637055792539
142.20821764181034	1.1044473202906715	105.85533650014519
142.7729379357696	1.0625487052729208	101.83957955989857
141.78788084778733	1.0821711670519414	103.7202870019093
142.19025394633184	1.1021752752484164	105.63757320073486
140.72746146440326	1.1103109239453333	106.41733137899948
142.63442626468873	1.0594239437295212	101.54008796932438
141.55106955586595	1.1139280626957828	106.76401467711801
143.10369584846597	1.0525237799843883	100.87874437988552
141.35296027540156	1.046060459132027	100.25926983260241
140.20397687089533	1.120903092602431	107.4325337855464
140.90041047120764	1.0639247274837316	101.97146388926497
142.97423079630863	1.0769899087640213	103.22369125715471
142.37105816336066	1.0816667666117108	103.67194293211936
142.8513501006873	1.0674495119015268	102.3092955212327
142.2111714258349	1.0487424756088832	100.51632668940374
139.77739723016643	1.1181174180958515	107.1655418640157
143.18779471848188	1.064417758086873	102.01871822131105
142.32844493990055	1.0823120608107888	103.73379091104064
141.56234078894838	1.056081622992008	101.21974449991585
140.98314976983772	1.0402476528446831	99.70214360824343
140.90579331630408	1.0484305263812679	100.48642803343932
142.0723217292807	1.0806476952041224	103.574270417744
142.60057530603072	1.0988023095812731	105.31429257961395
142.5954588769528	1.051840304447337	100.81323692503912
141.12830230262037	1.131308654729112	108.42985095962682
141.01465609137108	1.0473730514681276	100.38507474957109
141.9698086726156	1.0533704638564816	100.95989447599521
139.8629136860126	1.1220852865273863	107.54584071602238
141.55650708276124	1.0448613940110816	100.14434588871538
142.2594072052714	1.0602527662730397	101.6195261531392
141.96039714561869	1.0802278870542077	103.534034064087
142.62043946177585	1.0559819146113274	101.21018798780801
139.77771454105488	1.1333841996077596	108.6287807750322
140.68456918741876	1.1374247787047973	109.01604855332677
142.5392063019941	1.07168475584481	102.71522087823249
141.73580455537302	1.0947127430000123	104.92232961438607
142.13658439831977	1.0917555930557896	104.63890269426399
142.40502386401238	1.0604516646137068	101.63858948951916
141.17272795046944	1.0860335295885288	104.09047368124175
142.57484178668548	1.0907535563866013	104.5428628679602
141.76218281126881	1.0448462622649701	100.14289559222135
141.71805120584952	1.05006956421939	100.64352099632073
140.77495083400174	1.0391655447219144	99.59842936369704
143.1836684941279	1.0544013225051776	101.05869673404504
141.82596912525673	1.1177022755623434	107.12575268460199
142.95866028289802	1.06652809046924	102.22098223187862
142.59871982862686	1.0509754085166836	100.73034130105152
141.05281140574738	1.0687152781287907	102.43061240747612
142.01849417004436	1.0686922169523903	102.42840211772928
142.61736813982154	1.0529892658170719	100.92335869380483
140.4026408329058	1.1020169576300969	105.62239930836968
142.41204409027767	1.060517662500295	101.64491503204594
143.36241781164324	1.0544763649898574	101.06588915266173
143.33003900705503	1.0536078969759624	100.98265116370425
142.1106079711776	1.1032191739874604	105.73762528132164
141.87911232540316	1.045281710942323	100.18463100632655
142.842336636713	1.0621384795153532	101.80026162701888
142.28074805269773	1.0472795666804626	100.37611473538651
142.41847188016393	1.0792408031182108	103.4394273768515
141.6999521709411	1.044513393915513	100.11099195092068
142.82987693564792	1.0514646152004128	100.77722913098499
141.79279472514818	1.0470975528956485	100.35866969288861
141.03046615325533	1.1106026399251165	106.4452907869632
141.06672152751088	1.040855421626657	99.76039497772767
142.51549530400698	1.054480789746361	101.06631324177853
142.65382164482392	1.052550345292085	100.88129052177369
141.31143063032738	1.1392753712488792	109.19341789714201
142.00452314850145	1.0457306590014297	100.22766026358015
143.0590883420454	1.0519507377755135	100.82382136569119
140.98767416437855	1.0676770065741077	102.33109966225024
142.8567794388052	1.0797839325109737	103.49148340847725
142.45770843574724	1.0482859958445645	100.47257555870719
141.8680494748296	1.047280419240614	100.3761964486924
141.5389665263476	1.0476620761825208	100.41277621421939
143.06541904316157	1.0522321111363961	100.85078948925054
142.71903881957294	1.051006824204245	100.73335232576686
142.92891838310032	1.0580841172297455	101.41167280421877
142.15265620432453	1.0591787186219015	101.51658446145355
141.992652872053	1.047874140592457	100.43310144753845
140.00923963102989	1.1210635536545321	107.44791311451327
141.05072524785595	1.0869633468333777	104.17959166408153
140.77128944798056	1.0977791210988541	105.21622546575557
141.0204105035621	1.0500403320899867	100.64071925391278
142.1987445650145	1.04725996588721	100.37423610475624
141.59237809627513	1.043486189618197	100.01253994279942
142.12532423326977	1.052263172977094	100.85376659964682
143.33210914182635	1.053472177496758	100.96964318145204
142.41392529766034	1.1167912824343222	107.03843889213371
139.972884599825	1.1289140190882097	108.20033801056533
142.38258230876073	1.0863625206275964	104.12200570319176
142.59258044543108	1.1046181246431457	105.87170717883187
140.5248310708065	1.0672478290487253	102.28996530433835
141.7718840876011	1.0629707165240923	101.88002706896388
142.31389585245955	1.0544900310004348	101.0671989662868
143.04464600508334	1.0523990446598184	100.86678916978792
140.85620153728615	1.1022767569192022	105.64729967316343
142.96936511718295	1.0597778354333574	101.57400658608948
141.28920001252092	1.071657914654628	102.71264829449166
141.08929089893658	1.0655521369304741	102.12744233336417
141.79107204652357	1.1096419111831974	106.35321010335537
141.21866855853247	1.1344455164115124	108.73050228345592
142.25010170453965	1.047704641311817	100.41685585296906
143.2468592116577	1.058617817621249	101.46282511677813
141.12399267681897	1.052936528562832	100.91830411157976
141.98243807882025	1.0889129531848794	104.3664509488926
140.22174777843145	1.121565831162779	107.49605371268859
142.50243277856936	1.0832473783656904	103.82343606902116
140.89560217807522	1.0622701919423865	101.81288555486833
142.5372074378143	1.0616470341293875	101.75315922951464
