149.72141249045643	1.1037889252223858	105.7922328733601
150.8671442320076	1.1168474313996353	107.0438204685187
148.11619006697725	1.136864258465796	108.9623257026081
150.61836901867403	1.1101450849619767	106.40143660424152
149.48288281059266	1.099089010786083	105.34177134836332
149.42853205769327	1.13065133401115	108.36685030354295
149.69074382728218	1.1411969119487257	109.3775872401646
147.3413138444847	1.1617077385796037	111.34343967605652
149.6358135562461	1.1044545554844565	105.85602995456233
147.9968675180488	1.1554965886642643	110.74813435704134
148.61951180881974	1.1120899631858991	106.58784272344958
148.8775819458694	1.1233735096135165	107.66930997142669
150.17767123690317	1.1128855982750137	106.66410006822487
149.73891909117526	1.1024502013224755	105.66392338652238
148.00130125946396	1.1697052091846254	112.1099542272637
147.7658859240088	1.1651039231929161	111.66894570830819
150.79357280945857	1.1152324047980848	106.88902885354261
150.56728999094045	1.130433355258664	108.3459582122948
149.097298406071	1.1019575424758878	105.61670468534288
150.40352462915578	1.107626332344295	106.16002771039301
148.74660915154317	1.0931408373705775	104.77167091270486
149.11978130353373	1.147863384173424	110.01653275404261
149.65833192721246	1.100339891921617	105.46166157860878
149.81688873301812	1.1035771464778528	105.7719350195338
148.01594681961456	1.140852239685108	109.34455225716701
149.13852388836867	1.0968883250257857	105.13084745239514
148.72377579686153	1.1396379714038165	109.22817117211558
149.96438429268505	1.1161896265275921	106.9807734088697
149.1722544350732	1.1105291340246386	106.4382456416793
147.99467662759093	1.1344177775502629	108.7278436627705
149.76548104630177	1.1088848720524065	106.28065197363617
148.28843505844802	1.1622511152662174	111.39551940946806
150.78090757034332	1.1109546480442318	106.47902887226175
148.58458598562885	1.1141669677680133	106.7869124435827
148.6945551687913	1.1092915766387732	106.3196324211913
149.42620891058115	1.101710179201348	105.5929962456707
148.78472885132516	1.1028337867973834	105.70068799156688
148.68572279243932	1.0920308575413058	104.66528531496988
149.07592007029777	1.15151498984567	110.36651952126995
150.269778440484	1.1058446280924192	105.98926093893994
148.70490188534606	1.1515312920456813	110.36808199947617
148.86082993536698	1.0941800990045556	104.87127855170704
150.12524838216626	1.1067454343250085	106.07559837226094
148.43167152830955	1.1090822067027164	106.29956543870411
150.14690727740546	1.1349420177541092	108.77808926721494
150.70040090629684	1.1224337681142114	107.5792408021648
149.80640257183208	1.1038310373824396	105.79626909744373
148.44748778783	1.1602133373016532	111.20020934968653
150.57365655187604	1.1239095553840828	107.72068707595697
148.49179028091416	1.1365956326956843	108.93657936707413
148.44384628634185	1.1602476742331247	111.20350035992172
150.18061048951498	1.130795225525882	108.38064153145544
150.1811873830598	1.1259628963340598	107.9174887642006
149.30721641974017	1.1012658149790504	105.55040632452575
150.50553824027148	1.1128766595582193	106.66324334028793
148.3428956617361	1.143223820700831	109.57185554438097
150.80835758836366	1.1164524308752326	107.00596179236439
148.97329533686428	1.0980000371288505	105.23739907925791
149.2715075611295	1.1365231554409359	108.92963281195189
149.01161274004167	1.145585984399514	109.79825623239813
150.12681162484995	1.1367858616005238	108.95481178464978
150.1507769286127	1.1530188365919654	110.51065514498792
147.49929792587656	1.1657869766810223	111.73441271203278
150.41104870273276	1.1173860681063492	107.09544590034604
150.2708527407101	1.1071389776019542	106.11331737908283
149.78446293632018	1.1091217931066675	106.30335958264749
148.65842492031766	1.0960038372141485	105.0460740519703
148.96735929017504	1.0947225310298025	104.92326774440649
149.36779320552426	1.097916185141236	105.22936231715794
149.7444493963875	1.144004240416854	109.64665457746588
150.23591474150942	1.1205957485617717	107.4030765119874
148.7113323339629	1.1264540581544586	107.96456398347014
149.62094025471208	1.1227147053191708	107.60616712252437
150.49366518914292	1.1368843596409413	108.96425229215198
148.25495246004976	1.1391840871051637	109.18466880284606
148.9168382613406	1.0939307914345353	104.84738376176851
149.4766826244114	1.1279242040963569	108.10546956631225
149.64101603901915	1.1346412721763954	108.74926442084613
150.18125606153782	1.1240766752102627	107.73670461261183
150.31248839226575	1.1066001333841344	106.0616720584319
147.82439033781444	1.1404229950918428	109.30341147115924
149.88187601141053	1.1026146751537627	105.67968731879557
149.90938323314904	1.114329307130845	106.80247179853252
149.4921784975303	1.1003762179625913	105.46514323429342
150.10422038565585	1.147857141018513	110.01593438121685
150.3312355490132	1.1063920951281703	106.0417327103205
148.97550836588658	1.104843863024195	105.89334298875053
147.40910452319656	1.1622227656420447	111.39280225044082
149.52797263329973	1.1212612856002653	107.46686465821108
149.59547775699252	1.1012366195939423	105.54760810386091
150.71180573707923	1.1267595784253106	107.9938464585004
148.89372069251812	1.0955915652597454	105.00656000212732
148.1392795689308	1.1525739983340362	110.4680197900768
147.47336230703888	1.160717101920146	111.24849247938202
149.9326187109134	1.1332511219440422	108.61602599658812
149.3971763035671	1.1304031065881168	108.34305903988464
148.9008077311274	1.1181518322488906	107.16884027552285
149.18682534000357	1.100668706334734	105.49317667191124
149.01890981260996	1.1320054399695976	108.49663407797465
150.26315436832135	1.1286388209509026	108.17396174897851
148.8033692530223	1.1360850810120737	108.88764573368447
148.2129815519545	1.1287258352683989	108.18230160339228
147.75218665320205	1.1502071755210885	110.24117255101169
149.45042850379284	1.1330592291603012	108.59763410516726
148.45650832684612	1.1210588320922266	107.44746057815642
148.74250199037724	1.131164476294995	108.41603223203418
148.88945065988128	1.0937182992632242	104.82701752982194
148.6592128173713	1.1010292502416292	105.52773286656745
147.36695340530247	1.1638852520582221	111.55214263343441
150.77851503213637	1.117377649364582	107.09463900921929
149.78273933131865	1.1040172741862022	105.8141188935986
148.5467889696121	1.105135373100377	105.92128266196129
149.25384084679237	1.1284481966870343	108.155691438366
149.28624128399574	1.1558412281805988	110.7811662013879
149.8418949711774	1.117163030954536	107.07406898872384
149.8148917614895	1.1104669462384293	106.43228527678508
149.1131413277793	1.1223463988574784	107.57086692873388
149.15214798541737	1.0998951789639855	105.4190382330574
148.71669852513847	1.093593224053048	104.81502974351672
148.54693295568327	1.1501891704070666	110.23944685765493
148.75469325117257	1.1134706883491485	106.72017780551715
149.72171051378905	1.1082196819765473	106.21689708191522
149.6466248134134	1.111546952998878	106.53579811705313
149.07432520604087	1.0955457505508082	105.00216890864364
150.40555761720668	1.1162637863803309	106.98788123196114
149.26604085907803	1.111229766315641	106.50539747913174
150.64673942961025	1.1181830479643688	107.1718321339894
149.41282370615485	1.1018161835474856	105.60315619221113
149.14652722179895	1.1741920602221676	112.53999477123466
149.59698930728646	1.0998015211939365	105.41006163944154
150.83627968101564	1.1129807758849206	106.6732223303182
149.34288243923703	1.1818573984160223	113.27467621686881
149.17718625100326	1.1039347879270236	105.80621302922502
150.9067466978743	1.1141395853128697	106.78428798250594
149.95547485569568	1.1578697018484336	110.97558449436166
149.82194282830648	1.1031361252249237	105.72966550402603
149.47084661255695	1.162500449685745	111.41941677278749
149.2619247040119	1.097931383099065	105.23081895968902
147.59671154151553	1.167813806705036	111.92867347058494
149.66110383992253	1.1014448686484735	105.5675676558814
149.4412786329801	1.119134450378388	107.2630189392202
150.07122499611947	1.1053155870886064	105.93855520363493
149.90596401686116	1.1379408493593424	109.06551115040234
148.2631967887093	1.1764215897787997	112.75368318997445
150.3354996501837	1.1334138537512182	108.63162296521796
150.13541078725925	1.1312069135629512	108.42009961596196
149.002619568584	1.1208602636729361	107.42842886296627
150.2239056694886	1.1319246030158885	108.4888862906612
150.70479763839845	1.1115560334457868	106.53666842905939
149.5703312100642	1.1046947191351475	105.87904834900446
148.64302510491365	1.151647127527582	110.37918420751271
149.18109222089817	1.0961899784490081	105.06391468835977
149.7787224557203	1.1339652799128392	108.68447419752303
150.62636090439395	1.1267147991484503	107.98955460561326
150.99333868753183	1.1140735804234143	106.777961768792
150.03113804757845	1.103659900306195	105.77986652897286
147.9366024512207	1.1466633177892385	109.90151284445827
149.2526384533492	1.1051969287555654	105.92718244049644
149.54035259429529	1.112645127052868	106.64105219471277
150.1955855336018	1.1058905909719916	105.99366623378222
148.6948706522107	1.1006031159969696	105.48689019074763
149.17741286504705	1.1371406834612152	108.98881955194756
150.71362083248357	1.1244348826626511	107.7710368706678
149.8949595274665	1.1395353116575795	109.2183317874901
148.4399311137575	1.1301754465309382	108.32123904764278
149.86399491431945	1.133925268559001	108.68063932441812
149.81812501346056	1.1691657595277973	112.05825087853958
148.72710445379784	1.1546289059741663	110.66497163714675
149.5002520823102	1.1170286472510758	107.06118903339362
150.4016853684406	1.1384709300886846	109.11631653780825
148.186216154134	1.1568121497335795	110.87422381112431
149.2791677665184	1.1066966374256566	106.0709214518627
150.6823178159073	1.110344727786341	106.4205712953804
148.4538711137869	1.1571329274937987	110.90496863446347
148.25205766250195	1.126558451973641	107.97456956966249
149.5271241191357	1.0997764716890361	105.4076607791002
147.71149075169876	1.1503216805684222	110.25214724404937
148.72117098304818	1.1169314775424974	107.05187583935512
150.32573030056682	1.112088885830813	106.58773946475802
149.6024422499368	1.1266972304012468	107.9878707356695
147.75593743258398	1.1699631333192884	112.1346748685878
148.52009631713022	1.1726684654611979	112.39396640650482
150.6394668711525	1.1114999182535732	106.53129008964434
150.3343956223213	1.1320890364570872	108.50464635176162
149.29719543372133	1.1044412465438072	105.85475436416974
148.87616801648372	1.1389309617597019	109.1604080996615
148.76329289941714	1.1153778311262454	106.9029671850688
149.88736202000922	1.126522386679812	107.97111290518959
148.5584930406809	1.1116252473952317	106.54330221391665
148.67538176762835	1.1161491900682654	106.97689779168971
149.6626183475616	1.121023842592716	107.44410702278385
148.95656307564977	1.0956202218590618	105.00930658307136
149.3225144859223	1.14717154543616	109.95022373142879
148.7609748674412	1.1023920519933332	105.65835008602129
149.59665190177554	1.1349967237985168	108.78333254739044
150.6854007104559	1.1096911194990888	106.35792645581652
149.29960341191034	1.0979393351918814	105.23158112502323
149.672301995539	1.1317765549265852	108.47469667742799
149.53994838882593	1.1422260710231333	109.47622660315831
150.1406920886517	1.110155383677906	106.40242368078214
148.42002267418457	1.1504368977342785	110.26319018981802
150.61152040637586	1.1094730322493722	106.33702396569227
150.37944269116886	1.1073238566092256	106.13103703774559
149.19792099072401	1.098255802012242	105.26191276795898
149.08405503103197	1.1683870833780396	111.9836189569052
148.57934487772877	1.1148445197097556	106.85185215367278
151.00258008053814	1.1132124195878343	106.69542413358177
147.60653992518263	1.1534510539422362	110.55208085376874
148.56404533206543	1.1545287671089473	110.65537386541081
148.89967053377757	1.11651906941526	107.01234873807822
150.5180540376065	1.1090172114597932	106.2933359941809
149.1873053657016	1.1403993156100194	109.30114192016254
149.43152686987392	1.1581522353839278	111.00266381441871
148.8369973957315	1.1190992714388592	107.25964722704063
149.52812078875647	1.0999874243443575	105.42787945671785
148.72390735828637	1.1027284416895442	105.69059122947232
148.55808712937187	1.1729293680225086	112.41897251400664
149.5166204740692	1.1656728230076907	111.72347169630368
150.04332316138525	1.112622737447065	106.63890627139634
150.42030403997404	1.1073198176922303	106.13064992927079
148.4816501132944	1.1366584157268707	108.9425967829985
149.82619592721358	1.1426529832264296	109.51714384212998
149.00801784238325	1.1010279693525584	105.52761010023796
148.61155079101715	1.1414505392846257	109.40189605643323
147.8973301399536	1.1465370701908257	109.88941269104508
150.16186696272413	1.105047795181343	105.91288878937091
149.2649716800799	1.16811338427983	111.95738637015478
149.0678800511566	1.1119148591909036	106.57105994714848
149.0576633053984	1.1557904116689015	110.77629571200679
148.36307310265153	1.1241372713177595	107.7425124236607
149.62492473485577	1.1272338588536241	108.03930368711802
148.72823600653257	1.0971602800239457	105.15691287653465
149.7357341590211	1.170235818471907	112.16081027410578
149.43229240251154	1.1672219848001246	111.87195052351304
150.73274141194355	1.1101602942226032	106.402894330085
149.50165170007483	1.131614181593315	108.45913406659432
149.22455459106448	1.1651612778041782	111.67444283937405
149.97747309445697	1.1400397371822764	109.26667826149122
149.179825731251	1.104284307188995	105.83971257095014
148.6507044704517	1.1170234276752067	107.06068876511475
149.46788865049191	1.176975242696267	112.80674784485302
148.3370268415344	1.1173159385287705	107.08872435745593
150.57076503252614	1.110677963463644	106.45251014307979
150.6781752055829	1.1102377260249952	106.41031575195586
148.96920094527562	1.1004040764137024	105.467813317024
149.2369310752931	1.1300422594036863	108.30847377770756
149.89953520892377	1.1427578564427625	109.52719537596127
149.86111088899654	1.1603469033144143	111.21301093376034
148.8487729777467	1.169716453026787	112.11103188907128
150.59304197317144	1.1222751897224021	107.56404191606293
148.67611749523516	1.126717766585498	107.98983901849692
147.8249803506347	1.1397964492154493	109.24336041814841
149.87639090815662	1.1550736869603997	110.7076015028738
149.86121971560104	1.1177744501872524	107.13267023428149
148.0094097243587	1.1350041704518847	108.78404626907148
149.65236971090886	1.1171000324855498	107.06803092424488
149.19913479618725	1.1034478852695366	105.75954602781698
149.19346629414844	1.1519204793221485	110.40538350707654
148.4422279621943	1.1540964498955582	110.61393858528712
149.95131430065265	1.11098188767177	106.48163964408057
149.0828452987968	1.1586631170810706	111.05162907783082
149.08929326497758	1.1424297790783873	109.49575092481723
148.69740776856446	1.0968884788592244	105.130862196503
149.370407282857	1.133697123447012	108.65877284228104
150.50956163897254	1.1227913549972934	107.61351358198985
150.06358693578272	1.1284192868272318	108.15292058376629
149.1780393940449	1.098208757985216	105.25740385094713
149.10477333094164	1.096742660774628	105.1168863172291
149.10839167349022	1.1084888893063392	106.2426991568172
148.2265080175025	1.1221787816510995	107.5548017208616
149.40329483895496	1.1511754289205438	110.33397443258063
148.55286307779025	1.0989469888089485	105.32815930557615
149.48319217724145	1.122124951199345	107.5496423615334
150.20475253229117	1.1145610690213112	106.82468492943744
149.42674604025098	1.1498481211408893	110.2067591194794
148.4585973488327	1.1095303095132998	106.34251368343205
149.27673449533756	1.1217379988082143	107.51255505567451
150.64927545852825	1.1110797149491236	106.49101586255011
149.05486054232563	1.0962226657819127	105.06704759344302
150.60336521546355	1.1115898869028482	106.53991310087223
149.53404754103772	1.113180966589738	106.6924095328523
148.64597850713037	1.1695926468124056	112.09916572918901
150.0732100862754	1.1181800571387555	107.17154547943747
148.5968925717736	1.1097894893039206	106.36735467262743
149.09490464648127	1.117787888963365	107.13395826870506
149.7347313070266	1.1017642314069531	105.598176858913
148.6767612696256	1.1140190012152003	106.7727306451836
147.47821509861592	1.1642558690079308	111.58766427507663
147.9198801080017	1.153555204757197	110.56206314931322
149.90708101293944	1.128804853638479	108.18987508924428
148.6645184541521	1.160994543492711	111.27508376217425
149.57203043810014	1.1271434373474292	108.03063727198958
150.88610404416642	1.1121625535457373	106.59480011908644
149.75875381728656	1.1518705763804165	110.40060057846387
149.7549432261969	1.145948993184787	109.83304867239198
149.9245355527145	1.1341858312828677	108.7056128603284
149.03066798936692	1.1352064258844314	108.80343136465537
149.66875821324513	1.1775639688093482	112.86317407692559
149.9159910831297	1.1256187551727272	107.88450468450105
147.64311057344548	1.1635415977786339	111.51920521873187
148.73106504936527	1.097114423080749	105.1525177351243
148.36567748353744	1.157213443643369	110.91268567442535
150.98083327783178	1.1127837143194264	106.65433503896134
149.52573691181726	1.1130019095431578	106.6752478778143
149.56964345167808	1.111276189985138	106.5098469382104
150.34835052213572	1.1099758308601075	106.3852145087389
149.67677959976172	1.1223865001556326	107.5747104225178
150.1588882073338	1.1048822037987838	105.8970177458179
149.6018753186574	1.1015971231290322	105.58216042909667
148.1889112231044	1.1618998571686854	111.36185320970502
147.48560985826091	1.1581242672306777	110.99998321732805
149.57973198370024	1.1209849631409765	107.44038063640834
148.02305259132856	1.144731464961692	109.71635513944899
149.027801065536	1.0948730657098753	104.93769568399337
148.35071793334566	1.1154386306732396	106.9087944946995
150.3542600335005	1.1334856420348152	108.63850348616027
150.60166763619472	1.1196777066171728	107.31508712835506
149.66525537678453	1.119875521262462	107.3340465983606
148.37626627079905	1.1766049035262156	112.77125282689721
149.90392082857994	1.1038554673802303	105.79861058136
149.72059971304375	1.100894687291304	105.5148357313891
149.5773849161546	1.099667499538716	105.39721638448817
149.3235720869681	1.1170655531533185	107.06472626566261
149.10583750969516	1.106395097378263	106.04202045984732
149.97485219022025	1.1252195430379919	107.84624234814423
149.18487863823802	1.1357960557811475	108.85994421952925
149.83793893011838	1.1084467078996458	106.23865629581555
148.1364329952153	1.1218988849246065	107.5279751247679
150.82432609814435	1.1138111373331174	106.75280800987102
148.92035750869852	1.1786808696722944	112.9702230185205
149.8120934857014	1.1017203585816544	105.5939718845336
147.97599506504778	1.1619748612403362	111.36904194663943
148.92029135412528	1.1253232920092047	107.85618612912636
149.56082520710038	1.1088572752611818	106.27800696959865
149.3134793627112	1.1320684592708123	108.50267413911071
149.4216705051254	1.112246551256844	106.60285084799952
149.4175354464417	1.129528982855835	108.25927898073334
147.8983840421338	1.1287187226391875	108.18161989613043
147.83115041108752	1.1650802129166313	111.66667320582796
149.99511499426274	1.1123003429023095	106.60800648795357
148.6281306384484	1.1780231436250896	112.90718351380836
147.34689604599	1.161775145295355	111.34990024728263
149.63520552647432	1.1591496181727832	111.09825759131878
149.58217364727278	1.1219703126532774	107.53482108845941
148.87035433471394	1.10152456670597	105.5752062861173
148.8474658490495	1.0933591749528646	104.79259739585983
150.35876192198336	1.107851068857952	106.18156749670965
148.39934338349747	1.1399610288071849	109.25913448699187
148.6250081988682	1.1348923148677021	108.77332551282939
149.5434786136794	1.1143142012450542	106.80102398061115
149.2778842611483	1.1770262833466185	112.81163981671884
149.25158305406129	1.1025505861401412	105.67354473147772
148.63551802476894	1.135832936495904	108.86347903771315
150.21536581079818	1.1132474315171312	106.69877983872873
150.8648013508063	1.1170508147000238	107.06331366417015
148.61258680108278	1.0964867803336358	105.09236155295343
149.21574558990375	1.1177826449341546	107.13345565670494
148.7642148869338	1.1179830378247577	107.15266223765934
149.8346086070467	1.1040787974723554	105.8200155697358
149.0088402581656	1.0961529682871072	105.06036746336319
148.04406865995296	1.1382759262014264	109.09762646384515
149.01723798295197	1.0969921011100667	105.14079383201906
149.89983482910253	1.120091263103114	107.3547242936384
148.4594721636516	1.122065448153411	107.5439393145574
149.31358643159368	1.0973525085721165	105.17533694917054
147.91197186587328	1.1399638034982076	109.25940042620553
150.19421139169356	1.1240151561028633	107.73080833698573
148.3312760830862	1.1270432276622342	108.02103271253979
148.54795396479435	1.1191325570946118	107.26283747815137
149.32714675435318	1.1510137933334956	110.31848253075512
148.54496956022183	1.1167513948067953	107.03461587753041
148.38502102591207	1.112027279521536	106.58183483130088
149.89299871405166	1.1547975020278654	110.6811306622709
149.4004367013653	1.1140745342983402	106.77805319257419
148.4792984306732	1.1267763159040425	107.99545065583129
149.6348272023969	1.1017640239949658	105.59815697958936
149.35929549437864	1.1326429897786274	108.55773979875516
149.44757982050328	1.1064959662638372	106.0516882001086
148.37351783003575	1.1049845174619606	105.90682396024313
149.38409761349686	1.1322991088426035	108.5247806602521
150.37210552544863	1.1206473637817798	107.40802355326507
149.19373302609645	1.1045831398019923	105.86835406993781
147.68665560667375	1.1477763211347431	110.00818822996528
148.97117520282762	1.129067134503098	108.21501329970641
150.0164699052074	1.108049353530955	106.200572016344
150.5439196146225	1.1136972652693156	106.74189398490101
149.34982184865274	1.1440764988310748	109.65358015790035
150.79596647244895	1.1106824425745405	106.45293944177286
148.64701553873027	1.158612180779918	111.04674710727457
150.94348716595056	1.1123297734300657	106.61082724577678
149.8350163838137	1.1394105450469392	109.2063735787909
148.65402615535788	1.1092472301209513	106.31538204593083
147.38341014628688	1.1636694239294294	111.5314566679023
148.98497166207343	1.1353485440477837	108.81705262637429
150.349372183522	1.1320701302749017	108.50283429586686
148.936979553792	1.1368397041077836	108.95997229943333
149.2087133679661	1.1234826510847802	107.67977059454061
148.94824633441843	1.106134598805713	106.01705307249576
148.26424856541686	1.1383277415725108	109.10259268852718
150.3819026005719	1.1089473841056254	106.28664341777953
149.41475664850518	1.1035311726950061	105.76752867967129
148.8149751261735	1.1777913774523892	112.88496997247432
149.2218983042999	1.1317553731616066	108.47266651915942
149.60776107096214	1.1138467319490235	106.75621956239608
149.86643020589554	1.153591264148487	110.56551924805947
150.78727455092144	1.1176041310721103	107.11634606298374
150.61419286261284	1.111002154228352	106.48358208454583
150.66957088087236	1.1125864661300215	106.63542986070621
149.37284727011436	1.1014045384420763	105.56370222247334
149.6864132116192	1.1123953142395808	106.61710897992404
149.91804864105805	1.1548035974180624	110.68171487264343
149.5005885235888	1.107631390416397	106.16051249940429
149.6604953516513	1.12446362322783	107.77379149928822
149.1947199524122	1.1279651007126674	108.10938928706464
149.74419183734946	1.1384345259870403	109.11282740042817
150.46382144673873	1.107852572226387	106.18171158648981
149.90043407756886	1.1162313017340848	106.9847677533042
147.90139168901348	1.1297299363235025	108.27853928998485
149.66238846253432	1.101716932277465	105.59364349170194
148.73377588294977	1.116319168931136	106.99318935163694
149.65170730784507	1.1137548376816406	106.74741199102755
149.5472383056532	1.1441522608618315	109.66084154113915
148.89931351441987	1.0972800282276887	105.16839009791916
149.37863959106755	1.15832453493554	111.01917779990235
148.38608946325047	1.1115703464842341	106.53804025682638
149.41030030855245	1.1070140139631672	106.1013402862953
149.44532254376915	1.101029402159295	105.52774742705877
150.2727810603632	1.1276318279776225	108.07744688757998
148.52875611785026	1.103664291343954	105.78028738632932
150.07697524064113	1.107972586145546	106.19321427526806
150.07130713541167	1.1232495373116609	107.65742789295311
149.55071538352635	1.1038997769722838	105.80285741748413
148.20229889763098	1.152290378501076	110.44083635424919
149.32102854511612	1.128073977736989	108.11982456436121
148.8946064928892	1.155971532709735	110.79365518979489
148.82868297175182	1.1007007767203267	105.49625044591227
149.58043343796504	1.1055534773429518	105.96135570526249
149.99522426133444	1.1052730984986032	105.93448290076492
148.27702819882597	1.1511517326621272	110.33170327363769
149.44258176738467	1.1205455336231425	107.3982636801499
149.423362265615	1.1584377762369908	111.03003136969294
148.57752377646827	1.1083717223802854	106.23146933701841
148.35915387158133	1.118936123445856	107.24401036923727
148.34389775286894	1.136949016790073	108.97044933220337
148.49116296911282	1.1325671022341834	108.5504663857044
150.12938976622124	1.1254789751524765	107.8711075212251
148.37713904322268	1.1651385832701429	111.6722676903263
149.0377434122679	1.129338129822765	108.24098674382303
149.4930126785052	1.1010014002177528	105.52506359154198
149.67181504141732	1.1291423629600106	108.22222354276154
149.7442460601399	1.1618941674054024	111.36130787649098
149.88646350497345	1.1035599314754518	105.7702850541271
148.77223721081987	1.1615471232016612	111.32804555578764
148.94779612220447	1.1283927613262827	108.15037825714082
149.3608501216032	1.107966896762044	106.19266897845395
149.34706199089166	1.1031430526166663	105.73032945727263
148.85037064648787	1.1077989261451306	106.1765698980824
149.6711657802594	1.1010068852257535	105.5255893000633
149.5044914875592	1.1623416649369445	111.40419810847767
148.84411243135068	1.1359654615846992	108.87618085482238
149.9379085889088	1.1274405141642985	108.05911048736016
149.95218729185478	1.110663969305812	106.45116887830498
150.36215946412295	1.11489839759798	106.85701605953153
148.36582073006144	1.139848960482118	109.24839334068004
149.7399627306936	1.1709477134329578	112.2290415779175
150.80095034485134	1.110740668449889	106.4585200788162
149.05002598138282	1.1299505077450933	108.29967987462466
149.66263187025936	1.155109069928582	110.71099277010266
148.99075164821068	1.1701957297245833	112.15696798325148
150.53251844256766	1.1124522052466674	106.6225616770227
148.3259294978221	1.1111357697916957	106.49638841777656
149.1686826450113	1.109487020336347	106.33836464860805
148.51005257936217	1.1349217954102178	108.77615106429832
148.72000019589578	1.093795753130641	104.83444106650678
149.30074057196927	1.0981727177090024	105.25394958427812
149.02484148286737	1.0968392454656457	105.12614344048035
148.92385065017325	1.0944623937371747	104.89833498379268
150.02643478399338	1.1069997093648547	106.09996926746982
148.41330644132674	1.144298285688895	109.67483723556676
149.4169179160824	1.0982378823102	105.26019526088119
149.1640718557572	1.1011931733411604	105.54344401416337
150.31644660846425	1.1065625000150072	106.05806510237397
148.10891059829686	1.1375558757605888	109.02861350115185
149.498394986803	1.1425739401058914	109.50956798407965
150.11238872926037	1.1053632179386321	105.94312036447569
149.45416440501705	1.1527435818140028	110.48427345469885
148.87203227439616	1.1501964779486735	110.24014724622175
148.30535723945405	1.142009179815606	109.45543874724619
147.76532248710475	1.15122704559056	110.33892161283377
150.19165564075468	1.1330365337566448	108.595458872771
148.5109156001813	1.1321672052644385	108.51213841159459
149.63265192169038	1.1219457388781662	107.53246582426011
148.83349981558626	1.1534553054966392	110.5524883423956
150.65190923831372	1.109771369701174	106.36561800614207
148.91486711028338	1.12367629495712	107.6983303183872
150.2709904740593	1.106026106274486	106.0066546467947
149.08740528137494	1.132212163118614	108.51644738015709
149.29850642293317	1.0983548758088917	105.27140845859991
148.77667728985335	1.161885952370623	111.36052050958361
149.08799027926932	1.127681019690717	108.08216164875235
147.81977317966073	1.1510819395495118	110.32501397910497
148.40166365781386	1.1717238838329043	112.3034333369071
149.31001318977042	1.138161835572535	109.08669149058663
149.48784646972993	1.0991083368949317	105.34362365197062
149.88763430208937	1.1136862319269891	106.74083649837065
147.58610853446046	1.1638413514206076	111.54793499339411
148.9638352460586	1.1551657018043204	110.71642063085508
150.21324837997574	1.1167274500576523	107.0323209020876
149.6334085250794	1.1571488771446612	110.90649732272963
149.91304804315905	1.1170730970787772	107.06544931035049
148.2190503160685	1.1275952574069494	108.07394179503866
149.84460057578173	1.1020665748063763	105.6271548479004
149.7173894352964	1.1060667873089483	106.01055370518623
149.21625271313897	1.1432338412046266	109.57281595578466
150.39972176119596	1.1109614494938242	106.47968075463048
149.45515892310908	1.16166765005172	111.33959740623436
148.98457399226737	1.1120349551980027	106.58257050361436
148.50125359335578	1.1514534672858576	110.36062291474862
149.06215351628262	1.0996627492439301	105.39676109427761
151.04271836801047	1.1130070083883172	106.67573657470385
149.5552307296497	1.1273004783102012	108.04568880378574
149.60564154139678	1.1021043121195193	105.63077176643328
150.59138666589723	1.114977666130496	106.86461352210777
149.46506538275736	1.1236658896517542	107.69733302582227
150.18098134848753	1.123348405165189	107.6669038450533
148.84993491133972	1.1193181164516988	107.28062234468537
149.16284597015405	1.1136095761541895	106.73348945476313
150.2558157457509	1.1245503185505992	107.78210077977278
148.95967574773556	1.1120340335406342	106.58248216771182
150.5131137440477	1.114890175252473	106.85622799193021
149.13263910304008	1.0960450065040939	105.05001990702429
149.2967807435691	1.1066467327517913	106.06613835723438
149.45315647733838	1.1133602254513606	106.70959053077684
150.41481139211928	1.129259851537991	108.23348419116782
148.9231493472102	1.1500310012261865	110.2242871922201
149.04225757612838	1.0950060035647606	104.95043706251269
150.51902553228646	1.1299308957445102	108.29780016983203
149.63679993907962	1.117413668703533	107.09809126916427
150.13575370316875	1.1353370890526817	108.81595472669285
149.57660259668938	1.1740768716509091	112.52895456610443
148.98605864963426	1.098411692066692	105.27685399138146
149.29121635817873	1.116306640615613	106.9919885799649
148.16213804316547	1.143841102807664	109.63101871489518
147.51260963248168	1.1690619043392447	112.0482969171966
147.475864844193	1.1635601072715507	111.52097925409342
149.87422705929922	1.1038127703881242	105.79451830426909
149.7144097062902	1.1734395008102876	112.46786599848346
148.2893966245749	1.1172314282185312	107.08062449867246
149.3393998724011	1.1517940754480684	110.393268375481
150.229668924655	1.1074258209119734	106.14080976785236
147.78625238453333	1.1415400555091713	109.4104757051837
150.39832518306284	1.1341516004187706	108.70233201608067
148.89927384583	1.1119550363783373	106.57491071451176
148.6693914205628	1.1451697825455205	109.75836552281238
149.80958067124826	1.1084640716592287	106.24032051879819
149.27705535630955	1.1429604394936281	109.54661187199927
150.6327391260396	1.1117224546076556	106.55261900249707
150.63142995581262	1.1261240275358442	107.93293232341088
148.7855986898328	1.1409971567444246	109.35844177801309
147.91225473231503	1.1447876176925593	109.7217370767421
147.3055623042262	1.1657884948281803	111.73455821827403
149.88499326004313	1.1262427557272099	107.94431178209415
148.98409679455975	1.1165500108948072	107.01531431250545
150.5988014344589	1.1107507180334533	106.45948327735934
147.91593219876202	1.1525538205987027	110.46608586265056
149.9009379994208	1.1291495777422886	108.2229150408455
149.49994255929602	1.121760290114772	107.51469155753688
148.86722327902115	1.1079640132689945	106.1923926111511
148.56743737712182	1.102526616279479	105.67124734923081
148.84341274339803	1.0967556148159594	105.11812789243055
149.84556594522613	1.16358705854101	111.52356238834102
150.24637295953065	1.1061439411449188	106.01794848547034
149.2785661173519	1.117114672447093	107.06943408583261
150.66509531009555	1.1285102383560897	108.16163779871677
150.93886065110962	1.11376873589417	106.74874405996104
149.56021853208154	1.1094739866777363	106.33711544251854
149.0785517583497	1.0996333667693856	105.39394494209635
148.06392206626512	1.1313572058160775	108.43450432022968
148.93829007128187	1.1005879601619741	105.4854375854636
149.2584504146852	1.0968751873491402	105.12958827673634
149.3711580294747	1.146016395526422	109.83950882438256
149.23655717827643	1.1300587271380003	108.31005212148654
149.24084388640765	1.1174426619161246	107.1008701126806
150.4535979949263	1.1304588612477955	108.34840282419493
148.70684798989686	1.0940638449123044	104.86013622211948
149.53042401641574	1.1420636494095113	109.46065936491256
148.83485921045633	1.1624638361522193	111.41590756248782
149.84740158407925	1.1585211967768572	111.03802677984638
149.25478943155252	1.1113490605165985	106.51683118679065
148.82926359689304	1.150304697502017	110.25051950846063
149.88197129415482	1.102582817773676	105.67663396022688
149.64821976865957	1.1245284626011736	107.7800060045504
148.929792448719	1.1607924041451516	111.25570979271215
148.30582524884747	1.170836457656372	112.21837831000809
149.97332342521003	1.1101789441875325	106.40468182893355
149.85784625639494	1.137583256031794	109.03123775290985
150.06759738137646	1.134051787394548	108.69276547445206
149.7022903613006	1.1061307741865254	106.01668650331348
147.34625044187536	1.1665857210300556	111.81096806265127
149.49213813445752	1.0991377717459663	105.34644482415678
148.62789447780068	1.165323365053516	111.68997803060121
150.00425370017888	1.1034607249121775	105.76077663851912
149.21601249593047	1.1384107549751594	109.11054907676767
150.51024150395122	1.1089482515365197	106.28672655636615
147.69539645391416	1.1534019681951169	110.54737624886525
149.28906307820768	1.0982823520146798	105.26445744292039
149.91081368706034	1.1332946047590982	108.62019359058301
149.4885863730071	1.1050537766994704	105.91346208571788
150.03235498933273	1.1177772508095634	107.1329386588697
149.61775301089827	1.160758641588995	111.2524738332622
149.5893107961708	1.1020928373377792	105.62967197030898
147.71917609701796	1.1469719569296393	109.93109424636312
148.76858807521833	1.1015400903619792	105.57669414506753
149.3231570750397	1.0974809496777507	105.18764733845536
149.53322581542815	1.1609636164208121	111.27211956864264
150.24411590364014	1.1268590216246286	108.00337755440064
147.63163921835167	1.1422886186391084	109.48222145580061
149.4561803505195	1.11305375233023	106.68021673017131
149.22026992921752	1.125329052016747	107.85673819487494
148.08565987189678	1.173223985127062	112.44720997917882
150.1709696257947	1.1237923640220489	107.7094549141009
150.05533489012052	1.10456319434171	105.86644240482617
149.2577021525784	1.121271522953996	107.46784585351493
150.24567105353543	1.1131091842842562	106.68552958488017
149.95561127618024	1.1376786436003161	109.0403801384074
148.70761068215072	1.0959640841051042	105.04226393024018
149.98989791151538	1.1196588734501898	107.31328207057483
149.48030038217107	1.0991594630171457	105.34852381585483
148.82556887560858	1.1232728351758332	107.65966086795011
148.7152385235802	1.0954797845420523	104.99584642143564
149.49517895440027	1.1103902677047817	106.42493605167267
149.80279022843254	1.1071826274104701	106.11750097850286
148.28215953177644	1.1747979527742636	112.5980663141745
149.36070269699968	1.1053353856312809	105.9404527874839
148.15123766434516	1.1404695197798465	109.30787061231854
149.20942052781302	1.101875951822187	105.60888465993823
148.86747428147999	1.103703246127147	105.78402099281958
148.89038922864825	1.1447237011450988	109.71561101937833
149.41306531791537	1.1175299363444606	107.10923489731961
147.92848471030834	1.1332284184583334	108.61384998957061
150.12257458652635	1.1233013349346805	107.66239241657857
148.67485625741307	1.126190219068705	107.93927642589158
149.38812128840647	1.1102440593086598	106.41092276313796
150.16354177326505	1.1050713681863167	105.91514813513412
148.90785654481294	1.122319768421154	107.56831454461698
150.83385497063009	1.1110396560127602	106.48717642891606
149.10382889996387	1.1638177692064402	111.54567476497918
150.4108273816151	1.120332222849974	107.37781898961732
150.49295793664618	1.1118214554393309	106.56210769983758
150.12959547769105	1.104947533994758	105.90327929378982
149.0487908867276	1.0970120434766781	105.14270520061898
148.26797548232892	1.1372227455323924	108.99668476018228
149.79158902007785	1.1702797648635042	112.16502229941928
148.20446369054326	1.1132057968038012	106.69478937534612
148.52723853603206	1.0988061171757735	105.31465751707152
148.80665279368387	1.101663902513815	105.5885608740229
150.207061865345	1.128175390502611	108.12954443260038
148.9412289884083	1.138391384844072	109.10869255386554
150.38222046758727	1.1095218470170052	106.34170259866917
148.5626309856219	1.0965482741111618	105.09825540084739
149.68880851421105	1.1716720076610636	112.29846128479954
149.96108220047734	1.1080987268170084	106.20530418030806
149.2032433809387	1.1143450396130579	106.8039796723514
150.4492907018601	1.1078118720356578	106.1778106920731
148.24485414746223	1.151890446230803	110.4025049967736
149.01077699232204	1.0981003384003658	105.24701241676401
149.4645679743082	1.1604581059446626	111.22366910787908
150.75588569694315	1.119218592039977	107.27108346501294
148.42600967779387	1.163285250414252	111.49463570236014
148.91619001804239	1.1799834646775273	113.09506974508601
150.42953433096412	1.132592605569096	108.55291074321194
148.4453211142958	1.1509801005167237	110.31525325545017
148.90404762640833	1.1058480227389829	105.9895862975584
149.24625311892308	1.1033599652892911	105.75111937049891
149.77653780406715	1.1600620780542583	111.18571196421817
149.7347855144735	1.1010139962138827	105.52627085003625
150.04808355157485	1.1270275903110547	108.01953395651887
150.50702267750344	1.1082478100158635	106.21959300322554
151.0264285362818	1.112905935761048	106.66604930689672
149.38868464100412	1.1120449971774191	106.58353297334082
149.43997554877205	1.180015638424346	113.09815342570472
149.62058910285702	1.1057853843808507	105.98358274776831
150.0386591917591	1.1198250442977398	107.32920865273113
149.38616304030128	1.1017862121863709	105.60028359841887
149.76531827476416	1.1013540616809818	105.5588642963605
149.4539493779244	1.108009747467003	106.19677598809521
147.86080966583825	1.15097725532425	110.31498055905156
148.48215966527525	1.1236478418939877	107.69560324529193
150.7275166903779	1.1100885440532755	106.39601746219046
149.28519821549767	1.097163519642226	105.15722337652582
150.20574222655148	1.1072613375182179	106.125044919068
150.99717015833406	1.1155293533168205	106.91748977222699
149.1723743897222	1.1045574354623873	105.86589044721138
150.33940544854588	1.1398622788012238	109.24966982994725
148.63610855825536	1.127324767278297	108.04801677076415
149.87707139288128	1.1219597156690624	107.53380542450755
149.44862789305748	1.1242806517010768	107.75625466237571
148.13935720594702	1.1211439303249109	107.45561678614466
149.8003460075315	1.1389825109319656	109.16534881061803
150.16950039789393	1.1049078044922933	105.89947143462342
148.16827583039233	1.1148340526722125	106.85084894441063
148.37511997564	1.166817396773251	111.83317293680354
149.99477353698947	1.104241886113059	105.83564673894038
148.3935042677789	1.1247811826608716	107.80422786327392
149.82808485772483	1.119550000090738	107.3028471445363
150.14760707421212	1.122672079736362	107.6020816896306
149.209994272036	1.1084312234218918	106.2371721918904
148.53694696032164	1.1044851857386928	105.85896569971713
150.0879445589578	1.1250245404860635	107.82755240216534
148.40150723002472	1.1564714780131096	110.84157225867457
149.2156788637232	1.120409198576878	107.38519669910522
150.52742323655283	1.1149812865714244	106.86496052190189
150.63159708096686	1.115354645244996	106.9007449430328
148.15338640592148	1.1481070189122966	110.0398838336212
149.58271326534333	1.172352264632358	112.36366025742598
149.38989185666773	1.1377956031616043	109.0515900834085
149.70226328387864	1.1021976780871976	105.6397203923611
148.5760433826685	1.1046360110178792	105.87342149166636
148.10741092796414	1.1496909295697921	110.19169315268516
149.67053005756102	1.101836675388541	105.6051202249817
150.7111914203165	1.1105874471537611	106.44383464152767
148.8720586992939	1.176042898627204	112.71738767950028
149.615686866099	1.1001320049725114	105.44173673244615
148.42320518119195	1.1374538816301623	109.01883791222245
148.68941582036325	1.1077756478572325	106.17433879936604
149.01335062965376	1.099826622453707	105.41246746020887
149.91787149529114	1.1032590206730117	105.74144437185676
150.28653051910447	1.1168901972496774	107.0479193452725
148.69594857544698	1.1296659630820884	108.27240779881052
149.65680409278647	1.103083800576725	105.72465046787124
149.34285564889842	1.1071348937731373	106.11292596605148
147.6626291396605	1.1508119147803846	110.29913355703846
148.12719613666533	1.1303656101927069	108.33946521202093
150.88982435197568	1.1149360173613934	106.86062171155494
148.87702693865984	1.0954644729637126	104.9943788889896
149.21945577081198	1.1010354956984305	105.52833146001699
149.5264507103961	1.1156066770840136	106.924900839505
149.32295626463548	1.1688577059624652	112.02872560085613
149.29296850639093	1.105242685510471	105.93156797939783
149.62462757087076	1.1047484859763825	105.88420161160643
148.38039584734912	1.1059373481327672	105.9981476562066
149.69345074643684	1.1203411141342272	107.37867117140024
148.66650170873575	1.1550469258500617	110.70503659435539
149.96423419044416	1.1087125307145793	106.26413398316853
148.85632624309258	1.1385059557983517	109.11967356372958
148.8406273333649	1.157122574020196	110.90397630969431
149.9408265631027	1.1201037726355951	107.3559232650569
149.10771320517088	1.148714690298928	110.09812586828562
150.64501170004388	1.1165376733699341	107.01413182709125
150.4666341532588	1.1156030804092636	106.9245561175713
147.9919059874862	1.138754558217015	109.14350076870251
149.32851245688914	1.1190658980579329	107.25644856794372
149.69564351135054	1.128867869355742	108.19591480687782
150.34434702240412	1.110007159768623	106.38821721614933
150.6642030588369	1.123090099447821	107.64214663107892
150.08750626400646	1.154438429384565	110.64671548031859
148.3217282476054	1.1467291687275385	109.90782430278185
149.2437954846892	1.1402705149689434	109.28879707133899
150.05989173483917	1.1225698741085075	107.59228582981005
149.70371195671243	1.1069636128898257	106.09650961444656
150.02854023201598	1.12079388983688	107.42206728770465
149.90061113032124	1.1028939625126883	105.70645551028483
150.853902899412	1.1114838737993165	106.52975231498266
148.95355663360974	1.1010775871981686	105.53236570392046
149.85051560300772	1.1374902046754252	109.02231928078425
148.04524303435622	1.1273689578498691	108.05225219941518
149.03806203968273	1.1149795880773976	106.86479773038305
148.68894267037493	1.117646930718471	107.12044817893293
150.09088950429506	1.1470179650995596	109.9355038820417
150.8165509598425	1.1116072618159576	106.54157839286042
150.4998230980727	1.1080006491532002	106.19590396364329
148.97024768519577	1.0963538134855604	105.07961739559273
148.41929230331272	1.1233121531197305	107.66342928144097
149.50778917101803	1.120029562433033	107.34881061620563
148.3089584711992	1.123356112350116	107.66764253728329
147.46501752079004	1.1688512692005442	112.02810867183962
148.55231322293287	1.1156979036733585	106.93364441752404
150.35354199833384	1.1364414104396277	108.92179799315909
149.99211029118626	1.1187196442509342	107.22326200251779
149.70914165290984	1.1153588440445388	106.90114737538997
148.7425151535805	1.0970954517454115	105.15069943465029
148.08907092533235	1.1258201874906748	107.9038108889769
150.495676089351	1.1144074335175698	106.80995979257654
147.396388181756	1.1602643430351371	111.20509797495836
150.1376740983197	1.104703346662028	105.87987525106156
149.26785854039258	1.102461830872816	105.66503801638478
150.22121007932253	1.1108909978896744	106.4729283472252
148.59372049223316	1.0962523665981072	105.06989425695953
148.21273519241603	1.1212058183624236	107.46154842173823
149.52927911749984	1.102540861523265	105.67261267924411
149.91281642608908	1.1333512721131547	108.62562485174143
148.57422245315075	1.1173985815313259	107.09664524483928
148.18410429577807	1.136336404689787	108.9117337567038
150.5132525060555	1.110213406921222	106.40798489663483
148.73172299927094	1.092371022501932	104.69788829721368
148.5718252587084	1.1124997620829953	106.62711974404853
148.0827788194191	1.1743224061826099	112.5524877306095
149.17102825613148	1.1441448434903028	109.66013062596492
148.43512909679728	1.1092824072952838	106.31875358892587
148.57601718157218	1.1269358871478805	108.01074470146108
148.89028347314738	1.171439252604038	112.27615296422066
149.01672052833214	1.1784017944221838	112.94347515652059
148.71819804993487	1.098881084446287	105.32184272681482
150.00227274990095	1.1036465784364131	105.77858969939244
149.744408729039	1.1024021938342081	105.65932212693154
147.825185574749	1.1474370945242494	109.97567518353573
147.80634830387135	1.1336668998186048	108.65587607002536
147.91132899587961	1.1708275332997198	112.21752295841358
149.43742326121966	1.1424375996734517	109.49650048679902
148.93545729796975	1.0940970408024284	104.86331786967745
150.4099697765044	1.108215559780706	106.21650199161088
149.79830929362757	1.1298255341888122	108.28770183129863
149.00064350803828	1.099278398137391	105.35992310755843
148.90562139943364	1.095537464247	105.0013747109831
148.63064978470013	1.0956402615131504	105.0112272761528
149.3114049696571	1.0986438804050305	105.29910799502173
150.0813707464807	1.1517256572424648	110.38671085839181
149.62780195851735	1.1052042725404114	105.92788630278285
148.7854800742076	1.1524265454828546	110.45388722721665
149.62826125647413	1.1030048856530168	105.71708689679768
148.9206353592899	1.1653283368713276	111.69045455260257
150.96805130033334	1.1132223656189448	106.69637740717907
150.9970433743335	1.1128736357180116	106.66295352146467
149.14777916032799	1.1062461369078733	106.0277433997933
150.67901205357268	1.1113128526096172	106.513360853614
148.3942732031711	1.160438227150768	111.22176383238222
149.62488421233934	1.1579927532549086	110.9873783099651
149.32812416332908	1.0975482484415133	105.19409756306386
150.69357669400208	1.1098348471603616	106.37170197925609
149.4524307880134	1.1590997428653824	111.09347731130818
148.54502191600673	1.0991983265676601	105.35224867818346
150.52066326070837	1.109261519004734	106.31675155860314
150.29799741423128	1.1194962994452504	107.29770022644078
149.27658743506916	1.098154328747819	105.25218710123507
148.6569148340238	1.1080771579624895	106.20323692158863
148.50839197779163	1.1462560888971618	109.8624821450203
149.08873483647133	1.0958619289667415	105.03247290956593
150.10368595055792	1.119182884113118	107.26766105224236
148.4276011659002	1.1697234362511653	112.11170119357577
148.7673630001094	1.1691759276321403	112.05922543666202
147.76502796676556	1.158863590549348	111.070843381722
147.5004928568462	1.171282182788739	112.26109866706494
148.14313574533261	1.156969144906331	110.88927095419325
149.0714413479854	1.1503672896833077	110.25651863244877
149.2761729959116	1.0984054204202336	105.27625288779413
149.49002586765707	1.1027583279490976	105.69345566673758
149.3334803280966	1.112230683347151	106.6013299941849
149.69238148722857	1.100988312250296	105.52380918024161
149.8582271136912	1.134236242856514	108.71044453857489
148.76251581465092	1.0939748117858628	104.85160287572442
149.61223007137812	1.1057007911320518	105.97547493976992
149.689715255364	1.1207195645399552	107.41494360767763
150.1291840560374	1.1259147014685524	107.91286954550891
149.56717572844641	1.1077402752794716	106.17094852800318
148.47395547016222	1.1315575903295034	108.45371009827669
149.6203730112325	1.1034481509040037	105.7595714874522
149.43317883035888	1.1304507234671963	108.34762286168531
148.48924189641406	1.1720736580612758	112.3369573157906
149.05519261131616	1.0961413586609425	105.05925474312589
149.54267013258536	1.103446736834162	105.75943595646204
149.9474406795625	1.1120894006773794	106.58778881003285
148.91118969288326	1.104390061072773	105.84984851202026
149.5780863214853	1.125037635712645	107.82880750921379
149.2227525649243	1.1534613055928207	110.55306341934916
148.1192548706111	1.1442470525165267	109.66992681150091
150.1570077496223	1.1193233242324339	107.28112148246406
149.23340592342055	1.1684667812061125	111.99125756515204
148.10539422938288	1.1362727812435938	108.90563579152034
150.51513972836793	1.1083303059265897	106.22749979264806
149.11429890630663	1.1135855911266708	106.73119061885461
147.82600648289076	1.1317337174852464	108.47059093903339
149.31600895517428	1.1312815679787016	108.4272548402586
149.163925280166	1.148028224071723	110.03233177187035
148.53790224704792	1.1253796344766638	107.8615862516515
149.1456881822437	1.1266813425443418	107.98634797002188
149.56372391642546	1.15896346520388	111.08041583028435
148.91380882055338	1.145447748483507	109.78500706321053
148.30657927700398	1.1702208898601572	112.15937944694797
148.64715993797873	1.1649450664658674	111.65372014527034
149.13044255322887	1.1287776549903217	108.18726824507877
149.0614892469045	1.1667943045275875	111.83095966923491
147.9695296484331	1.124397902103036	107.76749248289111
149.07856505021564	1.1052907160935839	105.93617145250543
147.8616442257958	1.1485167338793292	110.07915280997489
149.29880073357708	1.1615708546584054	111.33032008830098
148.85320966123044	1.1251974351918657	107.84412342997767
148.31337925689127	1.1576867053451372	110.95804526358178
149.32709319850937	1.114708021737076	106.83876955700734
149.2930353840643	1.0998337914602796	105.41315457093764
150.59888491246517	1.1264046796122367	107.95983131573058
150.46293473264637	1.107930523095523	106.18918275811679
149.2572612201021	1.1168916815577719	107.0480616082215
150.125316943885	1.1087089371520031	106.26378955951992
149.11469808038197	1.0982235944243253	105.258825843853
149.3706217801953	1.098145836210346	105.25137313718679
149.01880366227965	1.1247784004070844	107.80396119920998
150.63055256296454	1.1291463902234777	108.22260953430832
148.91115001065774	1.1037986379875406	105.79316378966993
150.27829117145552	1.1116352046354396	106.54425656184566
149.52317813543658	1.1834463855156567	113.4269720856133
149.20833977999746	1.172767565298722	112.40346459302353
148.11228508721936	1.1492374264800846	110.14822732024311
149.14508888086758	1.0970158604003384	105.14307103222636
149.64380003635918	1.1084719192865335	106.24107267167486
149.51701093565492	1.1042577175449815	105.83716409655688
148.83777615030795	1.1407470790355143	109.33447317440337
149.55389628076156	1.102326237696979	105.65204213963116
149.40855551589368	1.168988373895625	112.04124941958459
148.8430431026378	1.1505890824221288	110.27777627377748
149.2041505376912	1.1049517164860465	105.90368016308854
148.7058354759858	1.0970982852893183	105.15097101459641
148.44256728205875	1.16615033980167	111.76923911316685
149.64901727471673	1.1006007768157207	105.48666599280385
149.11827754903612	1.1022516249004455	105.64489090431269
148.8814143815379	1.1017887523268226	105.60052705722158
150.14019821673983	1.1049856501215876	105.90693251957751
149.669786142053	1.102347248713085	105.65405593253848
148.60064176397083	1.1307879761462152	108.3799467173978
148.66194433158043	1.094252246276328	104.87819347973549
148.18042503859797	1.1476879105437119	109.99971455024163
149.2796490935064	1.1129281534444793	106.66817875237832
150.06011069817623	1.1425145571256916	109.50387644475862
149.85206592194243	1.1216071316777196	107.50001214495273
149.86004984825988	1.1282328658153526	108.13505313225401
148.81633379478473	1.1133239653254698	106.70611519269852
150.19089994607018	1.1057433808493295	105.9795569351454
148.92615314117893	1.0955088766446512	104.9986347430274
148.43215426275808	1.1126415746551492	106.6407117164944
151.0279372859932	1.1142630496867945	106.79612137881873
149.27212245292856	1.1121649382519965	106.59502868035766
149.2372782690504	1.09733949117641	105.17408930179295
149.86882485640558	1.102665358469666	105.68454504207608
148.4417842411545	1.1219885703762118	107.53657099302202
149.21268966464015	1.16418735994137	111.5810980494533
149.17811937729667	1.103572016812577	105.77144336870181
148.13907253771507	1.1478340948836991	110.01372553312521
148.63180445411595	1.1532333054542245	110.5312108321322
147.84640692527765	1.1397284293775392	109.23684108246044
148.54663189457276	1.1072549189748553	106.12442973620233
149.9033215171965	1.126051494390397	107.92598041146573
148.99677128876874	1.1078670134498472	106.18309570010098
149.44059349997406	1.1499956842604946	110.220902250975
149.2576353442607	1.1111444973042937	106.49722490292699
149.446048080576	1.1726037753653533	112.38776620868819
148.11969456870048	1.1595461185146263	111.13626001690952
148.80124632588098	1.1354461387121126	108.82640655013631
149.52327240270017	1.102985054611081	105.7151861980693
149.85239231407945	1.103458610995279	105.76057403095197
149.45132884511486	1.1001697057917097	105.44535015323068
148.20959749939288	1.157060834807021	110.89805893811325
149.46783487176003	1.1418108704969185	109.43643186545553
149.06566107164457	1.160061007186633	111.18560932731488
150.13696079560586	1.1223850996707792	107.5745761935757
150.31684659427847	1.121232762589967	107.46413088105605
149.73920371690352	1.1015757081742379	105.58010792083823
149.28678957640756	1.1816864038995256	113.25828731198317
149.0849590346121	1.1449762951440037	109.73982079585275
149.96791871473175	1.1048412643445549	105.89309391928138
147.84491820040245	1.1625767654406542	111.42673122750865
149.82796254962827	1.1550231213348665	110.70275505958237
147.48611814415224	1.161037715660754	111.27922158232349
150.01476155140026	1.1175173307267174	107.10802671664547
148.01563734438912	1.137829868578362	109.05487423934295
150.69622805640427	1.1103784872349363	106.4238069569873
149.43613375756433	1.152612114530044	110.47167302249485
149.60592503760716	1.180434062597653	113.13825713264617
149.62866652459465	1.1015731326876115	105.57986107429474
150.0055652911628	1.1034470618222068	105.7594671048185
151.0029182312765	1.1129984967959872	106.67492078434998
149.5723810831357	1.1762353282030582	112.73583101955859
150.4065119207052	1.1143947481215257	106.80874396558126
147.98707398856817	1.1617876892314318	111.35110251610075
150.20769421108005	1.1137492931525959	106.74688057773422
149.4031338107097	1.1258181811804866	107.90361859493429
150.00387116260598	1.1500368283795073	110.22484569353045
149.8827880145965	1.147146947530387	109.94786615443535
147.93785050765186	1.133292842625598	108.62002469956288
148.81597763378704	1.0948438826180928	104.93489864157766
150.83295801453235	1.115613738831196	106.92557766999799
148.56286670606292	1.1737303994225905	112.49574706616956
149.88865537976096	1.1100325834892526	106.390653943056
148.52098574497575	1.1078017241393336	106.1768380707806
150.513058239411	1.108462936378303	106.24021170822641
149.94514945479654	1.1500389935659465	110.22505321500739
148.6776546905139	1.1450982874784206	109.75151310509457
149.34672707196046	1.1038983931464879	105.80272478522308
150.27250557916875	1.1364423056874693	108.92188379785053
149.43562334261028	1.1736706892923388	112.4900241712753
148.28783734131616	1.1388059670029436	109.14842802438373
150.0098556500302	1.1300831355666783	108.31239153811937
148.7701820548128	1.1625293447023	111.42218620474175
150.70580269017168	1.1182050363160398	107.17393959925502
149.2206569949435	1.146075606708323	109.8451838977605
150.2768860049649	1.1314411316373285	108.4425481588867
148.75757712271474	1.101612361565891	105.5836209513251
149.50087113685476	1.102417473105529	105.66078656292358
149.78796470727752	1.1230414152351542	107.63748051109346
149.6205620913279	1.1488461215654096	110.1107228484081
148.49378991206123	1.1033806779928752	105.75310457175516
149.04933538535096	1.1004435151347476	105.47159330635503
148.8610280584519	1.0934586827770414	104.80213468570528
148.9321615132288	1.1678300165841802	111.93022710033252
148.7393166416608	1.0948704734101562	104.93744722600535
149.63043625270632	1.1091847600432225	106.3093946249125
148.60061554444806	1.1695415150951765	112.09426502905266
148.9616097195711	1.1353477818380107	108.81697957266633
150.08452053472053	1.118528457682748	107.20493779806019
147.78940444821717	1.1633177992149255	111.49775532987401
148.77783681048453	1.1432209960345998	109.5715848153123
149.07198620582963	1.111092838306041	106.49227366573999
148.05257406780416	1.1451431944150463	109.75581719348374
149.00166467952653	1.1565703881623155	110.85105226458805
