135.87066167426767	1.0312480209112895	98.83957728282004
136.23136385683833	1.0721211399741297	102.75704595037834
135.24602509640283	1.08533236643152	104.02327096313732
137.08332428511346	1.032954858757428	99.00316851187623
134.71328685634495	1.097942722944801	105.231905822923
135.70214380230968	1.0990359974986803	105.336690309844
135.7148395901934	1.0188678712148553	97.65300650849528
136.99844257325861	1.0282622635193845	98.55340849267374
135.23094190148984	1.0163699154737502	97.41359088343172
137.6649245558202	1.0328754203709927	98.99555476971518
135.72219625078063	1.023594049246687	98.10598525789136
135.48389009458757	1.0200085788667133	97.76233720278672
137.43790529103345	1.056679580417066	101.2770555036001
135.4309576154045	1.016804123350647	97.45520737348562
136.00504816903523	1.0280291443210634	98.53106527110984
134.6824329687293	1.0890542427403291	104.37999279299991
135.61498453172678	1.0229905901246572	98.04814694613765
134.68452716918316	1.0754892725621832	103.0798633468583
137.65685225982634	1.0339685076051575	99.10032130304887
137.2157326149726	1.0666558534438426	102.23322762595072
135.43935767066415	1.0640412776833692	101.98263459915322
134.90711754706302	1.042591647866551	99.92680292628964
137.08894172727997	1.0230434423833432	98.05321255092043
136.55584017390984	1.0871035447425972	104.19302887976797
135.68610702049986	1.038032729372451	99.48985510414936
137.1340632580181	1.0731378842102683	102.8544954178846
136.43594587784224	1.0740971387685845	102.9464348089215
135.26952600177503	1.0354516478947005	99.24247232423582
137.34615384010033	1.027886584836827	98.51740171115736
134.93370180243275	1.04973651176785	100.61159970982543
137.25755039208568	1.0678746039293532	102.35003830617354
136.8083014707765	1.0659489890029472	102.16547847044436
136.02921396607923	1.0208079097065916	97.83894876539887
136.6257517842544	1.0464062176657707	100.29240892875016
135.9119162856819	1.0627924542147993	101.86294158522118
136.41288828363204	1.0480465565760186	100.44962659239832
136.41199669455327	1.0469101481444394	100.3407079552516
134.6812994422625	1.0766019723730158	103.18650964019926
134.77401453481446	1.0939597325894428	104.85015761583573
136.11899635099488	1.0320008278920214	98.91172978371438
135.3211515424717	1.017468486939732	97.51888305089368
135.29724085067173	1.0397766425256043	99.656999802011
135.68355524941092	1.0647519641946583	102.0507500795537
136.00923733078912	1.0350974438984903	99.20852377592601
135.86357963910234	1.0750569741494587	103.03842986867721
135.63567001627894	1.045407664890204	100.19670301491541
135.91029653286816	1.0252438934730574	98.26411395497517
137.31385585654172	1.0346558721376438	99.1662014971947
136.71238688699083	1.0254561435520098	98.28445698367098
135.43092841692956	1.0182847209367463	97.59711469022082
137.45022632016602	1.0582475350530998	101.42733552381026
137.59993539540028	1.0406124848883627	99.737110797751
135.8761945290245	1.0195639812108925	97.71972490829386
136.32566081500934	1.083219701485989	103.82078338893379
135.4248554624212	1.069723051866728	102.52720210096851
136.53742808536626	1.039560666253418	99.63629963773126
137.05816340582257	1.047039452643601	100.35310109616313
136.1445035192608	1.0606257337314504	101.65527307840068
137.4014842317344	1.0586765574110637	101.46845500975948
134.9567559527944	1.0952653017190994	104.97528939623395
137.13489659984225	1.0381186782219147	99.49809283918174
136.83052977767312	1.0815154747556568	103.6574424212864
135.8787256994189	1.090553891418647	104.52372605447728
135.0153062980964	1.0820623183057316	103.70985443491769
135.03005229841503	1.0850880260660427	103.99985225304317
135.99072284628613	1.085313816298969	104.0214930326854
136.89810958912173	1.086736053830996	104.15780685206812
137.02396605515187	1.0234861372455057	98.0956424728734
137.04011986793384	1.0333723826050372	99.04318592744104
136.89015342892904	1.0222393181479401	97.97614156712365
137.04757712355115	1.0502026049510231	100.65627223502311
136.85784115846937	1.0344032787710018	99.14199178131932
136.90563704349339	1.0222351830662368	97.97574524177874
136.16309926558986	1.0845540277030807	103.94867138152182
137.83997271663455	1.0262162159877237	98.35730583935548
137.00356031589834	1.037123622353747	99.40272208511661
134.998342465534	1.028668751913949	98.5923682194072
135.46875310947823	1.0228711953982401	98.036703603654
136.821345887539	1.0252752139734775	98.2671158565149
136.72205037483775	1.0707096953987767	102.62176657785385
134.8835916708263	1.0905841626162713	104.52662738598664
135.67727897434338	1.0492491847107597	100.56489203199762
136.99623939077514	1.0228986827975577	98.03933812306548
135.34804613099237	1.0922197493530699	104.68338957936443
137.62597406096125	1.0277506137226002	98.50436961104145
136.3995853068521	1.042634454486082	99.93090571057972
135.3803501288863	1.0293513158296361	98.65778830024809
135.5110767466319	1.0172278187861548	97.49581630256287
135.7117387348644	1.066401545647028	102.20885359116258
135.38038902534817	1.0408531071526155	99.76017314783684
136.7258465069338	1.0245083314665917	98.19361429212962
135.767521739822	1.0775102999253168	103.27356795156885
136.3223474912034	1.0551074650440784	101.12637669912726
136.46602359942918	1.0557193333374997	101.18502098473867
136.83361471891826	1.0917078777784848	104.63432944152255
134.8923645403334	1.042558728228594	99.92364775601636
135.09006113687653	1.0422430685701287	99.89339347520777
137.30565601745639	1.0458525304174138	100.23934098344044
135.79931363361425	1.0251801298016678	98.25800254996071
135.82412508459436	1.0308179991767903	98.79836201200403
134.99678737689263	1.0532504418581468	100.94839101287141
135.13280969294846	1.0738383605369737	102.92163230699786
135.96278094729618	1.0902389856172439	104.49354402681425
135.48817672366647	1.0386623976481613	99.550205422344
136.82517897264992	1.0418265855937021	99.85347582154854
134.91594223318046	1.0834068579202507	103.83872132672673
135.2015532944721	1.0832666058165719	103.8252789167928
136.14596255534073	1.0931585013715617	104.77336391221127
134.80099944848175	1.0595035525216756	101.54771804395722
135.92834226815197	1.093631236242531	104.81867300746865
137.6154962451572	1.030749452016968	98.79179213534644
136.58852857921502	1.0942726939839997	104.88015328255857
136.98734746822714	1.0239260490731181	98.13780565593046
136.76456039080114	1.0237062253816716	98.11673673720408
136.9445807611918	1.0608614456703211	101.67786480020385
137.15208844392728	1.0576344424754214	101.36857389713639
134.5910247180696	1.0727092040612631	102.81340873082384
135.7634290914542	1.025753667703614	98.31297307367036
136.6390605165814	1.0211656835951395	97.8732394686922
136.84785366843343	1.0345021896429998	99.15147185650852
136.86707125082174	1.0836463478360485	103.86167514730235
136.6507804814928	1.0215229324192832	97.90747984738591
136.63989615157845	1.021594052501961	97.91429632486334
135.2200127240088	1.0669715296459477	102.26348349237821
135.5942676300445	1.0900307321138476	104.47358404839396
137.46834953745486	1.0241768850738955	98.16184693773796
136.09310702248223	1.0211190648897	97.86877131646725
137.34811956571136	1.0239379235015877	98.13894375604471
135.96024593961377	1.0261774676086153	98.3535920155868
135.7546573445818	1.0681042578669486	102.37204940113129
136.0516581780343	1.0274604596328614	98.47655990183945
136.5520956780456	1.0233402668450415	98.0816615794049
137.72289720108552	1.0252052677753127	98.26041188955548
137.78276407066596	1.027501554702002	98.48049864322846
135.4736716966568	1.0296805894860845	98.68934740955427
136.89147271054176	1.028932585303846	98.61765523106853
135.4895796913082	1.0207261135635677	97.83110904494762
137.84905053124209	1.0261647424444522	98.35237237703114
136.25566868934428	1.0972128521183255	105.16195162907526
137.4496203004319	1.0312927158947007	98.84386105663337
136.15456968351222	1.0351539533580771	99.2139399037486
135.18470847519222	1.0166483329376328	97.44027570015894
136.24176196545193	1.0570350288166337	101.31112332127998
136.74577809330555	1.0282448422393666	98.55173875666671
137.72792324822672	1.0253611101344795	98.27534854164155
137.5888349096111	1.0386431523126	99.548360860422
136.92630549135046	1.065113584322659	102.08540942421546
135.83527031773758	1.0505025271972033	100.6850181694919
136.25401905694957	1.023712098543487	98.11729964818124
135.14345099966488	1.0581741429767664	101.42030128795855
135.79953896436123	1.064372647183866	102.01439458384105
135.42872884191164	1.0605482078428548	101.64784263887314
135.270001554026	1.0403082485566744	99.70795138138521
134.93344130193435	1.0320072558577957	98.91234586966756
135.58918232166357	1.0320345534872992	98.91496220066286
135.9153522814824	1.0189834708976147	97.66408611645211
135.87798007135405	1.0188466137931358	97.65096909893495
136.79032192871267	1.0216103679207778	97.91586007002101
136.0451532396785	1.0456007645171652	100.21521057576915
136.10297663377136	1.0483343156902838	100.47720675608012
137.07470868102828	1.043806412719843	100.043231605097
135.61537512173726	1.019151885728279	97.68022777232295
135.5390371505003	1.0241698059893258	98.16116844554963
136.3217738614896	1.0280599420550296	98.53401706829611
134.73717604349525	1.0756590375137978	103.09613440456197
137.42398196120405	1.0260972411255456	98.34590273860134
135.1046619221479	1.0265559799682253	98.3898703898106
136.8212859977525	1.0309991933823608	98.8157285022387
136.18261874190065	1.071062146374859	102.65554710861123
135.46346488960813	1.0404961833962623	99.72596392514279
135.85057536981128	1.0224928449754804	98.00044075020648
136.53334728654545	1.0229671946127252	98.045904612128
136.12591405225663	1.019195686232265	97.68442581509342
136.982011022328	1.0920072912160839	104.66302660942492
136.47633752014406	1.0801233536704775	103.52401510138326
135.40383873928508	1.0168010366708715	97.45491153182772
136.0371535110005	1.0422589736764605	99.8949178941202
137.50724362012704	1.037539786465447	99.44260917730647
134.89221992174734	1.043343675491225	99.99888073009683
134.94596595963384	1.05269339753412	100.89500130991135
136.1446711092772	1.020147893369593	97.77568974872601
136.76873844795077	1.067120663321602	102.27777715322546
136.382077470988	1.0210664464741954	97.86372812429592
136.57882929440967	1.0335828863651215	99.06336158086415
134.80062403682555	1.0923022197072374	104.69129391932825
136.38877098040953	1.0627145126678867	101.85547130707917
135.41870531537475	1.0998817399333023	105.41775017423463
135.5683090778464	1.0185906322258687	97.62643464224962
135.31765462960485	1.0638339584585819	101.96276416631352
136.17312937925445	1.0457996332614516	100.23427107549517
136.33835220725842	1.0970454836661214	105.14591026295297
135.7510354852599	1.0896567497916818	104.43773985389898
136.95355563227844	1.0299975485644552	98.71972623277318
135.79568887291464	1.0583125677760903	101.43356856059636
136.1596281084723	1.0654225632217866	102.11502339016724
136.98946016718293	1.0859461680688545	104.08210054936629
135.23072853452487	1.0207010673318457	97.82870849832283
137.25451127927155	1.0806041046848451	103.57009250087866
134.89867026431497	1.069687281487457	102.52377370247007
135.1969393729007	1.0320555785679337	98.9169773415796
137.04379824949757	1.0263639976997772	98.37146992176176
135.8105518906976	1.0236866731983651	98.11486276557574
136.3699995451772	1.0310625947963885	98.82180518683306
136.02467900053335	1.0260672165749738	98.34302504688561
136.96775641276605	1.0298618264545445	98.70671799838195
136.33083395761236	1.0202743898530147	97.78781375642893
135.36607693373617	1.0172569142620704	97.49860494746889
137.75944102187563	1.0336727810764177	99.07197750553436
137.34709133087594	1.0238848423343936	98.13385621161237
136.0511857815253	1.0529896629278328	100.92339675473579
136.9147253789169	1.0912082902405014	104.58644666253169
136.09050693983806	1.0720222712650862	102.7475699162816
135.57750054607254	1.0776707691914618	103.28894806780764
135.7396722034717	1.018174606543487	97.58656081776549
135.3296713142605	1.0252870334466164	98.26824868945621
135.7169721394509	1.0288352504959062	98.60832621314404
137.50864911714234	1.0543458762215285	101.05338250591889
137.26436387160143	1.0239526051177625	98.14035091000488
135.15973149192155	1.0885866351032305	104.33517511553741
137.11119663387893	1.0236908117356611	98.11525942212063
137.28844452189216	1.0290515715218018	98.62905942021293
135.15548901197727	1.06294893453255	101.87793938220692
137.57421341021933	1.031630704662772	98.87625546252322
136.70875107412857	1.047969856661012	100.44227531799764
135.36125519673516	1.0398393009722982	99.66300527718168
136.8179821812134	1.056521350626933	101.26189002909432
136.5020514962854	1.042092586684795	99.87897059571273
135.74113041087432	1.0337142075965489	99.07594801471842
136.76079144302656	1.084954571887466	103.98706138767452
137.6728358057349	1.0254074339443373	98.2797884297108
137.17618847916836	1.0337164742759692	99.07616526375182
136.61324177447727	1.0213734506280217	97.8931528215297
135.68729984231055	1.0187941645016567	97.64594211639198
137.05676982620906	1.037567846132123	99.44529854546693
136.86756076972927	1.0561881597920288	101.22995547929771
136.40743000567525	1.0499645520165557	100.63345614138066
136.37987948564782	1.0659701172048786	102.16750349498285
136.5363954454907	1.0292894771320673	98.65186139362284
137.06870165096424	1.0226117766069178	98.0118397075266
135.3233275082985	1.0443285938726174	100.09327986056874
137.12057096182482	1.0275293545894622	98.48316311294799
134.68193344585816	1.083588449358686	103.85612588959538
136.39761440452017	1.0306708235415314	98.78425601879935
136.58774342911016	1.0527949249745383	100.90473216911307
136.17896879323067	1.0706727564812448	102.61822618124691
137.06868159523663	1.0375236046249172	99.44105823490932
137.66328160044276	1.0338861432546003	99.0924271229611
136.3863053762824	1.076949416559206	103.21981029706942
135.14723742133427	1.0223802839630505	97.98965238246032
137.70069701213555	1.0340015829686788	99.10349139878011
135.06157664399643	1.0167049145934932	97.4456987476061
137.3392794164184	1.050149127321294	100.65114669178877
137.04944160035686	1.0716496697671591	102.71185806636454
135.95461627920412	1.0244838427308116	98.19126717849295
135.7739550500918	1.0252644189455615	98.26608121113925
135.43834531500355	1.0320840091607284	98.91970226101387
135.4369728233529	1.035580769454287	99.25484793137284
137.3639185939831	1.0266179016218824	98.39580524733083
134.81055882988267	1.061999086290343	101.78690153598674
136.51504207365244	1.0316232085678252	98.8755370021327
136.2404287644837	1.0913887539089613	104.60374313471277
136.09238804797477	1.048930406588871	100.53433886323938
137.19774612990568	1.0833296883638217	103.83132503972121
135.21272130907593	1.0379668415127938	99.48354010711226
137.52568997138172	1.0252254526730413	98.26234650345877
135.73779322726637	1.0766623647327325	103.19229792311904
135.9332523522959	1.018486916011065	97.61649400079315
135.93562898914473	1.0641057888810352	101.98881765054146
135.38996809386856	1.0211469168663367	97.87144077865426
135.83499582608746	1.0231027976362441	98.05890143272894
135.84309389903336	1.0307980611337548	98.79645105779562
136.49585006172074	1.1018129728866397	105.60284846763435
136.82674622418673	1.022546705102663	98.00560295376488
137.27047360116623	1.0233923676401613	98.08665516044584
136.93545735098826	1.0223541259550974	97.98714527806233
135.8608530018527	1.075271456604153	103.05898685858334
135.84146634663983	1.05601338992398	101.21320472726771
135.40192232538604	1.0462300990242823	100.27552890403899
135.2127503953101	1.0234293111971844	98.09019600172304
135.68680120059076	1.017679602935157	97.53911738378191
137.37065503632434	1.0270233946675875	98.43466957522858
135.1550822154275	1.0231861938921705	98.06689451539731
136.06623556491718	1.0411991502392877	99.7933395168526
136.64796467244395	1.024875451583142	98.22880078111778
137.14417468492292	1.0228941788063237	98.03890643972585
137.5044630714416	1.0242997473845321	98.17362262952214
135.97634226082602	1.0230435742777073	98.05322519228596
135.80405556848726	1.0626759777035124	101.85177793796511
135.9052903229883	1.0184421304540046	97.6122015459826
135.16744237845603	1.0683079280815295	102.3915700959652
137.4428737522855	1.0505689324765537	100.69138275842418
136.02504296451394	1.0860916218335595	104.0960415105377
136.77857162269694	1.0344989148675066	99.15115798688755
135.84181930576645	1.0304322417306067	98.7613892351925
137.65201556482467	1.0249154941589182	98.23263864667756
137.01837548953154	1.0278085139057895	98.50991903224273
136.49712997989099	1.0348418532592105	99.18402678758605
135.14323796039452	1.0351196906681606	99.21065600916721
136.67343168539702	1.0357837762063875	99.27430503689575
134.92532778532794	1.080909597557648	103.59937234995324
135.26245141941408	1.0206267145615457	97.82158218512055
134.89441816350327	1.086269131291068	104.11305483748531
135.0268824575499	1.0652553711398374	102.09899892818544
136.36498106154514	1.0765092239840037	103.1776202058656
135.04438642328125	1.0404879994316314	99.72517953614208
137.70938512301066	1.030858668851188	98.80225998159446
137.17116464355516	1.0669258084377158	102.25910136043434
136.93102625535582	1.0381777471828828	99.50375428144805
136.2794605251323	1.0442120265490555	100.08210750944447
137.1319046622087	1.0319862698181639	98.91033447062097
136.2809330337389	1.0204588220312767	97.80549058893395
137.14878420583912	1.0231054839454985	98.05915890102538
137.4040877840472	1.0570955003366576	101.31691919128953
136.82037767750296	1.029202407620568	98.64351624916067
136.50939490950975	1.0845857306512632	103.95170993862297
135.1840882778119	1.0162743724254775	97.40443359603617
135.0332029849422	1.0925153817543638	104.71172435526942
137.58146289534128	1.0270037434158157	98.43278610842057
137.1819162316066	1.0311036378410283	98.82573894195339
137.03554980705488	1.0334258127547027	99.04830691996662
135.40743827106374	1.0727804884422414	102.82024095540987
135.12468722916097	1.097566379205701	105.19583529931334
137.2992098626178	1.035423296692036	99.23975501391861
136.8706878019726	1.0219282913094716	97.94633131719883
135.9683033423488	1.080021678306863	103.51427006453862
136.22874735914183	1.0856968832805436	104.05820794293207
135.65051983052098	1.0394932756793065	99.62984061359451
135.3394944432764	1.0602585666920317	101.62008209210792
135.96645593183555	1.0253051820863313	98.26998813897882
136.47348116179168	1.0640616406910748	101.98458628394
137.7161559517912	1.0287691983647869	98.60199547157066
137.38164898326514	1.0333063954668198	99.0368614150878
136.9946771891467	1.0596619366485518	101.56289831080991
136.37267229859643	1.0314046602696325	98.8545903229913
135.9860730754236	1.0188699437889537	97.65320515357737
137.2999450874431	1.0524134318838727	100.86816810784646
135.2315529113208	1.083717955137254	103.86853832205564
135.36457009677653	1.0250795902637084	98.24836637589722
136.30008913473685	1.020541781381709	97.81344179656016
136.39992205105474	1.0568624621488625	101.2945837341489
135.59294989554363	1.0225156467084213	98.00262617369287
135.2618012619786	1.085736717741486	104.06202586180417
134.7829535743387	1.0577024561112582	101.37509263838899
135.96928603261918	1.0219025563034057	97.94386475525702
135.24525871534829	1.022275375404222	97.97959746124089
136.4250946133041	1.0294333014352353	98.66564617966833
136.6103086054054	1.0939959473168468	104.85362860271323
136.6582037762034	1.0630352177137772	101.88620916114094
136.8994190703216	1.0837263096697332	103.86933905906739
136.77177995829354	1.026570120582757	98.39122569167252
136.08670552445682	1.0885694728996738	104.33353021061599
135.04428975498442	1.0161041269544109	97.38811648312702
135.17876842469443	1.0391364307775763	99.59563894869206
136.14809202875682	1.0436841577258194	100.03151412134433
135.84872206769617	1.0375227933921898	99.44098048261478
136.19430020643497	1.019782944776529	97.74071138858666
136.1923268118033	1.0592697275945346	101.52530718208098
135.91112112839375	1.0632446446570527	101.90628160746351
136.01006340013265	1.0650550635762919	102.07980052537066
137.41166707390514	1.0421373171475559	99.88325777003094
136.86175676142204	1.0852860922183007	104.01883582863917
135.89011739344176	1.0390959753542999	99.59176151391947
137.3114380813158	1.0269079379691715	98.42360367155214
134.65793260360337	1.0898901033395931	104.46010553661091
136.0151872724954	1.0686635110910883	102.42565081528883
137.03553978542163	1.0582699988965467	101.42948856240565
135.38530964359018	1.028779413207827	98.60297450934587
136.49344905618275	1.047113855728156	100.36023223171621
134.9609837125758	1.047830020172149	100.42887274250884
137.17223970440736	1.052858805363949	100.9108547609222
135.30577645097753	1.065333452646628	102.10648262072912
134.95917867200416	1.0454007216553771	100.1960375431944
135.0438257494333	1.0365228980441905	99.34514589043204
137.4222859696336	1.0260676507952158	98.3430666645608
135.508747340036	1.0262077439723931	98.35649384224419
135.2685846141715	1.0163054647382213	97.40741362701418
135.21534882558976	1.0362267808734964	99.31676465198687
136.16778370265584	1.0425572786665145	99.92350882328604
135.77413131561207	1.0446532309856713	100.12439458212351
137.28701467891173	1.0654406523497086	102.11675713580453
137.05910584721272	1.0296312313532408	98.68461669794387
137.5976867491445	1.0438341932111317	100.04589421579784
137.04993279057703	1.05127040561449	100.75861518653358
135.321501245629	1.0172160937023476	97.49469251633143
136.34591106868953	1.0202924831040538	97.78954789724483
137.01086221039984	1.0830421217976973	103.80376333074328
137.31181081445135	1.048555182353466	100.49837563803878
137.0480883445773	1.0235868038292308	98.10529082359032
136.84192197843316	1.0445852663067234	100.11788053312546
136.6811169390676	1.0312414176984506	98.83894440037811
137.23822178955962	1.0232808995474156	98.07597154317425
136.20651709655004	1.0297360886132942	98.69466670245156
137.36818423525835	1.0637275583385493	101.95256628697352
135.70188952476505	1.0460138702534614	100.25480453912294
134.92498050222804	1.0606495187037297	101.6575527400903
135.31370143522383	1.0522862060103984	100.85597419202925
137.10795514666955	1.0385734068775359	99.54167613552617
137.28584666685003	1.0688308846144616	102.44169266745546
137.8139896371131	1.0262728030552408	98.36272940548083
135.3528570231355	1.094461456205747	104.89824512644691
137.45154948751974	1.0367226579721855	99.3642918053242
134.8693265636466	1.0484402204924768	100.48735716186876
136.80494855879732	1.1001501462336456	105.44347547477149
136.48426271609935	1.0791790255789298	103.43350633191925
136.01502007530968	1.0488218635316322	100.5239355948918
135.74087595583288	1.0181981392031245	97.58881629664522
136.24907045746122	1.0198324722252397	97.74545832821245
137.3912428228594	1.0238519689599421	98.13070547544729
136.12376572725165	1.020620207596629	97.82095852752438
135.8290749786305	1.02895314297957	98.61962557373808
136.6151509054578	1.0373263718822687	99.42215453714273
134.6127910682403	1.0923055370936152	104.69161187297334
134.79794809629303	1.055407516593009	101.15513502656934
137.3924434367663	1.039669516685394	99.64673236629451
135.95196375786267	1.0330830830766997	99.01545812335398
134.53524069537275	1.0936166520096453	104.81727518717307
135.07845283820055	1.0165405096028184	97.4299414133354
135.10983937295984	1.0373615000561447	99.42552138370748
135.19612519028252	1.0570215623848302	101.30983263620718
136.6127446159962	1.0366504921339437	99.35737509779946
135.51782184840425	1.0222508549825544	97.97724731068226
136.78877568926887	1.030068811358509	98.72655638836859
134.82655243560797	1.0418139645942532	99.85226616662062
134.9816540282524	1.0241012684816129	98.15459949399481
136.1540372447749	1.021635109421751	97.91823140984224
137.34693004095442	1.0334923882291576	99.05468782118444
135.55208619637955	1.0248313009794916	98.22456918317712
137.47489725261346	1.0274854523044317	98.47895531501175
135.3227737947811	1.0840979891732554	103.90496254077877
137.6818033391099	1.035495534421415	99.24667861182222
137.177032530184	1.024136435677309	98.1579700805912
135.0547115379369	1.0587984152062833	101.48013442414273
136.46754081323425	1.0449127309277753	100.14926625611693
136.76683385187457	1.0218404848969123	97.93791554473275
135.24500649093343	1.0893676489613946	104.41003109395153
136.66922118730682	1.0352109154501912	99.21939941396488
135.7796154101187	1.0234449346800836	98.09169342854389
136.7579997998323	1.0424281636435888	99.91113384265282
136.56477039925704	1.0301662232344755	98.735892792849
136.8530569189793	1.040621003262083	99.73792723806467
135.38286873002232	1.083370774228116	103.83526289887516
136.66902211750363	1.067068993795145	102.2728249069667
135.57660279923428	1.0996273932035336	105.39337240793222
137.46218653849908	1.0351309758164409	99.21173762994417
136.6629309359481	1.047953608372274	100.44071800689706
135.00685273534296	1.06767803664451	102.3311983889591
136.80737341172158	1.0446150119870747	100.12073149663016
136.72837741008166	1.0483592178444783	100.47959349364866
136.30519065055861	1.0259159485493003	98.32852682006646
137.1625448488585	1.0232926179487734	98.07709468892885
135.555383071477	1.0196414939722176	97.72715408964311
136.48790333699827	1.0733471153586474	102.87454909831922
135.88105094592817	1.068008735507514	102.36289409664963
136.5868589065391	1.1020127953392806	105.62200037517759
137.18722249051228	1.0277333260321975	98.50271267888066
135.21957637633503	1.0257503308597775	98.31265325513246
137.7584250047641	1.0269809753767178	98.43060391430785
136.63127182534922	1.0576783323788792	101.37278050836548
137.09673690973003	1.0348825005235152	99.18792260928957
135.09181226002153	1.0459158681363039	100.24541156319837
136.13035878877545	1.053259738969448	100.94928209099456
135.5757050667483	1.0172810617885522	97.50091935802918
136.8855361988091	1.0221782152710108	97.97028518494983
136.56707521217805	1.086310559677768	104.11702552556996
135.2301369303114	1.0184270776069007	97.61075881153417
136.12431758255937	1.0256648940005268	98.30446459160878
134.99281774569945	1.0609417338313036	101.6855599886856
135.83720160083718	1.0250151176775548	98.24218702521482
137.5413501886807	1.0282817789457832	98.55527894135012
135.9355111369835	1.0188223700752577	97.64864546894655
134.79616741326828	1.0507350170665624	100.707301073259
134.8541593077667	1.0407335200286647	99.7487113650842
137.70905015731725	1.0359122596591224	99.28661948492247
136.0077524038236	1.0729610309020057	102.83754497931376
136.09728316934425	1.0273897629316047	98.46978400319452
136.21955604828995	1.0195853979681722	97.7217775893108
135.85694963161853	1.0299467434375331	98.71485683456154
135.71087796010798	1.05222159061415	100.84978115376724
135.35487869176248	1.0215952845477565	97.91441440982754
135.25002208670057	1.0739618686957957	102.93346989985757
134.7294650545098	1.0556743150492556	101.18070622389567
136.01234498908258	1.0445736817408984	100.11677021478695
135.20469407697158	1.0256478462999117	98.30283066117859
136.2516286597318	1.0497291600501093	100.61089508721373
135.73926117202382	1.0179365246297774	97.56374194661853
136.39090990793983	1.070969320014374	102.64665020113117
137.57241131968235	1.0250514770971157	98.24567188005749
134.88842140376852	1.074098930152154	102.94660650340349
134.93264051150524	1.0460911100536434	100.26220755861446
134.65373659812732	1.0671989728222155	102.28528269775106
136.84849281216964	1.028356308258117	98.56242217515702
137.53109161102628	1.030119724833493	98.73143617115932
135.39327495128336	1.0821153637907042	103.71493855940096
134.53321894163705	1.082843031971897	103.78468164154302
135.72067005539364	1.027212595746902	98.45280348125478
137.73039075795407	1.0318115138847648	98.89358505415221
137.02243309987423	1.028279509870244	98.55506146266161
135.64895650679625	1.0259468742041045	98.33149087777718
135.65960751377568	1.0878233485344424	104.26201820248171
134.88137456395467	1.0538193313172297	101.00291600832956
137.72079554334334	1.0268487920763167	98.41793485577823
136.16912500441512	1.0628946662692693	101.87273806099826
135.67068084608528	1.0457896420710953	100.23331347362699
136.26980619725487	1.0233173636170267	98.07946642816147
137.36628835210496	1.0287525902173675	98.60040366995058
136.61279433163892	1.046137056756	100.2666113029576
136.00885380278757	1.0992207576147295	105.3543985734224
136.9220551593484	1.0735853455618503	102.89738218221669
136.18473976933583	1.0412192246028424	99.79526353664971
137.7004534411091	1.0262325786992526	98.35887411726527
136.032804820957	1.0202795214439162	97.78830559182178
136.69819366317648	1.053431147191019	100.96571064728685
135.15174078222873	1.095689930690748	105.01598779973023
137.11395656961463	1.033473824812699	99.05290861754139
135.4417231494071	1.0307034769975756	98.7873856769677
135.75928779358296	1.0429709506655473	99.96315705987806
135.8436821826979	1.0518723049104912	100.8163039973504
136.0515991282497	1.0195813191021612	97.72138665193769
136.35548976622206	1.1003400583979974	105.46167753447463
135.66045772732883	1.0377493125406725	99.46269112489335
135.14713089452414	1.0177591705043236	97.54674350741307
135.4520233858915	1.0782207162319282	103.34165753430399
136.60126152510057	1.0209661219695116	97.85411256001557
136.75521827064313	1.0365122762224408	99.34412784593603
137.03305447848885	1.0225902318775903	98.00977476107704
135.99289549468827	1.019767567395401	97.73923754929719
136.11873030290656	1.0283981739923798	98.56643478065371
137.09020573341422	1.0231925961164308	98.0675081341648
136.48805214140057	1.0718971790934673	102.7355805043133
135.1409526801127	1.0196993280203928	97.73269717215894
135.98437251681966	1.0284374269355587	98.57019696417525
137.46172181705464	1.0260609234493432	98.34242188463513
136.09585497032882	1.0606012798867288	101.65292930888432
136.95932956118511	1.0296333573387646	98.68482046222387
134.6360341414291	1.0702747255038665	102.5800770524711
137.07329461134955	1.0619246849980295	101.77977057221038
135.84117221574482	1.037655818469931	99.45373022097581
137.29410385717765	1.0252604579136382	98.26570156752979
135.20791258954458	1.0309114628296534	98.8073200005315
137.6963332036798	1.0286457598820231	98.59016455678643
135.10929741217723	1.0423737644782038	99.90591997518139
136.0826089555601	1.0281916612983546	98.54664164945045
136.10838498446142	1.0796250242837928	103.4762529094287
135.84306448501343	1.0478927429973466	100.43488438801295
137.06309636876193	1.0241976903506311	98.16384101163298
136.413324176931	1.0208713016019084	97.84502453767598
135.87362423366145	1.0218201117035035	97.93596288370108
136.6604329537244	1.0214911171571757	97.90443052559903
135.83696631403143	1.0932279976955959	104.78002476115446
136.73098815114326	1.0267601794106394	98.40944180828639
135.33117722246837	1.026682580279802	98.40200434888386
135.08354085209288	1.0159672708601193	97.37499956243087
135.13493004969018	1.0849879433425451	103.99025986218933
136.56666788897758	1.0776792195400324	103.28975798827652
136.55118194108152	1.0223949804778645	97.99106096437494
135.28645423358168	1.0631393477584947	101.8961894659693
136.20974446702274	1.0858281783667048	104.07079187090318
134.97434470932458	1.05064238365621	100.69842265901157
135.78084940571802	1.0601113068283357	101.60596802606047
136.33858964250518	1.0200463876584627	97.76596097215968
136.3772162796265	1.020564927828663	97.815660259031
135.19432239879626	1.0164541949439196	97.42166861743581
135.98667270681102	1.0981527510742894	105.25203588971118
134.72369690698886	1.0735372833702612	102.89277567960663
134.7156032430058	1.0918497727971668	104.64792931602477
137.42909045645354	1.0258589840144738	98.32306707572933
136.93895847590645	1.0607498211406554	101.66716618929472
135.08053248494514	1.0183054163243672	97.59909823183514
136.91135581627182	1.0483674117433666	100.48037883479454
135.1262748427	1.0737911397167788	102.91710644531148
135.87868645558711	1.0541247147413446	101.03218536733596
136.9313963328332	1.0312428733581296	98.83908391753054
136.46007414938913	1.0384042466041006	99.52546303297437
137.4225484409459	1.0274101195808203	98.47173507855425
135.51186623266602	1.0894690446306605	104.41974932359692
136.0831308572847	1.0190096883816215	97.66659892131003
137.08930286882884	1.0228520096012694	98.0348647481857
135.76907859160076	1.0850706782462594	103.99818955780458
137.18537327946842	1.0254592936077709	98.2847588995763
135.22057513261686	1.0263485961662389	98.36999376759364
136.2264666647799	1.0201731993321814	97.77811518915765
135.10948129115167	1.0497268686031833	100.6106754643481
135.86945511420572	1.0603916187728406	101.6328344185678
137.5663575594662	1.048856753749314	100.52727963463495
137.44811538162617	1.0244379865372641	98.18687210893245
137.1506421867796	1.052389871219027	100.86590994481811
136.5734139527341	1.0664115716757354	102.20981453209937
135.68798425975177	1.0238581434763265	98.13129726963936
136.2996541437541	1.0516910638061383	100.79893301211965
137.4952529238684	1.0242990621964667	98.17355695793067
136.1372483464775	1.0374451550171109	99.43353926186273
136.55801547715603	1.0429191512175235	99.95819236133578
137.186790332163	1.0230566929354385	98.05448254508411
136.32152660915753	1.0374642215032812	99.4353666820324
136.7777138909474	1.0218420487690025	97.93806543346288
136.10901550068087	1.0190981008878122	97.67507278459139
135.63641241352263	1.0849052396392538	103.98233315696685
135.983389558792	1.0337393860306805	99.07836123223326
134.9657137674165	1.0561546586286323	101.22674457293817
136.24520868698684	1.0248158967426153	98.22309276990862
135.07339429255833	1.015823419122414	97.3612121469325
136.61723909453627	1.0425569212423516	99.92347456610206
136.84914195031126	1.098168728151201	105.25356720661664
135.16360617881924	1.0169929418852328	97.4733046146567
137.6084851851301	1.025925395392279	98.3294322491657
137.33711244494967	1.0513223578529243	100.76359452921508
137.07869034120455	1.0247646953099918	98.21818538792662
135.9507849002372	1.0185758114903134	97.62501415444493
137.1567589180728	1.0829349483566522	103.79349133274276
135.87991283843198	1.0193111063984983	97.69548821735658
136.89844945139836	1.0255895733570048	98.29724551296289
135.80007780245126	1.0279429444677246	98.52280347870578
134.9336246169767	1.0375045122310056	99.43922833162196
135.22541401583496	1.0161630368134553	97.3937626763295
136.28345319062865	1.022872432391074	98.03682216276522
136.39631701520668	1.021571023636943	97.91208913198878
135.22951623742821	1.0221856325294196	97.97099608928211
137.04983254730757	1.0247240582621873	98.21429054541971
135.06112216783663	1.0682731144483795	102.3882333964376
136.95301529646105	1.0779458160342226	103.3153098286258
137.01744378550384	1.1019108376334013	105.61222827734515
136.17926472598847	1.0260925003689154	98.34544836257169
136.05953204814847	1.0205113187844699	97.81052212042697
135.61099090497635	1.0533420705902874	100.9571731341149
137.07793811560572	1.071936612215975	102.73935995705462
136.53241400824598	1.0735101096086255	102.89017122068037
135.23807075830183	1.0251783566763861	98.25783260543741
137.29983429948643	1.0587103972236842	101.47169837382606
135.36981989599542	1.053962533514198	101.0166411688412
135.6308349064256	1.0770002980780402	103.22468701703505
135.16652205448392	1.0223432989602217	97.98610756882549
136.47323322108974	1.0253886570599522	98.2779887663149
136.53486638020348	1.0767144697728377	103.19729191101902
134.57818361356925	1.096660676985084	105.10902861186797
135.851771714027	1.0758128519918164	103.1108766951449
136.43778932102956	1.0736682461084646	102.90532775381317
137.15982257029827	1.022951819290758	98.04443097019802
135.747071287037	1.070941615436515	102.64399486632436
135.17926259775734	1.0239840727303549	98.14336691145522
135.56135305352686	1.0414092265119164	99.8134741979019
135.7640654883521	1.0180392566969638	97.57358826281813
137.72040974098778	1.0332037458726908	99.02702300348726
135.7361883184917	1.021950775811199	97.94848633577931
136.00572667370423	1.035068098318032	99.20571115984453
136.65751712842777	1.0401425689895887	99.69207188581954
136.56734345107796	1.0740479480073704	102.94172013898175
136.12945207282692	1.0997291179025246	105.40312217330738
135.83442724054777	1.0720779054026262	102.75290214919303
136.89375154613228	1.0398299452373359	99.6621085802959
136.04456281420823	1.0971361427334838	105.1545994470418
135.18624930730473	1.0595802265484455	101.55506683710964
136.43172403323692	1.085283806221581	104.01861672814651
135.57771522679076	1.049032327573042	100.54410744149354
135.74047470216226	1.034680939966226	99.16860411376243
137.168200803435	1.042757760294584	99.94272390924941
134.94628441875307	1.077972884191294	103.31790416592246
135.62365627027268	1.0946693679839214	104.91817235234231
135.69637394262656	1.068071848369756	102.368943125107
136.00972903724548	1.0300219979886012	98.72206957860114
135.87509576226077	1.020801570146257	97.83834115263168
135.05709972782063	1.0589871638764183	101.49822496918189
135.45536309130947	1.018533494249042	97.62095827442943
136.13477431455905	1.022761150381325	98.02615638054819
137.05523592816544	1.0836042128516474	103.85763673562776
137.35842318162705	1.034691806861114	99.16964564720087
135.89846886173189	1.0504980920753682	100.68459308691381
136.10341992124233	1.0240146152994785	98.14629425246346
135.68303708788994	1.0979524624884216	105.23283930580476
135.92289258368746	1.0338076602954802	99.08490495337043
136.39948626483505	1.0486916692325317	100.51145717144098
135.02361615882688	1.0979393585832748	105.2315833669625
136.96029027532515	1.0825858833996662	103.76003533370748
135.37946524160787	1.0828075757427422	103.7812833526439
136.9209051274774	1.0249427134033278	98.2352474648831
134.96101267090873	1.0533483353499424	100.95777357763917
136.52216885825104	1.0288597977516756	98.61067893560701
137.00338003483307	1.0872094752018344	104.20318174464633
135.3937515437455	1.0226851864570832	98.01887564690453
135.35799881249443	1.020994609734156	97.85684295906418
134.76710673091898	1.0697998856033488	102.53456620145128
135.16770394693015	1.084563097408786	103.94954066404148
135.91907321401186	1.0821544066117381	103.71868060384485
136.4238758390824	1.0764978403675343	103.17652914744221
135.4082457650962	1.0657863732522859	102.14989262520734
136.83687955835188	1.0789928333870875	103.41566081157701
136.99646971923735	1.0323145144625738	98.94179495465677
136.48324100524366	1.0858060459043757	104.06867059340593
137.297638731505	1.0253357110654002	98.27291417745343
136.83654008568445	1.021776447496586	97.93177790427168
136.83462310381094	1.0357611013884973	99.2721317775345
135.32537726683842	1.0271505198557946	98.44685384090435
136.89238223418826	1.0929211576833353	104.75061579600707
136.15228220541167	1.0279170503821744	98.52032166985086
136.28292938377095	1.0772154765894166	103.2453107202311
136.29121204854656	1.0211362666233208	97.87042001013272
136.89101295720485	1.0761168250970223	103.14001088266784
136.44906938022632	1.054705756837931	101.08787512774818
135.448148407052	1.0214577748934799	97.90123484892135
136.55963459508612	1.074787454205575	103.01259783139564
135.65768236528157	1.0287353644139798	98.5987526693274
136.24017200357312	1.0247847905481682	98.22011140844398
135.03025525152313	1.0304512074732266	98.76320699963462
136.67641805309245	1.0414313454373973	99.81559417796505
135.79914708538695	1.0448161885581027	100.14001318913904
135.58939704705745	1.0184653255223388	97.61442466855128
136.21796672952638	1.0209158054269922	97.84928998999156
135.63101072129376	1.018738738143097	97.64062979797849
137.64127909439304	1.0280130571127928	98.52952339870582
136.34016267705726	1.0496940239878059	100.60752748458563
136.4042602945823	1.0689411832516411	102.45226419869975
135.96566981838896	1.0621577709847676	101.80211061062266
134.81914725869757	1.093283481901234	104.78534262389937
137.71110058712506	1.027826512344157	98.51164408577392
136.65618366345313	1.0410204933644482	99.77621621612404
136.2043162768047	1.06504270589194	102.07861610777881
135.30420324032954	1.0319212955589507	98.90410703727355
136.19998397894565	1.058634121412116	101.46438774745933
137.4080841844531	1.0248283038901767	98.22428192828312
135.26349945005882	1.0381334479618782	99.4995084393332
136.2759029495148	1.0540196213298672	101.02211272898418
135.75195561103237	1.022309938439259	97.98291014228697
135.1709397451707	1.0274843442027612	98.47884910942543
136.68188353339016	1.0308994454886458	98.80616820301898
134.97428677921042	1.073491731421708	102.88840977029278
136.32279255288339	1.0674694545955212	102.31120692121051
135.35102008878414	1.0881383401630635	104.29220845622206
135.6031704693992	1.0352840175683424	99.22640585888408
135.27942607468907	1.0188101296536964	97.64747229036261
136.78173337983296	1.0228522698481328	98.0348896914481
136.7504830225327	1.058654267324019	101.46631862478087
136.21639719899935	1.0838734308046492	103.88343982870728
137.47552377429753	1.036768218768373	99.36865856263624
135.92254892783674	1.0205311408089168	97.81242195487754
136.38270123970352	1.030199428895245	98.73907537687077
137.57896191206424	1.0245935294767736	98.20178006325449
136.35330274627333	1.0656358258438463	102.13546346567493
135.41088236213815	1.0704408580307498	102.59599996179759
135.8240074687034	1.0748658069481971	103.0201075204352
135.35546187882656	1.0611177117887431	101.70242652958721
135.8584501410205	1.0562703251964025	101.23783059146363
136.75563698628736	1.0821481168118874	103.71807776035247
137.24861469032075	1.0573941932404	101.34554729989644
135.7610010592054	1.0385499160385465	99.53942466493069
135.28067826577728	1.0173672796730426	97.50918287862216
135.37053935088716	1.08645028708955	104.13041764660711
136.80170561358642	1.0489835382311996	100.53943124544193
137.38913424782723	1.0634632001872255	101.92722897975133
135.70912710690712	1.0715224304353037	102.69966286063388
136.3686335217137	1.0256463201074002	98.30268438383344
135.44523747996328	1.0228988092757505	98.03935024532014
136.62388206012403	1.0769566025519206	103.22049903582855
135.1797761547006	1.0745507978537134	102.98991559268586
135.38990973929847	1.093043107881476	104.76230406671341
136.61570774800526	1.0734266250695401	102.88216967654596
136.327184022241	1.039650652083797	99.64492429567557
136.56055840794556	1.0283801937026238	98.56471146656934
136.64916858699584	1.0369437609275296	99.38548333461593
136.06274097223758	1.0920003905260813	104.66236521539653
136.65247202737515	1.0384528056859808	99.53011715984681
136.79015233899196	1.0223426803505395	97.98604827841403
136.16115657396838	1.0488673685553946	100.52829700671681
135.5375744417691	1.0226572683812538	98.01619984946535
135.86155916845274	1.0184837166461576	97.6161873588713
137.458085008484	1.0445533737060753	100.11482379885533
137.4645506198862	1.0269783972559283	98.43035681529398
136.27997441625791	1.0232167908503065	98.06982706929993
136.22019771175817	1.0197775657417596	97.7401958370297
136.0475248455654	1.0657704135211723	102.14836297080332
135.2248806517965	1.0587018094191114	101.47087527893855
136.54150919089042	1.0235053548935786	98.09748438109854
134.616302843378	1.0901595084531082	104.48592656801917
135.66130795379283	1.0622829285358668	101.81410628886258
137.02410632776767	1.0815696054289545	103.66263055523505
136.63380824921444	1.0471534175078931	100.3640240155611
135.93696466447668	1.023597688824362	98.10633409183976
135.6442179483193	1.0233379607544393	98.08144055302164
137.59201491761607	1.0248665908702195	98.22795152943253
136.68781754054717	1.0273261643891407	98.4636884248996
135.12962446500177	1.090687091481591	104.53649256422902
136.4885084774393	1.0310674193125762	98.82226759076589
135.311953181674	1.0568877685842133	101.29700921989227
135.7837386292314	1.0902082508977786	104.49059826922903
135.67788506365468	1.085332323679964	104.02326686563057
135.70797294317023	1.0177284372274877	97.5437978880961
136.19642168470082	1.0209807406023081	97.85551367735764
136.33208033279368	1.049707115458969	100.6087822316974
137.7785661662109	1.0273152153496685	98.46263901834449
135.99907965319522	1.0210970946170024	97.86666558397401
136.19061001611107	1.084976757002813	103.9891877116804
135.1451359746703	1.0756933289905448	103.09942105820625
137.23022476887377	1.0731190465367832	102.85268992818037
137.40898240708506	1.0248701352187963	98.22829123618394
135.0093935036261	1.0706378908633183	102.61488449925803
137.06910276710164	1.088881608323505	104.36344671248641
136.93738794298795	1.0505342919977012	100.68806265480484
134.93985767663108	1.0398431964504493	99.66337863781462
136.0432245398369	1.0723969624333447	102.78348204986278
135.2194309278546	1.0303933977077395	98.75766624448386
135.80048928231994	1.0384023248193224	99.52527884023773
135.38732274723122	1.0663581313473167	102.20469256399504
134.7318397757224	1.0558737304429184	101.19981911702482
136.2550167328866	1.0303255407331937	98.75116251837355
136.26611092712457	1.0197665193785002	97.73913710251294
135.532065247081	1.020719186851406	97.83044515683522
135.1075457526993	1.0171903764801171	97.49222765887463
137.44727708982376	1.0366717637568679	99.35941386846892
134.76952148208852	1.0590910722912092	101.50818403197357
135.25493139657306	1.0169393304538206	97.46816624725054
136.3462870602868	1.0748957034274411	103.02297293720284
134.69375023725186	1.0935875513765174	104.814486047976
136.06702310930476	1.053089256593216	100.93294227199927
135.84907507286198	1.0188947623040017	97.65558387478352
137.44515617022603	1.0283546636141672	98.56226454487847
136.26553788615294	1.0212837401718402	97.88455455672141
136.659557194452	1.0531388040791112	100.93769113208143
137.25784223660142	1.0654984891887458	102.12230048580948
136.09151150269278	1.065655820002083	102.13737979822362
136.12016894861807	1.069272622048489	102.4840308250702
137.61649934939345	1.0307965384793223	98.79630511955632
134.89521842149637	1.0600889097797572	101.60382138939403
135.29265798682195	1.08482371413724	103.97451937600106
136.16300065014929	1.0867928983451525	104.16325509306945
136.80177545957736	1.0283608990155222	98.56286217456757
136.40985694022922	1.0252342947441724	98.26319396842857
134.86959641123892	1.0741369103750347	102.9502467035285
135.90123660540164	1.092812115763576	104.74016471436953
134.52276634862736	1.095155248326239	104.96474137033883
136.9116157749875	1.0337679951032315	99.0811032579924
136.06293784481832	1.0486466130739729	100.50713878093198
136.0368583402172	1.0474380294879242	100.39130254335022
135.02584843158021	1.022731130318204	98.0232791189305
136.41642506390295	1.0578968706254803	101.39372622411591
135.39062944987313	1.0397485107101005	99.6543035187734
135.98405796835198	1.0824739404697294	103.74930620584455
135.52351487560108	1.0708520139472204	102.6354070454062
137.13305924906845	1.07387030232758	102.92469375586094
135.6570569505732	1.0215543499363842	97.9104910474528
137.42700055756276	1.0250963796462806	98.24997554793211
136.1721430529712	1.0466724620523749	100.31792702148077
136.7083825259483	1.0455821437251107	100.21342587298376
136.13561212168617	1.0196361162200231	97.72663866101405
136.41601886739474	1.079817757720067	103.49472537287424
135.09206380698294	1.0337325272283355	99.0777038529116
134.95897597045976	1.0492893381173847	100.56874052009825
137.1587678504129	1.0368097595208887	99.37264002038006
135.49807618648325	1.025974219562163	98.33411178329781
137.0155203189362	1.0815896237545748	103.66454920409751
135.90669397942509	1.0208972167914367	97.84750836923371
135.57242651349378	1.094470335509837	104.89909615999561
136.93753799191344	1.0934224449204881	104.7986614820232
136.77356505582475	1.0259285468744759	98.32973430178724
135.27943578149043	1.0165264766716808	97.42859643234776
136.46423869614844	1.0206251490594493	97.82143214016305
137.70993325333458	1.0307639745778854	98.7931840447155
135.65528823741175	1.0355368417873196	99.25063770071442
135.24842131653014	1.0784735699567183	103.36589220410781
136.82281320814798	1.0365790751421293	99.35053016317792
137.0697245030803	1.0364985391246686	99.34281121898562
136.95393587186476	1.0781343716544507	103.33338187086949
135.72663810793298	1.050773243379176	100.71096485976157
137.8019283042417	1.0300725963827284	98.7269191625861
135.8561258397521	1.0314396023053818	98.85793932921756
136.72678312654102	1.0755201423309315	103.08282204819109
136.32953815321324	1.0480351197965205	100.44853043858456
135.53412260000906	1.0282119482222551	98.5485860420137
136.07512562467048	1.0729038798606445	102.83206735932822
134.89159324540995	1.0370217178503784	99.39295508645874
135.05110527016146	1.0386448208096593	99.54852077689279
136.42791870707404	1.0456529212784196	100.22020952086314
135.90032382362492	1.0211985548589377	97.87639000256252
137.6315482230269	1.026229688701657	98.35859712653667
137.4210140118108	1.035442886782648	99.24163261875833
136.4354899821563	1.086018093396403	104.08899420523437
137.19629862878907	1.024514089600507	98.19416617830112
135.24274622212184	1.023561465925401	98.10286232176246
136.11602062702616	1.0354163705701256	99.23909118237863
135.0070362851684	1.037430462135895	99.43213102820896
137.17592722800163	1.0267622165855503	98.40963706054673
135.17472799406602	1.0218635514532457	97.94012635011723
136.41852544534092	1.0882746071294516	104.30526891217667
136.82524884913377	1.0298525187938394	98.7058259091552
136.26438194242215	1.0241235421344774	98.15673430384562
135.26524621079557	1.017863570216649	97.55674965843149
136.32145737870476	1.0409362721066622	99.76814406146386
136.8256281802024	1.0943923553377588	104.89162217983916
134.9326598075289	1.0838192098149635	103.87824303841852
135.6330326319193	1.0609706552820155	101.68833195421163
135.64026131480702	1.070016504573588	102.55532796488329
136.5473980419728	1.0311368545569273	98.8289225855499
137.4594790887024	1.024767967802386	98.21849903872483
136.39930798965744	1.0981883451147685	105.25544738708466
137.1630973578454	1.0547369805512206	101.09086775276191
135.90296406145038	1.0522111772766707	100.8487830913674
136.66005478320753	1.0950016343851274	104.95001830014006
135.31844141618365	1.0748089889013694	103.01466181618501
137.54120853784838	1.0343590702412644	99.13775463147473
137.16489556324152	1.0357050681015754	99.26676128830123
136.86753079905563	1.102705338415249	105.68837690486865
134.9812484669876	1.0800087548113175	103.5130314169865
136.19638221459007	1.0744465628194972	102.97992522517865
136.64880044499117	1.0861386935931334	104.10055308556515
135.40116356018223	1.0184202884377906	97.61010810618363
134.6989580765659	1.0561993500910705	101.23102800928518
135.23033089822746	1.025229620251282	98.26274594342205
137.67280537555314	1.0288634644859918	98.61103037237342
136.95459629440967	1.0269777633896175	98.43029606261672
135.761441621726	1.0213936452764287	97.89508836998307
137.54843321836148	1.0272438354162488	98.45579763557079
135.31245822716008	1.0826558706223874	103.76674323265001
136.64812386621924	1.0642686034227857	102.00442254883535
135.8634815563071	1.0182524844354923	97.59402499492695
136.9286958262092	1.03579635056126	99.27551022119187
135.2773100316268	1.0177571043394789	97.54654547662346
136.49258591067425	1.0296561875103005	98.68700861139665
134.83303394976875	1.079507649173715	103.46500313631071
136.77734487102626	1.0795125290765475	103.4654708487556
134.71900590441584	1.068486056439313	102.40864274117605
136.54503448031033	1.0860323822161333	104.09036371176761
134.81582534922688	1.07972845863861	103.48616653612115
136.3958317401076	1.0342552396116818	99.12780302397697
136.67136123399774	1.0546077757300147	101.07848416544643
136.11512399998387	1.041426209575451	99.8151019332155
136.49864806142827	1.0296117729169483	98.68275171146269
136.1510990643895	1.0269271987768882	98.4254497163971
135.98263269300358	1.0283780914635168	98.5645099782557
135.6064020028568	1.067531349210902	102.31713918725735
137.27209425733918	1.0360037302242455	99.29538644670785
135.68055388985073	1.017907716634668	97.56098085520188
137.8142845951793	1.0278341333751568	98.51237452061326
135.83980942955668	1.0889302933354998	104.36811290908317
135.80876851111705	1.029258865059738	98.64892739110606
136.37097953957758	1.1014844224417797	105.57135867426985
134.8745213520526	1.0833633804927136	103.83455424909656
137.42192254997695	1.0244945191725239	98.19229045801865
136.29086608879678	1.0635505379333283	101.93559983305781
134.8169037452354	1.053409139701959	100.96360134780542
136.2853112628931	1.0197979940132202	97.74215377699646
135.22703353367325	1.0862796488625581	104.11406289015457
137.26987970853432	1.0587481856069758	101.47532018715806
135.36736020718095	1.0176278015736064	97.53415250183838
136.10739981730705	1.0192085034086498	97.6856542725257
135.4420151906976	1.0298018516577752	98.70096973662523
135.0216158844599	1.0629778570299628	101.88071144805362
137.4428838512618	1.0304999442934362	98.76787816177014
135.12119269892017	1.0308118789939305	98.79777542538812
134.98477308337885	1.0251422433078183	98.25437133325931
135.05229444325263	1.0943086509322795	104.88359956269322
135.35117559414417	1.0317014247043375	98.88303359821124
136.63637463435057	1.1014562212478656	105.5686557414847
136.98329252170873	1.0401484127132905	99.69263197531183
135.57192889267623	1.0180999638689594	97.57940671880195
136.74372479952152	1.0333555019237817	99.04156800491832
135.18401075361447	1.0325729333609899	98.96656301642601
136.79625790563233	1.0236299075201842	98.10942208057871
137.63894757470905	1.0351376138839756	99.21237385302125
137.57809115240363	1.0269802270147812	98.43053218784054
135.61024884429378	1.05084231555535	100.71758505641318
136.46748131385698	1.0205157745942586	97.81094918583415
136.90069859429397	1.0261232162974436	98.34839231914664
136.27662432812383	1.0725151889594546	102.79481342662895
134.6632044459074	1.0899143651225518	104.4624308980401
135.8627067083079	1.09267365823569	104.72689430487503
134.96446847025928	1.0308993668781556	98.80616066862623
136.98679677842782	1.0584287471540086	101.44470372921688
136.07470225601858	1.052149870345121	100.84290715165551
135.3022707758898	1.05687683894109	101.29596167237293
136.81131527835524	1.0658970025389685	102.16049584742845
136.13928876719615	1.036287656205896	99.32259922524113
135.51222686577378	1.0403056705220992	99.70770429063452
136.98200101073502	1.0224997943673155	98.00110681204363
135.82968271873193	1.0453925697832667	100.19525623008919
135.30872876658205	1.040106944521705	99.68865747214298
137.5670762803448	1.024738659669961	98.21569001183596
136.08647902352004	1.0305486723231623	98.77254848138509
136.8964702836885	1.0859108787271454	104.0787182557314
135.82653626512266	1.0991135563533745	105.34412390899479
135.13657604306758	1.0581024890920463	101.41343364842588
136.1712356484129	1.0478456401292127	100.4303698313973
135.76545579605994	1.0202373804329512	97.78426660253346
136.06195348893493	1.0642494157092504	102.00258350967465
134.8971853679853	1.0524467110648512	100.87135773838492
134.99301090873593	1.084763071852721	103.96870713913292
136.2282635675707	1.0623001440870945	101.81575630687136
136.3811467817094	1.0428285984219947	99.9495133628307
135.31520691899763	1.0257521167550578	98.31282442359147
136.90865631952434	1.0795010772768208	103.46437325533367
137.29083103606177	1.0254413406193632	98.28303820217937
135.6418537040785	1.0589505739688205	101.49471802330034
136.53624650866757	1.0206254762022995	97.82146349504605
135.42740524515696	1.0432650992655392	99.9913496214074
136.84233138380463	1.084258167428469	103.9203147651847
135.96944326468036	1.037874338764188	99.47467421609059
136.00493016907274	1.0211831793231867	97.8749163401425
137.27995665413786	1.0234185307329888	98.0891627522017
136.60903595773019	1.039445580433514	99.62526928076583
136.69796461016023	1.083370845645509	103.83526974384822
136.92777568468208	1.0940151339292832	104.85546753633952
136.13176817037154	1.0461400828495515	100.26690133775172
137.58796398571013	1.0325723642439513	98.96650846961829
135.3637340626144	1.0830847465271192	103.80784868184449
135.9970345767607	1.0583246504648556	101.43472662134003
137.33407883428825	1.031556022002618	98.8690975311524
137.27008102732395	1.0472430908588204	100.3726187240303
136.48825054790353	1.0283568770517482	98.56247669096788
135.5656651017715	1.028408350669121	98.56741016039442
136.2027471362988	1.0335356007979304	99.05882951352633
137.8021520134227	1.0279771284134185	98.52607982607687
134.9577404717685	1.0408818614859656	99.76292909606244
136.41924870861914	1.0331361493703148	99.02054424223374
136.93956869539036	1.0512586756179638	100.75749092944444
136.66673286746092	1.0552968663105453	101.1445297920155
136.2892549336049	1.065380694396896	102.11101048845048
137.41240386730354	1.03893479960431	99.57631368500324
136.14573581070937	1.0620694199036431	101.79364263460356
135.42255881014623	1.0169805004584171	97.47211217080002
135.90396522535374	1.090661952136311	104.53408309317042
136.66226413258812	1.0679019413710318	102.35265845295174
137.6202687615788	1.0455157227468388	100.20705977939427
135.10001713224014	1.0836889473895193	103.865758085424
134.5490403207032	1.0969333459530075	105.13516246616996
135.79015422022093	1.0352679894651684	99.22486965138575
136.6490591391111	1.05198047429575	100.82667145124812
135.4053271665058	1.0819445237402554	103.69856445925538
135.0205046511195	1.0397739344637855	99.65674024884822
137.67307924782781	1.0256819283856198	98.30609724581778
134.85293569445543	1.0422560238424643	99.89463516839436
136.6698980301218	1.0414378858582967	99.81622104213723
135.36307302109327	1.0489382382386232	100.53508948475354
137.4140894471317	1.0518988353183418	100.818846794276
135.4288067015108	1.060640853619408	101.65672223835443
135.52142866520444	1.094390661877152	104.89145987074656
137.29143523394674	1.030380224636388	98.75640367643283
136.51663013412926	1.0905954475425446	104.5277089854854
137.4987002213077	1.0275915011638472	98.4891195279105
136.57551047040155	1.0440782632507732	100.06928701661433
137.06859134455567	1.0279701717534855	98.52541306763163
135.69936637180143	1.0269704029943898	98.42959060831454
135.58590298135252	1.0588088044847883	101.48113018061923
136.29939710525232	1.077253115474196	103.24891820493464
136.40906445993014	1.0431229493990632	99.97772532111453
135.2853281163974	1.0189506572847025	97.66094110810921
134.70880813096878	1.073033890697288	102.84452819888907
134.99457555332705	1.046111530391044	100.26416473814423
135.83722120811592	1.0721192299640097	102.75686288617939
135.6962957113321	1.042939499135095	99.96014259981438
136.05388243256502	1.0230941600248116	98.05807356412176
135.8125215136252	1.0427030394649195	99.93747921198654
135.70996829210256	1.0887602559767728	104.35181574262266
136.1456865185218	1.0210375926469073	97.8609626401114
135.47885372216604	1.043200463388643	99.98515462018538
137.32578516705672	1.0300424830135564	98.72403295808517
137.3554085104578	1.0448798241336639	100.14611231685718
136.5107743910531	1.0703967669048133	102.59177406447597
134.58115628313672	1.0805965606479293	103.56936944550824
136.28896829132808	1.0318446233676246	98.89675842003855
136.7375753534488	1.0267774990059944	98.41110179836531
136.5806080292082	1.0213857074691488	97.89432757384076
136.54304837360948	1.077602849608019	103.28243834097125
136.35409441759592	1.077701267896412	103.29187120467077
135.68809181182533	1.0276090636268558	98.49080279554796
137.34570022150888	1.0492949174587936	100.56927526996945
137.06989498034136	1.0254431958555257	98.28321601658904
135.0310767357411	1.0183670531118747	97.60500578646679
136.63680237703986	1.0582755554928591	101.4300211322817
136.74191078949693	1.0925845402507273	104.71835282524704
137.27366462991793	1.0793377869121517	103.44872275197174
136.79137938255448	1.0719399482772303	102.73967970058631
136.82743503071777	1.0986001611514422	105.29491773966495
135.1509272455406	1.0231004104761063	98.05867263626666
135.44257980814584	1.0877055675013274	104.25072952382345
135.51628171059028	1.094628559694055	104.91426109720462
137.32661145216045	1.0435651100762566	100.0201040443108
135.61029766377385	1.020074152295169	97.76862206328404
136.76265594243654	1.0620333506428465	101.79018558991815
136.3752758841731	1.029464670467455	98.66865273272009
135.5131625732622	1.0303162912511397	98.75027600525763
136.93277664435908	1.025088096131596	98.24918161759409
136.85564375128843	1.0254313187334703	98.28207765830909
137.11864377025944	1.0397220773326932	99.65177002169402
136.41089708809596	1.0860137444723996	104.08857738425495
134.8141692803362	1.0599691185021243	101.59234003960881
135.20907595215016	1.0232978785128817	98.07759888571002
136.56022066808683	1.022647095596548	98.0152248427553
137.4350678234504	1.0283986327420822	98.56647874934576
135.38055433560962	1.0178269748009987	97.55324218463274
135.24279472480023	1.0188443244879621	97.65074968134475
136.13183716200498	1.0808715147240446	103.59572231514227
134.92413159682215	1.055459930375952	101.16015860581004
136.0201148989061	1.048004592259978	100.44560453836836
136.68322758865096	1.0365746609568876	99.35010708725972
136.7320942665757	1.0245195524044581	98.1946897586837
134.96719078281245	1.0521230059940159	100.84033234806475
136.88895411016767	1.022592219611186	98.00996527465318
137.46911743713056	1.0302589493253187	98.7447800900231
137.2517943393216	1.023532983880879	98.10013247095681
136.53099426456757	1.095198983373564	104.96893313944034
135.41207908701435	1.057437718485174	101.34971896055163
135.75190666779014	1.0800873016634502	103.52055971037883
135.20149513346834	1.0179030456791174	97.56053316923035
135.4896868638842	1.066965585060107	102.26291373579231
136.18017226304423	1.029621685706136	98.68370179900045
135.26216030322394	1.0705969999340685	102.61096532357982
136.69950824710412	1.0669275831309861	102.2592714552409
136.54879835184101	1.0245403877791706	98.19668671730795
135.67988911537674	1.057480631364361	101.3538319292583
136.82032777024168	1.0675788288593429	102.32168985623927
137.0016573797788	1.024671131007509	98.20921775267433
135.88909685358036	1.0470188168545684	100.35112326675302
135.98178737461436	1.0456529682771976	100.22021402544328
136.38286955946683	1.0947483786024024	104.92574509524522
136.09390479968675	1.0797080834948962	103.48421368816324
136.89995886577373	1.0237430750764773	98.1202685822925
137.15596541072378	1.0234947413994635	98.09646713476153
136.51563759089274	1.0988362038374448	105.31754116180214
135.4557623113135	1.0332487074875727	99.03133233249324
135.1138268140779	1.0166698946760604	97.44234227683928
135.14096236331045	1.0399365476398068	99.67232584731983
135.40506450002894	1.0981803137420891	105.25467762320193
137.18022798771923	1.0277570574558044	98.50498720821798
136.33972736736928	1.1002413102139836	105.45221305205388
136.71906148239952	1.0553847300611618	101.15295106002603
136.64082133395092	1.0218591877976486	97.93970811719373
137.57670404192262	1.0309541282659034	98.81140925316328
134.94901551950306	1.0880904002015523	104.28761366870765
137.18423765461424	1.0662845785592172	102.19764292478476
135.68674253715125	1.0181171032959215	97.58104944070924
136.40517156765796	1.0768378373250238	103.20911602748882
136.1176365631503	1.0264690643829952	98.38153999835362
136.52951499070394	1.0688710885476693	102.44554599825733
135.24326035261979	1.0320330405341265	98.91481719223714
136.67939463045488	1.0253760101755036	98.27677663044895
136.18727524439444	1.022442225116925	97.99558910897152
137.22992301813505	1.0811297803972342	103.6204756910975
137.24486174265095	1.0235021224869358	98.09717457230406
136.18310213165134	1.0273038568817592	98.46155037027538
135.36960600576538	1.0182933188445804	97.5979387534516
136.91717519397025	1.0281954760827772	98.54700727602341
136.4547102858965	1.033528401294274	99.0581394798161
135.30273689193768	1.0435258765143574	100.01634371838067
136.98005879715626	1.028581737002813	98.58402830809625
137.53217402894913	1.0244076019950972	98.18395991395818
137.5811692514383	1.0308073713320063	98.79734339023256
136.33178357422187	1.021016890549775	97.85897845542648
135.94676714884667	1.0543044906815144	101.04941592445869
136.24289768071895	1.0402490919094851	99.70228153486615
134.95107116867916	1.048186162391094	100.46300705904503
135.77079215794444	1.0243347753040357	98.17697986724443
136.21464016772984	1.0415572222189677	99.82765879057797
136.33566134651363	1.0505706063468412	100.69154318989003
137.36817415059323	1.0417475601450483	99.84590165725331
136.22892507956539	1.0222399809261988	97.97620509085566
136.72095442838503	1.024522021806743	98.19492643761352
135.0222053300298	1.0202364154809684	97.78417411707494
137.50002460982824	1.0360726448832245	99.30199154618339
134.9554239834209	1.0695382366449941	102.50948855580653
136.83597097455336	1.0395040386022438	99.63087218188059
137.1159036649328	1.0243446675446797	98.17792798531477
136.66582714747204	1.0865788675419552	104.14274139153059
135.39590112295895	1.0359941560859292	99.29446881703502
136.82867290811777	1.0911893274820061	104.5846291841019
135.12362239117715	1.0398692212751721	99.66587297731616
137.01848569215838	1.0225117066330178	98.00224853865315
137.303460207695	1.0296871094289395	98.68997231101602
135.52794101738888	1.0240472726710086	98.1494242859101
135.93349786791418	1.0275364536115528	98.48384351604051
135.79663912521252	1.0195367585934052	97.71711576679694
136.40137799843754	1.042052910086416	99.87516780711846
136.78748885288863	1.0352357491189041	99.22177958756832
134.81401522983387	1.0697429280634905	102.52910712754422
136.4776368160881	1.0320050601971023	98.91213542739722
135.86278517343666	1.0496049272590895	100.59898804225455
136.59383609467554	1.0772849069977593	103.25196525150972
136.51165767460023	1.0697983643099407	102.53442039365883
136.26759295741735	1.0200129602454193	97.7627571343749
136.00709354171255	1.086143907969513	104.10105285550091
134.61017176767385	1.0907019282371726	104.53791458746709
135.99764415894472	1.086701274262401	104.15447341744492
134.89461099573623	1.0924879048694398	104.70909084360603
136.00836210411163	1.0197813527442372	97.74055880085264
136.16875022563087	1.0303887399176577	98.75721982035172
137.2868535722664	1.0496449914199077	100.60282797662452
136.44482669377723	1.0497765232926743	100.61543459931843
135.74813816701746	1.090661333079998	104.53402375995176
135.03222683345535	1.040643663098553	99.74009906153735
135.77218263332637	1.0180169987287635	97.57145495625802
136.62547331061032	1.0309854285833546	98.81440922027399
136.853935828722	1.0901999522858106	104.48980289189755
135.41568887418987	1.022348060081849	97.98656389673063
134.92499014895247	1.0343302264884826	99.13499011287746
134.57549875232286	1.0799792284110603	103.51020147029962
136.00853911513144	1.0214053586655198	97.89621103533888
136.33962843383262	1.0501865198822267	100.6547305676762
136.46629133996905	1.0554997393545873	101.16397408234002
135.39328467761996	1.057967687167557	101.400513608859
136.96583473357268	1.0317727453691345	98.88986930040619
136.42354885551228	1.0219121074962452	97.9447801857293
137.36766991979493	1.0569152714304837	101.29964521981114
134.91746619596933	1.0836754397066746	103.86446344666074
135.3508062696118	1.02598110557969	98.33477177104831
135.33476241669263	1.0187247373709682	97.63928789925889
134.95368667852497	1.026112905979278	98.34740413059406
136.01122385171627	1.0712345625242892	102.67207226936873
137.13381225400366	1.0474087252987845	100.38849389440404
136.35216473883816	1.0199773393757672	97.75934306556947
135.45476913507042	1.0398828229037422	99.66717662027204
135.02048532551308	1.0684737308791847	102.40746140251827
135.4870076106579	1.02635871766997	98.37096385929803
135.55853381629464	1.019278377543095	97.69235133256511
135.65073479094556	1.0354713906376256	99.24436455997888
137.38157837262227	1.0380215288946149	99.48878159857918
135.96642645237995	1.0606170785525217	101.65444352604348
136.37568177751913	1.0201792618497176	97.77869624886239
136.38961267800022	1.0643155561410367	102.00892271439214
137.74011977504526	1.031637844654107	98.87693979229748
136.2106525075763	1.0653091713342806	102.10415538751303
136.38985033614037	1.0572885854866614	101.33542536460476
137.55175245304923	1.0502716940540209	100.66289405401979
135.1493776839728	1.0495007062066068	100.5889990148213
134.69521069105807	1.0691495386069896	102.47223393908195
136.34030118541207	1.0814205113080702	103.6483406854998
137.75063281309488	1.0256250134163785	98.30064225207543
134.86864231292304	1.0849891695084117	103.99037738359397
136.67122187954098	1.0214506875448042	97.9005555646629
137.45302420181318	1.0244956309269997	98.19239701370671
137.01064183683553	1.044746181767194	100.13330341469094
136.40082334723436	1.0409727701269649	99.77164220044229
136.37055388328403	1.0509800199806452	100.73078328507415
137.64715904091554	1.0337658767252944	99.08090022285866
136.19886888694077	1.0438261794909645	100.04512614381348
136.8895337775539	1.0394778989086062	99.62836683281127
135.89484744804935	1.0199404074654779	97.75580334056905
134.88679216709332	1.0448368157314705	100.14199019278401
136.8940613952916	1.0989839789441591	105.33170461112216
136.464675000435	1.0343702214863362	99.13882341834919
137.26188797112135	1.063880142833447	101.96719069028852
135.14384802952034	1.0423674206465305	99.90531195302938
136.82334225193154	1.0323774711006137	98.94782900986448
135.18949585110317	1.0163369256118382	97.41042898256997
136.14081666796667	1.059631822840224	101.56001206421827
136.54940417085157	1.0248392971520186	98.22533557331455
135.62724059000732	1.0779137695493346	103.3122383453788
136.04683598689036	1.022085058322602	97.96135659239499
137.52772310753366	1.0349439013279946	99.19380754621697
135.8499575955782	1.047984647224297	100.44369291395246
135.9454901739413	1.0579301053527332	101.39691159400381
135.89171693114355	1.0464786124808927	100.29934758247752
136.0944563561065	1.0504744649113364	100.68232855029609
135.8980468420178	1.0316288909622346	98.87608162907985
135.51870890893497	1.0227342856581882	98.0235815413002
135.1370601678089	1.0800731079214616	103.51919931653586
137.33396797474086	1.0538061312300628	101.0016508509579
137.0762331102292	1.0826605863202134	103.76719520692805
136.4914549131568	1.0616254603725102	101.75109150093051
137.3014054958446	1.0234993136207802	98.09690535758769
135.90844123772544	1.018824095176899	97.64881081066218
135.54878951466895	1.0361570323902898	99.31007963494298
135.44772003377312	1.0257251229275395	98.31023721038274
135.92809677535433	1.020020888124216	97.76351697892552
135.8678464081973	1.073201451548462	102.86058800541802
137.461348022352	1.0341437030095444	99.11711284044857
135.57518790128796	1.0176871085363923	97.53983675529906
134.52924271132687	1.0830591334469752	103.80539380584668
137.5336914748658	1.03656911613809	99.34957564619516
137.40064668218145	1.0238999908656758	98.13530811687475
134.80868148496413	1.0661270290601623	102.18254265252055
136.32612568544673	1.0600052984126702	101.5958076894777
135.734289888395	1.0789300975818843	103.4096479220092
135.46775970436656	1.0370684874393168	99.39743770005569
135.8597055002564	1.0190957488889585	97.67484735814912
136.184305691945	1.0474745242432884	100.39480036940185
137.0220423536082	1.0224389759294747	97.99527769182687
136.5875545972372	1.0543021879318542	101.04919521828674
135.1809001822878	1.02293127545104	98.04246195363524
136.06149084773244	1.0189699916928492	97.66279420715956
135.63069816190944	1.0178516076474289	97.5556031105003
135.12385471776935	1.0395546737548889	99.63572528897183
135.4380240905611	1.0182968411928532	97.59827635159218
136.85369612463836	1.0559324995368975	101.20545181865273
136.08890164698172	1.0411225541442402	99.7859981930367
135.29966836504818	1.047398802713652	100.38754286797766
136.30478528017122	1.0232141047034864	98.06956961657194
135.22379454413414	1.0425863496229326	99.92629511813006
137.43186702053808	1.0243496615941952	98.17840663810541
136.05550639178762	1.0284049336099506	98.56708265364811
136.62096820391352	1.0936455002044323	104.82004013151264
135.21942123130245	1.0278583132606964	98.51469203261524
136.97296130731354	1.0347725376487151	99.17738325906377
137.00944983195316	1.048874377377792	100.52896876465374
137.61742141167582	1.0418907139967792	99.85962218413391
134.88914445258038	1.0474266616844434	100.3902130005168
136.16439114418765	1.0968337135898496	105.12561323993289
137.1119894734923	1.0831628452396516	103.81533402346602
136.2030135909615	1.0319570300671832	98.90753199772581
136.3751669864716	1.0394924980235747	99.62976607947446
137.48285059042374	1.0456809388395827	100.2228948534366
136.95989998312527	1.0221955743907396	97.9719489632274
136.19883928303665	1.0432435713544477	99.9892862868953
135.0602132263548	1.0422844463907202	99.89735931680282
136.7978342918838	1.0925774396268704	104.71767226863386
136.08707974543344	1.0397084020752878	99.6504593218102
136.01360383707086	1.0975991531351534	105.19897650421002
136.35087832418355	1.0608305966376828	101.6749080863157
135.3649978399628	1.0986402477017088	105.29875981994317
136.63271409100705	1.0374646190444228	99.43540478421305
136.9359474946963	1.0804622017908594	103.55649187157091
135.1341167528527	1.019008501747617	97.6664851888218
136.24912971948424	1.0401190940187246	99.68982193609855
136.07838468745007	1.0296948163652788	98.69071097942022
135.28397874679965	1.0394427822733034	99.6250010921567
137.4439139570298	1.0272885721275897	98.4600854087818
135.33991227981932	1.0466912203338699	100.31972490188969
135.5718020488593	1.0727537074327398	102.81767413966364
135.0503801767526	1.019129660883858	97.67809764049896
135.74178612728727	1.017842837878723	97.55476257532915
137.16322795171828	1.0234608013548	98.09321416399264
137.10155303672667	1.0280352336887846	98.53164890426041
135.45139051939933	1.0267396513656213	98.40747430556068
135.69394882338707	1.0179003195997955	97.56027188918681
135.32118068431905	1.0713047932200943	102.67880350389709
136.3340488720883	1.0350906047166046	99.20786827711986
135.68960734030458	1.0365599893962194	99.3487008970658
137.34943009012414	1.0255128655850347	98.2898934855145
135.80532929744612	1.0537635086723083	100.99756570799933
136.90778651064537	1.0357535746123885	99.27141037651958
137.66465072633295	1.03006342787653	98.72604041057048
135.8877427046344	1.0184463575570069	97.61260669107418
136.56677717051164	1.026959729913138	98.42856765087092
134.81958056534688	1.0404068440255003	99.71740122687645
136.00420250819906	1.021320386349775	97.88806689581216
135.2667115904269	1.0941043129662096	104.86401486746992
135.67937098780786	1.021251635842851	97.88147752942837
135.00898774599602	1.0223404429028544	97.98583383108526
137.17739427044074	1.02822213804379	98.54956268161217
135.3841134855257	1.0273798353350614	98.46883249645134
135.27058386833136	1.0192546390700696	97.69007612757893
136.03604170926542	1.0273060632284325	98.46176183673941
136.45630650058666	1.0268098971426902	98.41420698554708
136.1531695778699	1.038481801518907	99.53289625450812
135.74487886374428	1.043742627484218	100.03711813326657
136.69788493977362	1.0212364329690522	97.880020415728
134.94802149959568	1.0274810622638173	98.47853455322623
136.77929970804317	1.035030152252405	99.2020742335086
137.5090636953925	1.0430055585242954	99.96647403703581
137.4841543654826	1.0316264529576997	98.87584795945551
136.7657469659699	1.040496504449754	99.7259946963935
136.10764610744494	1.0963812755370883	105.08224948555488
135.153348519835	1.0694543837738206	102.50145170902218
135.92263729628075	1.0304208133364312	98.7602938850668
135.71561238533872	1.066733321349656	102.24065250814036
137.5079311966984	1.0248620584224724	98.22751711868914
136.1096952840598	1.048849863831255	100.52661927303942
135.30195032332983	1.0702245269480466	102.57526579083779
137.14264830857454	1.0287738213469393	98.60243855954994
136.30257062666055	1.0668766261965985	102.25438750710003
135.1087457788081	1.061477550874844	101.73691517096042
134.96667913265105	1.0850321484997676	103.99449668879652
136.09383585552214	1.029758654335187	98.69682950554814
134.62578377792477	1.0751365367520118	103.0460555162852
136.12197223567776	1.0273481729056906	98.46579782286041
135.59897268273966	1.021533354722446	97.90847876909831
136.6207096440436	1.023724543748035	98.11849245411325
136.52166260733287	1.0960451362473533	105.05003234221802
135.6718831137198	1.0898227405170573	104.45364917231346
135.69497557474395	1.079075713252543	103.42360440099563
136.968897442453	1.0283597786856025	98.5627547969693
135.91489086396624	1.0190596151062195	97.67138412938247
136.43005917035035	1.0993717086691586	105.3688664202523
136.43462775509119	1.021765694350508	97.93074727304499
135.76936255038433	1.029839689295001	98.70459627068196
137.07700537061123	1.0259897877470803	98.33560391010444
134.88087331685168	1.0826057272828749	103.76193726320282
137.4623683871391	1.0316599386894312	98.87905738677294
136.51747381013465	1.0963852629725588	105.08263165980236
134.98929263463594	1.0578056470635195	101.38498293625535
137.38645072887317	1.0253753997183244	98.27671812141105
137.01057171816484	1.0933840228913152	104.7949789371409
136.73759528569045	1.0717909703302029	102.72540096549052
134.8702710357547	1.0346307439287121	99.16379309349522
135.16952527182778	1.020634717415861	97.82234921567142
135.1604870351847	1.0309473471819712	98.81075932273357
136.14711600988193	1.0226577996643975	98.0162507700977
136.22836230019809	1.0921307090349506	104.67485554368574
137.02411634725433	1.0480126438824697	100.44637624308669
137.15515182688407	1.0233241437927993	98.08011627154897
135.81062048336028	1.0206451572256117	97.82334981529608
135.32535783749933	1.0320806174864519	98.91937718727314
136.60080424027657	1.0481177971728888	100.45645462051304
137.5636143633842	1.0303018787106974	98.74889464075947
137.4065299927105	1.0359138718492162	99.28677400467343
135.566513892336	1.0206495463856053	97.82377049267885
136.21351490757053	1.0213612266126488	97.89198121539067
135.52481148459574	1.0181980318285275	97.5888060053675
136.78676065678417	1.0951767691853007	104.96680402895177
137.11881440419594	1.0502776334596526	100.66346331411052
136.51061560002756	1.0767321080042014	103.19898244064589
136.85605326126378	1.039517358004023	99.63214877491623
135.85657696235782	1.0183351599466541	97.60194899808545
135.81382483475335	1.0646002105680392	102.03620531049522
136.03157504986842	1.040922013035968	99.76677740621578
137.30143571161682	1.0629472540431109	101.87777831633097
135.44920961850508	1.025901525405768	98.32714443931914
135.697068250161	1.0266723916721343	98.401027825628
136.00318969886095	1.04116924156362	99.79047293112333
136.39143475018736	1.020719253488938	97.8304515436843
135.13936465792733	1.0191335874105703	97.6784739769695
135.15688376505193	1.024661283021328	98.20827387615628
134.7576122538537	1.0478752123131954	100.43320416620804
134.86156898631017	1.0599020691560022	101.58591372033992
135.22282482268378	1.0161311542880103	97.39070690771341
136.1926228164808	1.0526759508080004	100.89332913503232
135.0597877693494	1.0344986251046238	99.15113021467343
135.40188341410206	1.0174126508334609	97.51353146036546
134.72970540647302	1.0760030252374166	103.12910377808176
135.8565867694116	1.0980928619448875	105.24629583871095
135.87576286806205	1.0283338660016046	98.5602712055532
137.29582594592137	1.0317068791065767	98.88355637333491
136.3128339273229	1.0877531904891626	104.25529393111552
137.3346230572599	1.0266959339834836	98.40328422957239
135.90380817884164	1.0296219184002404	98.68372410147906
136.66423470956227	1.056679593851423	101.27705679121101
137.62619701603043	1.0252419501514678	98.26392769805099
136.13193572163124	1.027911891314331	98.51982720094091
136.50008680527142	1.020711543479982	97.82971258078635
135.95360437645527	1.083375144366582	103.83568175314676
137.76846412440926	1.0287419491000556	98.5993837760787
135.4695127840242	1.0219627933518702	97.9496381524285
135.25748324107198	1.0526589183395243	100.89169666452074
136.0921713725639	1.0193276161395997	97.69707058726024
134.4998078858193	1.0942045761238188	104.87362455196306
136.48746684643328	1.0284273813651137	98.56923415026802
136.73960848005	1.0241022984650248	98.15469821236611
135.98183652067897	1.0643527827570762	102.01249068535394
135.82595796433745	1.0189841930723553	97.6641553330175
136.8531268317277	1.0850137648321962	103.9927347131177
135.38479422278434	1.0220290128511735	97.95598493534229
134.9860767635182	1.0448667892683616	100.14486299511276
135.06118018586864	1.0238087811919627	98.12656616012806
