138.90581981712376	1.0711769001622746	102.66654564204816
138.828837977441	1.043111423745015	99.97662064915305
140.42769050448877	1.037653808751348	99.45353760025688
138.07156760363526	1.110692296696129	106.45388390633673
137.65307006810394	1.080738966908307	103.58301831977779
140.5739334787447	1.038166518867101	99.50267810776047
138.16992328716682	1.0273451667699822	98.46550970091822
139.07999087245742	1.0711224704857187	102.66132885024508
139.41037731972636	1.0971075857727257	105.15186241591779
139.15371727427257	1.0399449257139026	99.67312884066894
137.93284093519696	1.026376963384856	98.37271261295378
140.29017156288143	1.0374519586169575	99.43419135032177
138.15577171449686	1.0498768683743847	100.62505213579611
139.77147447492158	1.0570894281481777	101.31633720467684
138.1507755648307	1.0631610841114396	101.89827277851214
138.47804953245898	1.0291269985582614	98.63628869604976
138.53517279136244	1.0292872773168615	98.65165055316483
139.6646611838747	1.045037285637181	100.16120415522232
138.23903744093616	1.0533722626087498	100.96006687672738
138.9586667553811	1.04563659026846	100.21864428137827
139.76158720160313	1.0342752910585928	99.129724847337
138.83997194146025	1.031299587918189	98.8445197031305
138.18705990424652	1.0294224727649828	98.66460830985567
137.807012841694	1.0461179498973838	100.2647800133061
139.05671128622825	1.0623452878111763	101.82008309006487
138.81495771089243	1.0314337019893627	98.857373815656
139.51363638183417	1.0972135648809336	105.16201994353838
138.44399794867505	1.1163295226333405	106.99418169831635
138.36019192271715	1.0375155224985664	99.44028360656012
137.6773498125818	1.0726754818169477	102.8101766350471
140.55772876011616	1.0380555354868317	99.49204094757319
137.8960220575735	1.0288042443270797	98.60535443859726
139.37935591675415	1.1268236861002001	107.99999083440045
138.4319010236025	1.0306653766789917	98.78373396631534
139.52287367859324	1.0330790276331798	99.01506943090068
139.35826289590472	1.0995281640149757	105.38386182381248
140.51591470867743	1.037953644873074	99.48227528015984
138.27939717818015	1.0631153364550558	101.89388811165513
139.95199978874126	1.0352728850299848	99.22533886494757
139.17293650058684	1.0356479590162924	99.26128768958013
139.1691965230967	1.0741210426476413	102.94872586718633
140.2157059946003	1.038536375497514	99.53812687688682
139.03951662381735	1.041519909947324	99.82408260998713
138.16614437374156	1.0275126550313478	98.48156255010437
137.4923517081526	1.1020826564310242	105.62869618514418
139.72712968519457	1.102738436205758	105.69154915010603
139.551975208018	1.0610692632137169	101.69778299420247
139.37085888248376	1.1232514659081771	107.65761273855819
137.58534117452186	1.108573729165894	106.25083060113037
138.4880241954246	1.1202453156267507	107.36948939961373
139.0442367481311	1.1167610596059234	107.03554219655452
137.62711924937364	1.0982920020207465	105.26538234410911
139.03285919670006	1.0313929740166343	98.85347025848408
140.5313421536319	1.0384797346286023	99.53269815418707
137.86238518039312	1.092891005209106	104.74772584349671
139.88357973296243	1.0370437466461837	99.39506642807716
138.9353606296845	1.0346759592950368	99.16812674321244
138.18858639606484	1.089117050135439	104.38601254407531
137.84215043314555	1.0506881589089088	100.70280997082698
137.49236181663989	1.0895481385557713	104.42733005099232
138.35243146798717	1.113248879209135	106.69891859222236
139.4153954771146	1.0785383304365042	103.37209914784674
137.9886338285134	1.045708317618659	100.22551896218206
137.98066409726783	1.0544579294501315	101.06412220531584
139.25364471167904	1.1066524701647507	106.06668825741367
138.20703083084675	1.0278886929238709	98.51760375996432
139.39387770693565	1.0342940433089067	99.13152214968963
138.05514387895354	1.072268096363125	102.77113093000766
138.0268770892727	1.0264188025146548	98.37672266855566
137.4024428891313	1.0793646468765636	103.45129713512156
137.86988870081572	1.109811014329028	106.36941773053346
139.165811982527	1.1258078411511068	107.90262755872158
137.58004531930223	1.0575139952181116	101.35702967522666
138.04357785308872	1.0308271406401037	98.79923817210454
139.22342251259926	1.084175512587136	103.91239274311816
137.32148264740022	1.0978563674146709	105.22362910973564
139.52204246086112	1.0456549210797152	100.22040119106343
137.87307573491225	1.092085603781602	104.67053244770514
137.94698235420455	1.0390252154180037	99.58497955453603
138.3293112908799	1.0285379486289148	98.57983142792948
138.8757564314022	1.1064105960662687	106.04350592574869
137.53492569659232	1.1189994832173187	107.2500830626157
139.2014657399427	1.0337413281381669	99.07854737279217
138.05537890464075	1.0397171380465124	99.65129661767452
139.61481576174677	1.0719660309603718	102.74217958550616
137.82975698645362	1.104440143901134	105.85464868179896
139.96366740964243	1.0352393511788665	99.22212482564568
139.27806403432135	1.0435729779045464	100.02085813334322
139.5897962614153	1.033320495344596	99.03821281255077
137.46073177202322	1.0960358232655638	105.04913974299394
139.12439099010112	1.1070540836646439	106.10518075170756
139.9038622551333	1.0953044786585566	104.97904429520749
140.07709374394466	1.0361708396712934	99.31140298857873
138.7893131877271	1.0297307238321014	98.69415251702327
137.84104121097633	1.0958852698682224	105.0347100094575
138.5038042445221	1.0898843578357933	104.45955486096805
138.2964370369499	1.0307014642828407	98.7871927690837
139.80893751837934	1.037644057900889	99.45260303367543
139.52379960865363	1.1100418021511071	106.39153750222152
140.08790821528228	1.0360028947042004	99.29530636660452
139.74401715210246	1.0343362664731832	99.13556901293107
137.75537707246653	1.086144014016949	104.10106301957738
139.68191752504643	1.0585572347267624	101.45701857212525
139.77080821024876	1.0501577937058595	100.65197731814602
139.5507855471706	1.0531522226680974	100.93897723167747
138.33737647282436	1.098047881303925	105.24198468615744
138.89496208621878	1.0742571282834412	102.9617689435792
139.7740973200899	1.0842462291153334	103.91917054206877
138.02994104416265	1.1151012646564422	106.87645977617042
139.4153954771146	1.0354626177361892	99.24352372455233
139.468295817888	1.0825863387567507	103.76007897723534
139.97161022874775	1.0355395251070891	99.2508948824848
138.74962268649992	1.0807365535571005	103.58278701304242
139.07098216155612	1.0559196153345023	101.20421693713777
138.06394274622062	1.102209635548583	105.6408664507338
138.7282256274152	1.0956810088499684	105.01513268926857
140.09784137072083	1.0528838973778478	100.91325969552247
139.0989729038484	1.0313402575901742	98.84841767248972
138.73440767550252	1.0294367934472446	98.6659808702412
138.4440700240954	1.0481540979360706	100.45993385345719
138.57409597739738	1.0288778330210497	98.61240751919213
138.34934817170466	1.0480277832792797	100.44782727285904
138.55216446581906	1.0829811560862275	103.79792009514114
139.03459900166968	1.0511682560031859	100.74882469559816
139.43515814864182	1.0390073945732443	99.5832715223972
138.83950495010143	1.0777901825708613	103.30039319807936
140.16014890223258	1.0731578575164897	102.85640975187977
139.60426469341144	1.0378827149044916	99.47547702409611
140.12020649359036	1.0665426023619238	102.22237311875487
140.5018131067288	1.0377615366387476	99.46386273895895
139.51500398088456	1.033109183381146	99.01795969718115
139.36814223943335	1.072085716379844	102.75365078935596
140.34862062698818	1.051622584364483	100.7923696258842
139.51587716028033	1.0645602031165726	102.03237081141162
140.06241934179135	1.0558447418840207	101.19704071954004
140.260044442538	1.0439341929562491	100.05547865362014
138.97221239850853	1.0985544801370788	105.29053946008723
139.53779591480614	1.0596174043097923	101.55863012561184
140.15088500498217	1.0370999659296138	99.40045474407555
139.2909851024678	1.1023531833845421	105.65462473888405
139.2372916723949	1.0351944700931197	99.21782321492427
138.63945153445204	1.0500716436273734	100.64372029639395
140.15650282743204	1.0364633803289756	99.33944143748434
137.81254538387196	1.1007737376565683	105.50324335930462
137.64678392111318	1.064702951215084	102.0460524490281
137.81211821807526	1.0472288978416258	100.37125839965496
139.8315817467907	1.095908999628693	105.03698437939215
139.65711675622768	1.0336378442932832	99.06862900274298
138.47445377650027	1.051458658770057	100.77665823916601
139.66674006392742	1.036655481572034	99.3578533086098
139.10934307896613	1.1109072810691574	106.47448900241609
139.46842193932426	1.0758443612313227	103.11389668631108
139.4317027821973	1.1048289508251323	105.8919137346605
138.01478645812173	1.0284793175738134	98.57421195658566
138.5838830808882	1.032367409333493	98.94686464359295
138.53626619431955	1.0732741838291109	102.86755900340142
139.89410692011717	1.0690114650900642	102.45900033497301
139.31408183359434	1.0540217688093392	101.02231855334352
138.2075740176446	1.0324500025039207	98.95478075483486
139.988987061836	1.041099030464076	99.78374357479122
138.36076757970022	1.029544791711617	98.67633192312215
138.36929012008687	1.1229668725865585	107.63033599907757
138.9005724851959	1.0312245599669778	98.83732867746866
137.7960206967584	1.0757909343849696	103.10877601039024
138.27349614274036	1.0277444047496327	98.50377451437117
138.17482912134062	1.1004758511388695	105.47469253846371
138.6289405945178	1.032177532503375	98.9286659704861
138.3681797445221	1.0296312368026062	98.68461722023622
139.0826187209455	1.0309864207156154	98.81450431081599
137.88324908173323	1.0315746248019624	98.87088050943328
139.93713005815835	1.0664145444846052	102.21009945984329
137.9237280396398	1.0271927009862056	98.45089667542582
140.1423262899396	1.0383199987988045	99.51738833387812
137.64020455500358	1.0491601364976089	100.55635723962261
137.44509557377978	1.0877677539985	104.25668976517045
138.47441256587476	1.0795722639448075	103.47119611465492
138.82791458175564	1.096873158440063	105.12939381671173
140.1672179622758	1.0375356183488735	99.44220968574689
139.05451212201135	1.0630967034352004	101.89210223690078
139.80138121392616	1.096384052861607	105.08251567717498
138.88452218632884	1.069992330803353	102.55301103900037
139.72234350577466	1.087394957668108	104.22095924160932
138.87808273793806	1.0326691212889798	98.97578211207463
139.71954386236453	1.054502436554669	101.06838797194945
137.95569139644712	1.0461705786791484	100.26982419902771
138.2831844626338	1.0643038469222184	102.00780044873456
139.24277346983177	1.0754325879891258	103.07443043535126
138.02513071648343	1.0314639898309979	98.8602767424043
139.0365472387337	1.1132492244550292	106.69895168218474
140.08956892107776	1.0692410518784954	102.48100499404447
138.19573794981443	1.0384333254308995	99.52825008215207
140.43876717631048	1.0414621908029937	99.81855054038694
138.37371129995725	1.0684974581868718	102.40973553736681
137.26240125804787	1.1031382607979174	105.72987018721348
139.8836539347063	1.0421094598377802	99.88058779669122
138.42709393906063	1.064297986910604	102.00723879813344
139.57953502256083	1.0333759037558539	99.04352341081189
139.07123238146679	1.09299758295153	104.75794074698774
138.9895711826478	1.0758419938191117	103.11366978258138
140.03743317379957	1.0547830068818953	101.09527912905115
139.16299170876172	1.0314016095108207	98.8542979241646
140.41959641496138	1.0403659865106192	99.7134852537858
138.9769157404885	1.1286030795223483	108.1705361252506
137.71160813171136	1.0897096809901299	104.44281302463347
138.83506356100952	1.0302520847258307	98.74412215507644
139.03383848063459	1.0509368761572466	100.72664818160669
138.32242864120184	1.1049790453353003	105.90629948632902
139.37336587934107	1.0934961427942766	104.80572502691658
138.96722858889754	1.0931842145273	104.77582837991667
137.72306980476435	1.0978880520357763	105.22666591028499
139.5351752487868	1.1049605976618708	105.90453137603289
137.8820778739911	1.1127255257816893	106.64875798052725
137.98300080517552	1.042761401762767	99.94307292439282
137.7455131554172	1.1249594898225406	107.8213176458757
137.69240608830302	1.0752106253321583	103.05315650828193
139.79756117830019	1.0871977673292368	104.20205960801677
139.726009698052	1.0683826537258456	102.39873214713681
140.4688470370116	1.043089176844879	99.97448840340739
138.35955459578813	1.060243663530914	101.61865370425632
138.8158186320552	1.0300737316690365	98.72702797367373
138.90667191113778	1.034036679014858	99.1068551660779
138.369177025172	1.1134558944110133	106.71875988610108
137.38716699312212	1.077816805681584	103.30294488007671
138.0114681574647	1.1094337689282485	106.33326078750052
139.20488408218395	1.0750057484038567	103.03352015642699
137.76123942080562	1.1231288054076538	107.64585638918813
137.70332562187195	1.0575385843708243	101.35938641328634
140.169116017677	1.073717442094607	102.91004292453421
138.79554423352783	1.0393436729379621	99.61550199532327
138.33895883656476	1.0522985970591248	100.85716180741699
138.4100514954613	1.0593982964718802	101.53762981759725
138.38728569280167	1.108842670220925	106.27660715502843
138.7569780875024	1.029534127505717	98.67530981633327
139.36835201347102	1.0701503536998853	102.56815668386712
139.7354035983455	1.073187938338132	102.85929283687497
138.83394289887445	1.0942362451608558	104.87665985886326
140.01840178064373	1.061943865274014	101.78160889852184
137.4374306861552	1.0834292471636102	103.8408672153049
138.74809994223963	1.0398572675740694	99.66472727934632
140.0839589473791	1.0363141954851103	99.32514287243923
139.5051370849953	1.0443927955271821	100.09943324391529
137.54463861915204	1.1115625248039556	106.53729059083267
139.8320794248326	1.0453101705654202	100.18735870815921
137.90256255191676	1.0366284928915472	99.35526658871639
139.12625925327904	1.042562852327482	99.92404302871749
139.1735528927123	1.0594266745305558	101.54034970191869
138.66002500237332	1.0713989812159044	102.68783091680086
139.20699583675665	1.0799681554178322	103.50914018344358
140.45529585944587	1.0382670799371452	99.51231634555849
137.8864573081219	1.1178491407085251	107.13982891909828
140.32628725300444	1.05168543177531	100.79839321225091
139.1255599509977	1.04434384531789	100.0947416295837
139.05680509160482	1.0339663612098402	99.10011558259993
137.8462109991985	1.03553567262519	99.25052564281144
139.7060550129161	1.0864991815101244	104.13510391389012
137.9053236628388	1.089375749042846	104.41080744320058
140.05014268943657	1.0632949467067068	101.91110278842429
139.9364721175883	1.080082310596884	103.52008134348785
138.32045647099704	1.0285943458732971	98.58523680052814
139.83748009036552	1.0939974231431582	104.85377005272893
139.13582085292413	1.0428997794270949	99.95633567939471
137.93758149902487	1.045415183399119	100.19742362356425
138.2543404340024	1.029082834755494	98.6320558330447
138.0400023106193	1.026857195262777	98.41874025601241
139.73103927681257	1.0724859795809083	102.79201386476831
138.92270853671104	1.0465331324721794	100.30457303046188
139.16656408266041	1.0448690512075036	100.14507978981597
137.4630452737164	1.0992772679537577	105.35981478553471
137.35779805171137	1.1209847922122884	107.44036425381275
140.33361640759512	1.0431746197045595	99.98267764204003
139.67144689221345	1.0420768577573074	99.87746306259513
138.062552813511	1.0301635068233086	98.7356324394461
138.71982878606565	1.119475231054962	107.2956809345266
138.8958555520486	1.0962907067573668	105.07356895505092
139.1834057613255	1.0423268350276804	99.90142203971116
139.34455885492198	1.0731828859447918	102.8588085921425
137.99079739943815	1.0266310861593348	98.39706891434598
138.90162190750743	1.0463662948252437	100.28858253917015
139.5657794982839	1.0455506889321464	100.21041110022584
139.85866499480406	1.0410122888946534	99.77542986181362
137.629470511305	1.063721966051633	101.95203029634504
137.49973142170404	1.1116212661743057	106.54292063529984
140.49431831024555	1.0383340794172944	99.51873788544204
137.0931852951434	1.1124800882449335	106.62523411246609
139.93260955090756	1.0641360184636335	101.99171499347433
140.22360530039856	1.0380184320369796	99.48848478142816
138.83262511528602	1.0306569723258652	98.78292845426245
137.65141734646895	1.0783420744589485	103.35328906776175
139.3834895732094	1.0796793164753336	103.4814565240324
139.57951395447517	1.104024991627919	105.81485856888673
139.6792890998305	1.0462082304995934	100.27343292354523
140.2572240066015	1.06586718148927	102.15763766017712
140.08322448330378	1.079080469983966	103.42406030812327
139.95417597305564	1.037448726110725	99.43388153198214
138.52764339330224	1.0305881877660166	98.77633582408895
139.0443409501899	1.032278825218401	98.93837433252122
137.46073177202322	1.0795618921965051	103.47020203835406
139.23470790633698	1.112880237449685	106.66358626194486
138.7594853857829	1.0841871575824062	103.91350885329403
138.4973102265794	1.0299433145845058	98.71452819743749
139.05800373144436	1.0969899524060869	105.14058789029721
138.39439312571608	1.105553731959263	105.96138010886672
140.0354765263544	1.0376639340913598	99.45450805964815
137.88897310401288	1.032150799003871	98.92610370831765
139.12154176335343	1.1130497216018242	106.67983040652881
137.71344548445026	1.1185970049971095	107.21150768952953
137.50406875100745	1.1001372597724663	105.44224037676422
139.85156701749804	1.0350764933517598	99.20651577868315
140.07128303758816	1.0626702208562304	101.8512261751105
140.12885714256907	1.046526554124966	100.30394253125644
138.81902387818243	1.071466045194387	102.69425863850284
138.6170680362322	1.122031112007889	107.54064837965126
138.1477862980334	1.0967634249938933	105.1188764559864
139.5166872322139	1.095396385008781	104.9878530246514
139.06237119418483	1.0450759473016715	100.16490966786118
137.5577134357996	1.0607653210164774	101.66865176904189
138.1514102945757	1.0390244440059708	99.58490561884093
139.30311346453936	1.033713610382568	99.07589077496984
139.2003681572287	1.0479457335130313	100.43996324398557
138.2795716539499	1.068800109296705	102.43874301874229
140.08786563383907	1.0487732318518104	100.51927450989703
139.60990359167047	1.038391210176507	99.52421356149272
138.02837840440873	1.0605366984245612	101.64673952302145
138.91925757724525	1.0770642578188085	103.23081721424509
137.86900288269675	1.0394097284684545	99.6218330627083
138.00235158742797	1.081812565336048	103.68591695581654
138.6595803612997	1.1206869940192852	107.4118218984189
138.80551966515768	1.031637715442	98.87692740801185
139.85765850174883	1.0376898408263626	99.45699108088508
139.5590611335156	1.0622334170181085	101.80936087613291
138.92349854892518	1.0636366446116912	101.94385269514144
137.11561259976347	1.1240054433075448	107.72987741778486
139.78540467699906	1.0554877540269636	101.16282535313822
138.18606617226098	1.0271223657414688	98.44415542044456
140.4259214793739	1.0374845667191974	99.43731666157186
138.6154356486884	1.1189234191643336	107.24279273217044
138.84280511570614	1.0874371401374074	104.22500220445606
139.86978019136683	1.0498527783168516	100.62274323332552
139.17239324609352	1.040626150949166	99.73842061618997
138.2587619233946	1.0276811832334536	98.49771507201821
138.46555305845874	1.0347969271169821	99.17972085844316
137.0615121561147	1.1255111764632122	107.87419384369701
138.88280838119604	1.0376491760165707	99.45309357754094
138.89513870029091	1.0849804202837645	103.98953881746034
138.0627265530472	1.0755170699949164	103.0825275813055
138.1306934928814	1.0522094547331682	100.84861799483564
137.87341175951389	1.0727923236461843	102.82137529606416
138.84980052533993	1.0317932083119998	98.89183056344064
139.6091552143634	1.120476957190716	107.39169099787061
139.40359627345504	1.035792626268346	99.27515326774339
139.6593746860407	1.0337379453977456	99.07822315531342
138.76775414063098	1.050565801078447	100.69108263075472
139.71277256206568	1.0397839212711333	99.65769743062859
138.34810462833175	1.0462735818456765	100.27969649864136
139.62272265469346	1.0687795083721707	102.43676853090687
138.5342135044414	1.0945213864664325	104.90398911965947
138.72042925345588	1.079612090454608	103.47501327145281
139.17702154745476	1.0327104621074228	98.97974440721273
138.99571272817997	1.031080214081799	98.82349390059221
138.2536839113362	1.047606482972735	100.40744790401311
138.02062718601073	1.1285604592570209	108.16645120200884
139.69459718653707	1.0398099768878857	99.66019472138062
139.4925486367678	1.0463398249206428	100.2860455411557
138.84091631506874	1.053668151273456	100.98842621410238
139.58851085452824	1.0389463934489465	99.57742489266592
139.32142687284488	1.0705913100476219	102.6104199785612
139.84979798246522	1.0606270575570815	101.65539995996858
138.35042730418238	1.067558992853299	102.3197886817278
138.02061697437054	1.0379067733298737	99.47778289479515
139.52897672255799	1.1057700067081067	105.982108880529
139.00710261510878	1.0397336215230908	99.65287647026491
138.2480832950146	1.0440494711075068	100.06652744451156
139.68005966760228	1.0683227014243475	102.39298604143086
138.8126758227103	1.038477887986253	99.53252116344821
138.06895090326705	1.1088434498959758	106.27668188268935
139.24542043338457	1.0358663393268037	99.28221826800564
139.96837135413313	1.0360398742624566	99.29885065840632
139.99076121149722	1.0419715478509979	99.8673696743779
139.18853671671218	1.0621493068144612	101.80129936541475
138.61953738099768	1.029266945886516	98.6497018948982
139.20817720414988	1.0341803832461183	99.12062844387674
139.8615468592984	1.0452280713844528	100.17948994315067
137.78621006156442	1.1240846621678884	107.73747011955052
138.19794099339683	1.1157331412178881	106.9370217466778
138.1432413081622	1.094738065177963	104.924756608973
137.66743979756663	1.0946615787728082	104.91742579834347
139.3122588408813	1.0685900264606185	102.41860770862087
138.0988157709103	1.0333672142983719	99.04269057303966
139.5370802169648	1.042272907171309	99.89625334467425
138.43245690425292	1.0602150274165758	101.61590908668732
138.4578074075725	1.0756861242131217	103.09873051903382
137.21724098202807	1.0961756035027856	105.06253692706541
137.62342027981805	1.0690570875009129	102.463372997719
138.01242789016763	1.053820295115954	101.00300838325448
138.1112330454419	1.0592653328251675	101.52488596706995
138.78139330789912	1.1283802225751307	108.14917648526985
139.9706969502337	1.035761338920506	99.27215454370021
139.50285472831507	1.0575191581835435	101.35752451769952
139.22277412527754	1.0325777629872654	98.96702591013327
137.58774119355166	1.0570936812212615	101.31674483886107
138.6054151853646	1.0785447926805085	103.37271851918393
138.91630574088046	1.0304140579467054	98.7596464172886
137.63176106645295	1.0991142019981053	105.3441857905703
137.96270864815577	1.0455699521896888	100.21225737987339
138.10993389845126	1.0716066204570724	102.70773202148978
139.37791866082432	1.0453614940406708	100.19227778727074
139.1988315823507	1.053657573210012	100.98741236360466
138.52693176838022	1.029644674092945	98.68590511225638
138.08552217869368	1.0478678965342918	100.43250298814066
139.11741954552838	1.058405380080503	101.44246412087747
138.0234150394328	1.0275926005066172	98.4892248940033
138.18494952734903	1.0363096506519975	99.32470727462515
139.7497251344257	1.073220527899236	102.8624163710569
138.80138200522114	1.1240613718108552	107.73523786407245
138.89092091116058	1.1160791294717092	106.97018286025965
138.90525868997585	1.048117997527359	100.4564738234116
137.35474308785223	1.1072875518128278	106.12755741823936
139.83576451947738	1.0345085455432528	99.15208103536901
139.73083850632955	1.091801827148005	104.64333398337966
137.7743076215903	1.054584602095286	101.07626309717355
137.68851985440907	1.0920731064314633	104.66933464389867
139.87589516984735	1.068086154372106	102.37031427850192
139.9275165296231	1.0389106318984718	99.57399734036014
138.39908395812063	1.0333027386459852	99.03651092847531
139.09586436001734	1.0352176998242402	99.2200496597346
140.36542841337823	1.0375661352543066	99.44513456702845
140.25688214692542	1.0663795494767896	102.20674537652931
138.7063512143758	1.0419360612115618	99.86396847081681
137.6055675642677	1.0944210175903764	104.8943693026217
138.14521689620238	1.063521891385388	101.93285421548413
137.19976666624453	1.100763314648612	105.5022443700416
139.512489732102	1.1057792735730527	105.98299705970165
139.39124373990896	1.0860177341943837	104.08895977765243
137.17303345488986	1.1025223825835315	105.6708415722409
137.99260384653272	1.1095772179138563	106.34700960137614
139.5901439592623	1.0517422917444887	100.80384293453302
138.93907265721393	1.0335464904791853	99.05987323091553
137.3078216989949	1.0830856596429068	103.80793619908246
140.56323365332312	1.0445487392722055	100.11437961329051
139.08648775096023	1.0799677685190379	103.50910310127469
139.6869003114369	1.0538646001575742	101.00725478324405
139.58559247447272	1.0714192572231902	102.68977426306529
139.2025528935015	1.0798207326829876	103.4950105070724
138.91996438085144	1.0814153940093756	103.64785021993814
138.79677809312463	1.0709923893861117	102.64886127635702
138.30058494740243	1.062142309280735	101.80062868943621
138.24191922307412	1.0973578046058796	105.17584454552738
138.21208371541601	1.0539289147009765	101.0134189863786
137.43509811589058	1.087999383269434	104.27889018520636
138.13389668114093	1.065862838097018	102.15722136938632
139.7557298111465	1.0633905617693789	101.92026697801279
137.62411951701304	1.0806312954469866	103.57269858921198
138.09172883598362	1.111241126279356	106.50648627056577
140.33454734464135	1.0423292442083731	99.90165294672524
139.05412649660587	1.0668254320379866	102.24948082229294
138.92172103901657	1.065710261347993	102.14259770847154
138.28547339127212	1.0721458047575956	102.75940993723904
140.39267609630272	1.0497336432676583	100.61132477950736
138.57285723862785	1.0493093339906077	100.57065701701914
138.9197668906016	1.0603783760297898	101.63156517285903
139.41611989785804	1.0389062090513401	99.57357343424637
139.81894032378779	1.0376946613855578	99.45745310556143
139.84834678650108	1.0351657919047497	99.21507456478552
138.60845210547987	1.0734967872206864	102.88889434143735
138.49904188335293	1.1259649476921396	107.9176853758414
137.72126257107004	1.0722784183520522	102.77212023713999
138.5592227946012	1.0397973346555658	99.65898303139618
139.9790126720791	1.0512697351613949	100.75855092720977
138.6298500091787	1.0882861725005706	104.3063773908058
137.94017115186458	1.0547078669028833	101.08807736612701
139.52110604262046	1.0335320322920971	99.0584874914318
138.3044046085683	1.0292046421986858	98.64373042145685
139.27538391254987	1.0751255522737866	103.04500271311618
139.51636109774395	1.0578077628623606	101.38518572419659
138.26398408204903	1.0369523335396424	99.38630497338784
137.9687883170915	1.0261942607060173	98.35520154366812
137.9672479305965	1.0393717962203062	99.61819746070341
138.4214021977639	1.0698856632050127	102.54278752330293
139.62849022455742	1.0622339523288513	101.80941218278899
138.17370247907385	1.031220835615037	98.83697171836278
139.04985355043087	1.0513423122255112	100.76550704852318
139.54573244345616	1.1114016026598383	106.52186706867556
137.6429416328488	1.0569821095400818	101.30605129319513
140.08332028232758	1.078072522924251	103.32745400267054
138.99093474855744	1.0425638199726563	99.92413577230394
139.54576402373132	1.0439974568100194	100.06154215380357
139.60166153426314	1.0343952549164372	99.14122273800746
139.36844641208	1.0333727233334926	99.04321858443122
139.9342861214943	1.0867567065965424	104.15978630858581
137.71169949026185	1.0430579838262324	99.97149872031014
139.01667255046934	1.0324382601223197	98.9536553107029
140.41700231076615	1.0381925742783087	99.50517537881211
139.79545552573316	1.0869602472275717	104.1792945835331
138.0733359960244	1.0976785654231669	105.20658774497767
140.27617969190058	1.045748724016547	100.22939169813479
139.56589534026637	1.0336409325901181	99.06892499938732
138.4152685933345	1.0444346043719142	100.10344039685639
138.9090827924269	1.1306938722560989	108.37092736557248
138.1763040359071	1.0386688238324993	99.55082133755609
138.07133250402146	1.0511304836199922	100.7452044157895
138.45845626647707	1.031409951573216	98.85509746598588
138.09220944860266	1.1132819298697003	106.70208632030808
138.01282608238296	1.0309259594686475	98.80870942542363
138.78762337025523	1.0567277631130623	101.2816735559096
139.61866362272508	1.0334561956365127	99.05121895580459
137.9977683887594	1.0557860298965056	101.1914134912596
139.20102670393396	1.112542369983273	106.63120348216675
137.3329198596127	1.1029221390625892	105.70915608107381
139.8929300510624	1.0395859180518812	99.63871988682277
139.82580058564523	1.08634906372379	104.12071593132622
137.48834890011136	1.110897989937935	106.47359849745135
138.42608522957528	1.0677234578072865	102.33555176315959
137.6053345668411	1.089906909233442	104.46171629116286
137.912660171301	1.0268159510570827	98.41478722068675
138.1058320829444	1.0391987139295396	99.60160845388098
137.4912701112533	1.118363571801067	107.18913437297255
139.2345719223935	1.0381278862744023	99.4989753814965
139.28357130413337	1.047954829474392	100.44083504296859
137.7927977242366	1.0608075370139833	101.6726979453869
138.46781929685164	1.0742316515670252	102.95932713731139
138.19678310286653	1.0609058196870849	101.68211781109001
138.6665916702859	1.0554687135772545	101.16100042842335
140.41572674964775	1.0380683705816525	99.49327112239123
137.76626917162372	1.0686571148679405	102.42503777169571
139.8389521410666	1.074178743022781	102.95425613786053
140.11788429488502	1.045991804921604	100.2526896957204
138.18617886254847	1.1005635991891318	105.48310271721745
139.19198551934485	1.031847567347843	98.89704058471129
138.7893235548811	1.0396872146544391	99.64842862145692
137.7469149163823	1.06697054498314	102.2633891177431
138.58704261384645	1.04076434193834	99.75166547938221
138.29197122297808	1.0412762389106083	99.80072805145545
138.1027533791363	1.1156912917640285	106.9330107015702
139.2728295570271	1.054796668996311	101.09658856925007
138.57184562447858	1.0466861346537955	100.31923746680273
138.22651741811123	1.112676539868927	106.64406294421005
138.98424218370909	1.042383926532789	99.90689395346708
138.6282688783033	1.0330500286200632	99.01229003143523
138.29743291539893	1.1297490911317722	108.2803751753528
139.9794269026972	1.0440158341416486	100.06330352221637
138.2379093853777	1.027322535113616	98.46334057835693
139.07165984339628	1.1255630297152286	107.87916369906266
138.34170240179216	1.0642230799194414	102.00005936584179
139.03307797122596	1.1059984181543097	106.00400088936827
140.12416940473088	1.0639668669659916	101.97550273203514
139.12404656937838	1.078774719393339	103.3947557581811
139.80327547079344	1.1028826506097726	105.70537132521993
138.03008403317298	1.0265992353822855	98.3940161886429
137.82311377095792	1.0743629092617668	102.97190748151598
139.6773891218819	1.0986544733976646	105.30012327640205
138.92976711515462	1.0851475528296932	104.00555757323475
138.5775026655186	1.0289134527812889	98.6158214816663
137.926796072387	1.0600718445089405	101.6021857749545
139.33144555418278	1.0335180105968136	99.05714358734036
138.760252105285	1.0295616984612987	98.67795234416334
140.62606941360042	1.0384632862411953	99.5311216647051
138.63644375570968	1.1022652091753256	105.64619288401069
138.83128661468334	1.0436495760634437	100.02819965496802
138.0675914981687	1.076828635740106	103.20823410505584
139.43102013980953	1.0396494693501654	99.64481093701711
138.09914304114096	1.0267159452627828	98.40520220308284
137.99895242780457	1.0370317054262148	99.39391234189462
139.69444936126953	1.0794223618899605	103.456828808794
138.17196135335118	1.0646385660452382	102.03988147672871
139.1120768261218	1.1292483379043157	108.23238067129444
138.41389995373495	1.0606576535300516	101.65833241944834
139.45850137798752	1.130344417371723	108.3374339940937
138.76905985796574	1.0558155349978349	101.19424139655874
138.9572832677373	1.033963986498247	99.09988797926371
139.1230341950431	1.032727305614026	98.98135876674493
137.587974112649	1.0662935284313542	102.19850072190128
137.71826757461744	1.109314915921927	106.32186936597493
139.20611767043545	1.0319693898961173	98.90871662086434
139.692950016107	1.0463414616651237	100.28620241431263
138.49238357428902	1.0287849071838489	98.60350107740379
139.47581112025355	1.04355404222009	100.01904324981446
138.97173376468785	1.102990853359759	105.71574197694738
138.6002404462807	1.081145790786541	103.62201020081692
137.95145906730778	1.128628421649783	108.17296503188831
139.11559335600154	1.096012012182972	105.04685757877127
138.88483379357203	1.1100486127621527	106.39219026266628
140.00058927388457	1.0713101888243397	102.67932064354922
137.94076250810727	1.0280108266333183	98.52930961924255
137.0859122473775	1.119521191830204	107.30008602768012
139.81907794293664	1.0584384577907078	101.4456344415257
138.42904965734652	1.0447285848291918	100.13161684281073
138.4389426279235	1.076896133836119	103.21470343458863
139.113934190665	1.0358504814810792	99.2806983787683
137.96006686740176	1.0273360026748388	98.46463137167852
138.17196135335118	1.0678810450900935	102.35065565679326
138.76093594606655	1.0461927436091283	100.27194858837467
137.81527119123044	1.0928834374973335	104.74700051901858
139.25963067139506	1.0397299978176056	99.65252915758057
138.9732945440855	1.0926256813839224	104.72229598162792
138.94014368565828	1.0798944150688015	103.50207256752665
137.61082547782632	1.0583128568363904	101.4335962654717
140.0341366942055	1.0693069310236516	102.48731915584352
140.45560696724576	1.0519437324538627	100.82314994328199
138.1358821441438	1.0286012043024788	98.5858941440841
138.23444333392098	1.075878424088698	103.11716142801798
138.14469484223002	1.0271221551491538	98.44413523630364
139.09329839332523	1.111850378728624	106.56487984158176
138.2784632297802	1.0762816708154166	103.15581045832043
138.81637875737698	1.1060019223436364	106.0043367470715
138.44270060859745	1.0886665231945107	104.34283195948954
140.13969396699068	1.0446928462961236	100.12819149659958
138.15371381524332	1.1178954922573479	107.14427146579814
139.2166671524302	1.0350107381226465	99.20021349357044
139.64687297925835	1.0371656405057919	99.4067492990381
139.46295697486033	1.0332829318149233	99.03461255022897
137.88552028177648	1.088055772867168	104.28429482491492
137.8139591243053	1.0449463173375364	100.1524853328821
139.43532619698598	1.042217629003744	99.89095522957071
137.6650868258238	1.0652693875776482	102.10034232837641
140.031425243524	1.0374841852267376	99.43728009757105
138.28890184399248	1.054428605578673	101.06131166992525
138.08819084728364	1.0682036185310482	102.38157258647469
137.70684755774124	1.04492873092289	100.15079976960895
137.80487727534415	1.0634046555829242	101.92161779425182
138.03601842702514	1.0382330029158098	99.50905024631219
139.5040011522337	1.0542381740055118	101.0430598276808
137.82980785662144	1.11351846848305	106.7247572744146
140.10700980790753	1.0685840061718825	102.41803069631955
138.18850443561752	1.027454603623753	98.47599863485705
139.50731436317545	1.045332353343988	100.18948480819736
139.6299348599575	1.1051249811209853	105.92028664661933
138.6098363405475	1.0291687419755131	98.6402895781187
139.98639500873068	1.0356927236073397	99.26557813491108
137.4926246379927	1.1259586973844564	107.9170863174609
138.90479108883218	1.050315366405404	100.66707981405241
137.88928886030666	1.0352677600365914	99.22484766189038
140.07731724671393	1.0732538829344498	102.86561327181592
138.32647593761664	1.055514252833629	101.16536512126015
138.99433862173686	1.0639633553209351	101.9751661597403
138.62714248195022	1.0686046858600529	102.42001273322595
139.427313032402	1.05686314549165	101.29464922888043
137.50918503598766	1.0848227453043477	103.97442651857821
137.9434440876802	1.0599470927197119	101.5902289868079
140.4592760480693	1.0409555100829766	99.76998791804165
140.63903435035328	1.0394787912156842	99.62845235564632
139.7162267579759	1.0344399224911627	99.14550388484565
137.90412138979562	1.0404961624433418	99.72596191691804
139.1797276848557	1.0683186487563285	102.39259761499441
138.61071441977498	1.0302782977104028	98.74663452868772
140.65603201896602	1.038558726330346	99.54026908402244
138.13790862369993	1.070751108544294	102.62573580515308
138.7522228531004	1.1216327638554684	107.50246885135327
137.94438216356738	1.0278294036107114	98.5119211981254
138.38885932248448	1.0856498215141157	104.05369732569395
139.48957289370702	1.1082174940701617	106.21668738285359
137.61339890756986	1.1208825844265604	107.43056818717163
137.77188884224432	1.1110212577199738	106.48541305148905
139.6968674167661	1.042795472089409	99.94633838198875
138.13675208769038	1.0485913713392532	100.50184415772073
138.3437062225141	1.0320539226102001	98.91681862693574
137.3309849324862	1.1272325363348388	108.03917693080426
138.43789250220087	1.0359595323041366	99.29115031373911
139.51595080262894	1.0812419385422916	103.63122544617242
139.51065935612087	1.0477886404021017	100.42490671406895
138.85734711491466	1.0299855457377993	98.71857582638324
138.31601936678248	1.1086127480773411	106.25457035396894
139.18984305306012	1.0351744262295002	99.21590211838192
138.49631042787706	1.061858368119951	101.77341445606463
137.77131973404198	1.0873846235072613	104.21996876786396
138.99978322047224	1.0615140062711583	101.74040922465878
137.1052456958237	1.122923854558019	107.62621295237089
138.01386752271435	1.0268302172923678	98.41615456262237
139.3270018707131	1.0595086407206014	101.54820572046253
138.40925920197125	1.02850414512361	98.57659154372388
139.84636602729339	1.0349579929164534	99.19515814919343
138.83123473553482	1.039409077443028	99.62177066542206
139.4716591673137	1.0374361897041147	99.4326799848229
137.77278316771728	1.1092612669601907	106.31672740148903
140.5565891555258	1.0418271700100372	99.85353183471157
140.54378662368097	1.0379630835646216	99.48317992798825
138.4624628964479	1.0691092816799432	102.4683755291056
137.38352524356262	1.11942747796838	107.29110405796926
138.17667277117823	1.0549076909568922	101.10722942715277
139.329087417488	1.1121421179178121	106.59284147404212
139.6755208826176	1.0413507027517324	99.80786501019895
139.85782801490052	1.0456525582506406	100.2201747266027
138.62022964576954	1.0459766083484632	100.25123318590421
138.6411673923527	1.0570884629353507	101.3162446942178
137.9798784157497	1.03222299728097	98.9330235249324
140.37001144127458	1.0393718311049038	99.61820080420449
140.13790364385676	1.0503303212071164	100.66851315137731
137.82120133360485	1.0870386870525608	104.18681261894926
138.32844834059043	1.033070691860066	99.01427049187323
138.37316634309164	1.0706606608861307	102.6170668834991
138.17400974269157	1.128424965288499	108.1534648337429
140.3946260196993	1.0501429801242452	100.6505575160081
138.2672777020352	1.0275627360276245	98.48636254428766
138.55069926367605	1.09183516317988	104.64652906277085
138.16993352850295	1.0716306136898484	102.71003164382807
139.63305626229953	1.0572979055704141	101.33631864451385
137.68932142986216	1.0454893911555483	100.20453603796682
138.87388715632568	1.050616757172213	100.6959664983265
138.94319052332756	1.0667408423285039	102.24137335351898
139.7332266722042	1.08193867557579	103.6980039441398
140.45159490635098	1.037560572751447	99.44460143104163
138.50054682359135	1.0818622319871	103.69067723723816
138.41943648220666	1.0570747106410994	101.31492661076658
138.72276907408863	1.0302854656224922	98.74732153451616
138.29218680502484	1.0683145187403604	102.39220177517296
139.43658657792048	1.036247407497149	99.3187416029446
139.80052406059343	1.075394779620025	103.0708067064869
138.74394629624103	1.050313064308132	100.66685917040839
140.06803743667632	1.0582612235983033	101.42864749725807
140.60617669455	1.0384389527628017	99.52878943165399
139.05546056478917	1.0339874080410236	99.10213280818982
139.5483431484461	1.051840684167552	100.81327331917977
139.18381329230223	1.0507270094668506	100.70653358788736
138.6709251055999	1.0528322458593709	100.90830917523176
139.03132780195594	1.0460627409661063	100.2594885341284
138.52693176838022	1.0316997676648583	98.88287477988789
138.82680445441233	1.0300290904239569	98.72274935039052
139.0032709912818	1.0306716636324234	98.78433653699376
137.71448092724165	1.0634173991583162	101.92283919742475
138.13062185836745	1.0570794427643093	101.31538015932932
137.91876453146475	1.0505420719303538	100.68880831951311
138.34993398364276	1.0907859534773312	104.54596795489175
138.60839012569275	1.063298516259064	101.91144491082251
139.57677518078665	1.1046192086322637	105.87181107335971
140.15569262634745	1.036289865808427	99.32281100376161
138.84681126930872	1.0468223348867065	100.33229152671245
138.1180464328292	1.0277705271135371	98.50627820247878
139.0047911111065	1.1308886534738485	108.38959609786056
137.89562476444314	1.1156375878704534	106.92786347216295
140.19807604509248	1.052913662731907	100.91611254464627
138.0556241499799	1.0428595726376966	99.95248207484232
138.01161109524585	1.039400203101759	99.62092010753307
140.03915594027703	1.0538060582103643	101.00164385241246
138.06946196710237	1.0980861242206108	105.24565006407104
140.37718669637454	1.0445060958363979	100.11029246928283
138.77377523105307	1.1274981162686888	108.06463133931148
140.0908570722543	1.0785173568157052	103.3700889390785
140.03849660259482	1.084249734847611	103.91950654765554
139.38111844855766	1.0846223794260779	103.9552225266107
138.72449812652974	1.0673266776260424	102.2975225164671
139.7456766258639	1.043571854409485	100.02075045238317
138.87912130257226	1.0815496875294552	103.66072153167627
138.55491957347968	1.0287114790225191	98.59646338299925
138.8733367719745	1.0433076089848443	99.99542394940737
139.1952777825232	1.1242052171440498	107.74902466573292
139.73478009981173	1.0515584455407399	100.78622226453403
139.46473302145006	1.110280649578657	106.41442974375354
139.721413794966	1.079438054340114	103.4583328457553
137.53865888830904	1.1145969962208988	106.8281283583199
139.35662701781533	1.051514161659456	100.78197789264892
138.05420378693213	1.116194877899078	106.98127672458743
138.09460235275617	1.0582219782304418	101.42488603978994
140.25562156057063	1.0376032230335106	99.44868923122614
139.16048493358096	1.0330856486422038	99.01570401901125
138.66834982107204	1.1136680680167887	106.73909558525412
140.0152447870512	1.0642453336975413	102.00219227080329
140.10113158358723	1.051949820145446	100.82373341578376
139.60448602104532	1.0737071206460453	102.90905366919301
140.64197457181044	1.0389763322719616	99.58029436785633
139.23707199471986	1.1179068534848	107.1453603783546
139.58761530417553	1.0337221268888117	99.07670703629591
138.3595340369877	1.0574041307152027	101.34649975341762
139.30743975974946	1.0528820737869713	100.9130849141433
138.5774097527975	1.0998704727283188	105.41667027322619
137.4114349356548	1.1123528463728005	106.61303866326348
137.4531050092709	1.0935608743861565	104.81192920190504
138.29233052689494	1.0293042314949212	98.65327551996101
138.58513241508166	1.0310656675044247	98.8220996893749
140.22294341645954	1.041787961424666	99.84977390264736
137.67484423696624	1.0873443626157644	104.21610997791636
139.23210335588502	1.077247761100521	103.24840501701095
138.66786373795492	1.0558241375822464	101.1950659080143
139.84631306693134	1.0500491874725255	100.64156799470943
137.87735257428866	1.065121419568717	102.08616039041623
140.23715458864714	1.0568369145501737	101.29213513419643
138.66240338169376	1.0323216137796543	98.94247538602245
139.09486299138106	1.054829503275911	101.09973555838384
139.67943687900473	1.0351677578140752	99.21526298662275
138.7210711403172	1.0825724386123983	103.75874672314698
137.95461033483545	1.104538669799824	105.86409185936678
137.9680538224363	1.0673267343492894	102.2975279530853
138.10465581221322	1.0274275100797128	98.47340186435592
139.43340417841597	1.1180121223914083	107.15544983697094
139.43657607461222	1.0645823429817345	102.03449279843059
140.0618128822614	1.0507858326766955	100.71217147623004
138.4290187769993	1.0485891120952984	100.50162762133672
139.34079536796438	1.0419856357041157	99.868719919342
137.77330147701983	1.045523030998987	100.20776023606265
139.77628665841928	1.0509414310356167	100.72708474220467
138.7040846041796	1.1073839173367543	106.13679353550349
137.95184659146273	1.0747178407079634	103.00592575199514
138.94881674318722	1.0459869265875004	100.25222213362974
139.0101743743067	1.0469668272921513	100.34614034676846
138.94872314099507	1.0432269870985575	99.98769677514983
139.70465035985274	1.0439699515904257	100.05890592641444
137.55226857244975	1.0598658724335974	101.58244445914478
137.78993076841246	1.0667408334639654	102.24137250390064
140.5124990065236	1.040789353332772	99.75406268704009
138.85803228116507	1.0443363231619178	100.09402067138404
138.89320636849232	1.1270967207674853	108.02615973901972
139.015204138406	1.0943766813947122	104.89011991668457
140.20539616567336	1.0705918790510387	102.6104745144789
139.88983428032023	1.0437541319080483	100.03822077042581
138.61901043954995	1.043887481134541	100.05100157670158
140.03944307403341	1.0356157644352868	99.25820201211666
139.51228986012916	1.076177723835451	103.14584769926412
139.6949667516731	1.036265665344772	99.32049151945795
138.37391694557326	1.033308027114357	99.0370177997301
140.26977836591044	1.0385635780767508	99.54073409782517
139.86638920253554	1.047593529972958	100.40620642863907
139.12725081819616	1.040949815239112	99.76944209788115
138.32785250248406	1.0411319689545095	99.78690055197302
139.66558980967142	1.1176605659255585	107.12175504020912
140.30918315629245	1.0370667316498074	99.39726941707295
139.36297159233274	1.0323768599443461	98.9477704338227
138.32319904089857	1.0353611675835246	99.23380027296619
137.58877414700822	1.1000341461396541	105.43235748955125
138.11946856008467	1.0271500410876655	98.44680795355373
139.01068461706956	1.084970248482853	103.9885639050417
139.21495231629993	1.045967179087524	100.2503294419489
139.10043336078675	1.0472477488236938	100.37306516491529
139.30944066881526	1.1164558502361757	107.00628951972323
138.6689496747863	1.0292296746254876	98.64612964495429
139.69741651163284	1.0340730944683483	99.11034539147134
139.78514020914116	1.034646466743818	99.16530004077389
139.41472356018582	1.0353584998293224	99.23354458307172
139.64016452626242	1.0381881643489828	99.50475271080055
138.0916879329894	1.031146782161423	98.82987409305527
138.96566799936915	1.072484363351768	102.79185895789645
140.07690217097166	1.0664966633323378	102.21797010980553
139.8368340966522	1.0350419128572488	99.20320142424039
138.04800165340265	1.0716941102808941	102.71611745062779
138.35109535002567	1.0311517354181823	98.83034883607957
139.19181829912586	1.1171863991124868	107.0763087010015
139.272452696098	1.035205306179773	99.21886179555908
139.84521150455555	1.0349000424477777	99.18960390839868
138.04385369096212	1.0270250463929287	98.4348278842204
139.2892362670801	1.0398619388117023	99.66517499235393
138.00333156693154	1.1194477288989308	107.29304500076346
138.37649786867988	1.049723011576288	100.61030578906129
137.99643127388694	1.1125389787328708	106.6308784490521
138.40118262844763	1.0672896046988616	102.29396927575594
138.27298304143156	1.0841151175305794	103.90660420172078
139.60329507942922	1.1067998384680433	106.08081271681333
139.70502000145817	1.0428610700894252	99.95262559753797
138.43163337953231	1.0335042100376577	99.05582087795759
140.02978781411855	1.0654907387728778	102.12155765012626
140.26491649798882	1.0515055322416662	100.78115080935834
138.71330692958364	1.1027621061379869	105.69381778582546
139.01111155890982	1.0372744615362586	99.41717920962479
137.53623076591813	1.110104552249555	106.39755176172
138.96740545879211	1.0337922109371855	99.08342421545657
138.36587682052664	1.0378053528706477	99.46806228916542
138.52816938336747	1.0526104922290085	100.8870552822385
138.30131394668413	1.0468642428900976	100.33630818347778
138.94929515713395	1.075997076583676	103.12853363160951
138.20535006290788	1.0316447980227674	98.87760623529195
139.70234808401995	1.041065572480874	99.78053680702112
138.91176399530607	1.086597075388477	104.14448651570727
139.14437148712994	1.0558206431335626	101.1947309838993
139.0100702437731	1.1203259427441103	107.37721707524149
139.6858551507796	1.0385099634724175	99.53559542631157
138.47509254547663	1.0695863516138544	102.51410011683421
138.29487652422216	1.0312146746013915	98.83638121833562
139.5507539636491	1.0750030456895319	103.03326111579275
137.80119617183945	1.1163445314185028	106.99562020966464
138.6734281187014	1.0686661291347022	102.42590174069073
139.73009883276848	1.0792126054122442	103.43672477836736
138.23694543033668	1.0865542865783964	104.14038543835727
139.48755411801045	1.0328636783968341	98.9944293646344
139.2659941659562	1.0338691499591877	99.090798406977
139.45042138783913	1.0408751118707258	99.76228218173765
139.4501482254926	1.0451055943663858	100.16775117958737
138.48143946129704	1.0831046976033119	103.80976088521093
138.17347715359108	1.074222449537089	102.95844517222578
140.1551169654988	1.0370624578583112	99.3968597971403
137.9611174435681	1.0764403128209081	103.17101544145167
138.34622395509265	1.0828909226743804	103.78927170784448
140.32186890740167	1.0533364568321206	100.9566350855825
139.0184117895891	1.0307732617484082	98.7940741700685
138.96592809423225	1.0716664737571848	102.71346863844528
139.73316326805187	1.0987544423139253	105.3097047594442
138.40830229252538	1.0389360479806962	99.57643333516674
139.6888956805468	1.1146531668735167	106.83351201331644
139.15575374115605	1.0884493945021554	104.32202134193372
138.77672904198903	1.1130560410716748	106.68043609373112
139.1171377861863	1.033775635500633	99.08183554899719
139.27903770837372	1.031962832915297	98.9080881695128
138.1764064621053	1.0338150570044122	99.08561388814586
138.24437040397956	1.0916096721548127	104.62491696059293
137.91089727642392	1.077886348847443	103.30961021855694
139.3043809354167	1.0346698887705732	99.16754491608677
140.0286607847574	1.048688379636262	100.5111418813283
138.24162180744037	1.083784112665472	103.87487916537415
138.6630135057808	1.1007499737906505	105.50096572054628
138.2528837857338	1.0660737249285266	102.17743373814547
138.03125860077242	1.026529533507165	98.38733563873343
137.9542329884661	1.0285358998602525	98.57963506447041
137.08177959236014	1.1145271563106072	106.82143457848157
137.52432447641263	1.0878954635134956	104.26893003542668
139.04616452156563	1.1069776662271897	106.09785655126127
139.62059293861506	1.0363354503412763	99.32718003610505
138.55118422025132	1.0784779675642444	103.36631369114113
137.14709701455055	1.1189492994388022	107.24527321730744
138.15508573890818	1.1050980026830035	105.91770090841494
138.78981081353464	1.0363397872464195	99.32759570514138
137.64088374242513	1.0558310528530621	101.19572869953521
138.94769352846984	1.0314253232661181	98.85657076008947
139.89342836148313	1.0754751298035559	103.07850783949637
140.3512966277977	1.039582375374358	99.63838034023287
139.24746067999243	1.0418983663443715	99.86035562050026
137.94034447971768	1.0348741620273527	99.18712340927254
140.0282673939431	1.085491859180595	104.03855748546619
138.2763901306081	1.0859422129164746	104.08172146927944
138.89862955353303	1.0437835669360804	100.04104195957625
138.24126285984048	1.0595831166890173	101.55534384154176
137.9047429003398	1.0622052272869196	101.80665904198833
139.59841568434112	1.0372520123810294	99.4150275788161
137.93378901319394	1.1058953977937307	105.99412694179729
139.30498849500003	1.0333347879947206	99.03958268620667
137.84745263924538	1.093224706717933	104.77970933864266
139.2405764932155	1.0655398081375274	102.12626068485812
138.06236885464116	1.117465337823133	107.10304347642798
137.95075541245546	1.0614113635650204	101.73057147323514
137.91528933997435	1.0428819977309887	99.95463139944374
138.4764319258927	1.0556509318300817	101.17846506808078
138.38680229998877	1.0447509834334512	100.13376362858082
139.6674365613758	1.0353489390253696	99.23262823142593
140.6613760295846	1.0387932857731133	99.56275034527164
139.51784450110966	1.0556202048593937	101.1755200531742
139.73479066751676	1.0478747746560608	100.43316221912521
139.75808748431706	1.0934478211934169	104.80109366132288
139.16554039361955	1.0365118321475564	99.34408528374635
138.7258441366453	1.1067060086537934	106.07181963368596
138.50194872592695	1.0865427259286273	104.13927741224413
138.2204379549421	1.0291118882827488	98.63484045739716
139.1634930790252	1.1157577951991549	106.93938469820579
138.9779875818317	1.0307723327827378	98.79398513370448
138.30662260752058	1.087194151713662	104.20171307070684
138.2838926851998	1.0340396139105335	99.10713646004604
138.09537955925967	1.0295790149177053	98.67961203339091
140.1396406825967	1.0407410462033237	99.74943270845338
138.92293722317206	1.0443808341165257	100.0982868070262
138.24921157497192	1.0598689355426092	101.58273804167173
138.70559566630095	1.0642450985203034	102.0021697303297
138.1851031926365	1.0388410231425416	99.56732571542433
138.53732867453215	1.1253569350801351	107.85941063655993
138.78669036658678	1.100380434583297	105.46554737471325
138.2110280005626	1.0785441857058935	103.37266034393109
137.68472522136048	1.1278845012761556	108.10166426449732
139.18251756441487	1.0340529308145745	99.1084128136869
138.59414712183369	1.0728515587399603	102.82705266126672
138.1245742189986	1.0970659407223082	105.14787096178094
137.75872980781426	1.1048966673944813	105.89840400368772
137.57892141129378	1.1186685567393513	107.21836553925495
138.90189205939157	1.030213312890192	98.74040608312548
139.27014971964044	1.0318953009458531	98.9016155933938
137.97705210188676	1.1020478835493999	105.62536339143118
139.7093080496389	1.0558545648984887	101.19798220265366
138.87307715881613	1.0363414166803653	99.32775187762283
139.24969981689452	1.113889833617088	106.76035062550146
140.1783727839233	1.041264126193584	99.79956711266463
139.02957769425157	1.0363876365519469	99.33218180376721
139.12352472435654	1.1132710487399804	106.70104342253755
140.06069574003865	1.0657666061769442	102.14799805733301
137.69242638271268	1.118609065006442	107.21266357657153
138.33589690440795	1.0305006314281167	98.7679440199342
138.1198061932013	1.033866927185202	99.09058536604338
138.27397846266874	1.0301991928704517	98.73905275516356
140.30798535131453	1.0394233395724177	99.62313761382966
139.98230537292778	1.0413002184229747	99.80302635876629
137.7038330907531	1.0736568679145506	102.9042372151126
139.07335930159184	1.1236615000815229	107.69691230912046
138.04722516211334	1.0283004396125146	98.55706746590886
137.97181821796735	1.0964230956702667	105.08625772043287
140.55618062474016	1.039250902706597	99.60661046751753
138.36182639435222	1.0307314296266643	98.79006478615099
139.12462060524524	1.0347034627434093	99.17076280083953
139.92188300170162	1.0786530652773332	103.38309586535523
138.57171143228538	1.0642320816283017	102.00092213122952
138.51273230043526	1.0944513970340333	104.89728100893119
138.09672947216228	1.031244406744447	98.83923088436332
137.8695526990573	1.0665319378961455	102.22135098705805
139.79610096729115	1.0349029344942748	99.18988109550351
137.31642486392943	1.1036840990662513	105.78218584999577
139.30112328679814	1.0945642783004899	104.90810007130366
140.63318676427338	1.0399115615116488	99.66993106129843
140.58651829297716	1.03826941463075	99.51254011338574
138.8850830807646	1.030382966125541	98.75666643342582
138.42815413489546	1.0973728635162112	105.1772878611036
139.84717103194035	1.0345915921182849	99.16004060300405
138.54958491298584	1.0314329997153941	98.85730650647258
140.08458697631116	1.0583410765092207	101.43630096936161
139.4295918726211	1.1267792558648388	107.99573243526405
138.13969977070866	1.082669756877616	103.76807415554053
139.3826712075236	1.0345229175713069	99.15345851697262
140.40178356890866	1.045522487999227	100.20770819245563
137.98063348607576	1.0272296234919285	98.4544354990491
139.10508624588448	1.035406205694244	99.23811693368684
139.87936102138104	1.042650904704044	99.93248237551056
138.70947702695423	1.059398077420935	101.5376088227421
137.6877791690554	1.0695731127707069	102.51283124491023
137.5395998159652	1.1121968205851465	106.59808443054328
139.1568085594811	1.0323333084099118	98.94359625344492
138.6002301179903	1.0292147786822343	98.6447019488962
137.2826649717034	1.1034226158042184	105.75712408545243
137.20802050191472	1.1002445190800871	105.45252060461426
138.65574420236806	1.0696910124445334	102.52413129464267
139.12571651035313	1.0378057325912189	99.46809868334022
138.90013609824578	1.0325384969613256	98.96326247269944
138.84257679536077	1.0413037989065246	99.80336952886054
138.6055597964671	1.112342021962843	106.61200120177718
138.32073380282486	1.0448455269899481	100.14282512006442
138.54338420593226	1.0647516329548854	102.05071833200269
139.72964446745542	1.1046450454592782	105.87428739429187
138.42309009795957	1.045356302267056	100.19178018368845
138.44315364422428	1.1043038650230117	105.84158708416867
139.58355919372227	1.0908933286409004	104.55625928691146
137.74785960267397	1.068154435646606	102.37685867148116
139.3645447539803	1.0681792732033206	102.37923921772865
139.45104126188713	1.0830793287628746	103.8073294182756
138.1810056092818	1.1073502997096893	106.13357146672763
137.70328502457485	1.0906773666818472	104.53556049446856
138.7182965914134	1.0383022485561921	99.51568706857539
137.67586876954016	1.0618684404606293	101.77437983575479
138.2238517973074	1.0747688646515068	103.01081612260325
137.4835782748386	1.0712979550840556	102.67814810532975
138.81071555625095	1.0431695231518905	99.98218916487333
137.27792299007785	1.1098487273605915	106.37303232180754
139.75600469090452	1.0793211817634447	103.44713123776215
138.20424324584857	1.0317807059848763	98.89063228261693
139.82253972259727	1.0561715071352809	101.22835941169785
137.94032408817537	1.075739388576133	103.10383562180012
140.04623907427452	1.0388927473222649	99.57228319990476
140.4845811458672	1.0399246337257984	99.67118396272902
140.51480833783666	1.0385412161094836	99.53859082351376
137.80255875985623	1.0391301612707662	99.59503805017849
137.38680381566684	1.1200985776482493	107.35542535345577
139.2747976553245	1.0599714817791042	101.59256654699885
137.6113320484741	1.0809745875551378	103.60560129172987
140.28650484602713	1.039339774538848	99.61512835473177
139.19608259129572	1.0351249493348298	99.21116002408907
138.50248475765508	1.0758983668889308	103.11907283817816
137.18725264122608	1.1015099062587415	105.57380116108676
138.7676919644619	1.1166589954065387	107.02575989189225
139.03871435142284	1.0936806855875092	104.82341246127167
139.30292491793824	1.0326790608329266	98.97673476391219
138.53447137548338	1.0320327150795778	98.91478599916877
139.2851105180224	1.0319257420943584	98.9045332137812
138.8869735490861	1.1025352879855084	105.67207848562175
138.99636856507223	1.0332847507568814	99.03478688603431
138.3109664680467	1.0457713453281614	100.23155982920726
138.00400531364005	1.0402023854837041	99.69780497511817
137.6392111325877	1.0940518728630542	104.85898876557837
137.88507214473387	1.057475843156692	101.35337300530173
138.8044204039061	1.0304969221002538	98.76758850080542
138.45599476632353	1.0298888299012312	98.70930613353623
138.5221878577495	1.1297828105525058	108.2836070005044
139.26148311721388	1.04333177447673	99.99774008185504
139.60318968776696	1.1115452703839301	106.53563684745862
139.4287517348758	1.035831377337855	99.2788673493725
138.73966871042714	1.0294763458621488	98.66977175651722
140.47979381626328	1.048786998549658	100.52059397385551
139.09543668969093	1.0990685043959063	105.33980592113772
138.3045483648385	1.075231642195572	103.05517086162226
139.46912612331076	1.1009983143027686	105.52476782318523
138.43349662327563	1.0320177118846245	98.91334802361196
137.6972059361527	1.0690748400884822	102.46507448777324
140.6240022458786	1.038385545769185	99.52367065851118
137.4590244932654	1.0858080297297552	104.06886073240058
139.453920101728	1.0380114786263517	99.48781833441133
140.10205799497	1.042927147333387	99.9589587460423
140.22150224933125	1.0386150132130163	99.5456638790445
138.15682629187145	1.1293490804801172	108.24203630544324
138.7409426264908	1.0631096534803148	101.89334342908631
138.47281567991354	1.034488129760983	99.15012429242401
139.36843592333673	1.1133236295072544	106.70608300632843
140.55464329062045	1.041249554158225	99.79817046143638
139.75537035535234	1.0462557987139944	100.27799208109818
137.90615915716228	1.0832300369526846	103.82177398783774
140.08479986934202	1.0359010095812822	99.2855412254586
138.18350509616482	1.0278562721131255	98.51449639959681
140.01303395206781	1.0484680945373346	100.49002873917608
138.40676921707413	1.0280152429783653	98.52973290216649
140.32383732056834	1.0368698632587974	99.3784006404516
140.38544493769302	1.042800467395898	99.94681715525351
138.11118189730152	1.0280216538316167	98.53034734797636
140.1611510884719	1.0467142807686531	100.32193512055652
139.5747528004094	1.1015468994945066	105.57734676380426
140.3433118877214	1.0455696968769082	100.2122329095163
139.61456276235447	1.0499704344497305	100.63401994096778
140.09549896204243	1.0359697961097472	99.2921340443134
139.092776871598	1.0358126089853639	99.2770685037128
139.40374322118623	1.0699931819374278	102.55309261562448
140.08625821202713	1.0467938651543494	100.32956285596158
139.98260278926296	1.0683633896738942	102.39688579134945
138.10816424712095	1.0441168952852957	100.07298968938008
140.17404278292895	1.036154573884499	99.30984400038353
138.58902516675818	1.1124288328895127	106.62032156227394
138.09506253939878	1.031043244091445	98.81995052582238
139.1119933506966	1.1075749519701228	106.15510317782585
139.61605969452899	1.0343652530111864	99.13834721672399
139.1054827002101	1.0713719731593814	102.6852423398186
139.20795765586172	1.0315661781629857	98.87007094450904
138.81775835199016	1.0344061702659193	99.14226891555818
138.29957874014337	1.0652127052612994	102.09490963316271
138.28147039938486	1.0435063426827393	100.01447150566298
140.32405128343348	1.0417812641768502	99.84913200745856
138.306098904631	1.033707634331849	99.07531800264456
138.17106008796333	1.0344132233466072	99.14294491541429
138.28606873481266	1.0289917291597312	98.62332385160988
138.3232298571285	1.0287614008302772	98.60124811981903
138.93989412357877	1.110031351495265	106.39053586305732
139.99748657666652	1.0362880479960865	99.32263677622406
138.51296944114804	1.067823867467835	102.34517548917164
138.73509116466934	1.0301101478290924	98.73051826678773
137.55544636075555	1.0998940113912028	105.4189263274848
138.10542294224558	1.0677469599549219	102.33780431762796
139.38428696826983	1.0639314306524135	101.97210635193694
139.50057247809053	1.0352090913449028	99.2192245832821
139.51893867143366	1.0381258428934472	99.49877953442022
138.07318266479834	1.0574533180843773	101.35121409824863
138.35558690101433	1.08603860964219	104.09096057706724
137.6830106247825	1.10184527166944	105.60594413227952
138.29159139015786	1.0753963646721891	103.07095862521324
138.33081121541758	1.0345937819908135	99.16025049050991
137.58454119263192	1.0583753748328097	101.43958827923886
138.18274704218445	1.0302648196338489	98.74534272752821
139.17143211813226	1.0642633165831628	102.0039158336874
137.24070664425992	1.0989831914086123	105.33162913007497
138.7413672723537	1.0835625781544767	103.85364627379394
139.6965189559341	1.0905669804981004	104.52498057235655
138.6558786180963	1.1047136821964867	105.88086585646023
137.85866945639188	1.049656039748968	100.60388689955272
139.62171050079138	1.0522562104479254	100.85309927866692
137.9172663997652	1.0626629529723843	101.85052958752678
139.09609384317497	1.0628677953596206	101.87016262880637
138.84623004580223	1.0487266194484781	100.51480696169517
138.29430161050314	1.098188163434029	105.25542997396275
139.49837446674695	1.098863283315091	105.32013658411502
137.83290085650893	1.1026160648552663	105.6798205142116
138.82297625995915	1.04263377622197	99.93084070261193
138.14921948641364	1.066804913406577	102.24751422181096
140.0368695660878	1.0671091951740375	102.2766779929512
139.78841971263532	1.1005936434080599	105.48598229403935
138.24236022185195	1.0312299967077767	98.83784975983824
139.42809013652757	1.0796157699829143	103.47536593445435
138.42538532047323	1.0752740694824492	103.0592372889173
139.70400613406264	1.0364074678046693	99.33408252269838
139.12024766314002	1.066037744459603	102.1739852036836
139.27720554196307	1.1142289676953505	106.79285480321424
138.85407713244848	1.0305666705033654	98.7742735101726
138.36477679983255	1.0683096169155482	102.3917319616242
139.95706354991648	1.0372348919197325	99.41338667466583
139.09214062251	1.0409216350164978	99.76674117508234
139.03325507511826	1.0628150920625838	101.86511130119662
139.73556211619905	1.065894550827284	102.16026086404752
139.75120509134325	1.091026189192485	104.56899325632513
138.38817021068704	1.1292445675281881	108.23201930101774
138.29982515641382	1.08792658179675	104.27191255553849
139.49817465242924	1.0353281283550653	99.23063364058635
139.33195911893085	1.1027126578634687	105.68907843462027
138.11483400248534	1.1210982480655853	107.45123838724402
140.43804866884835	1.0494641140501946	100.58549185340298
140.0614404986299	1.070598470074202	102.61110622860595
138.57074113010125	1.125200198887687	107.84438831536042
140.3247145744369	1.0413473208394115	99.80754087208918
138.31119239998654	1.044710872372129	100.12991919904975
138.68521049953867	1.1167343628047202	107.03298345172085
139.37508623567751	1.1109111054791991	106.47485555155288
138.48181040951062	1.0436663873298784	100.02981092445344
137.81641037699995	1.1276651586735333	108.08064145554769
139.21245336284525	1.1189947208744413	107.24962661766034
139.07657070648187	1.034630681256081	99.16378708666053
137.90646482918683	1.0368564808947285	99.37711801281908
137.89664347089044	1.081962478455033	103.70028532211559
137.50342166748285	1.0839519271797051	103.89096328414327
140.34950904253415	1.037377604131551	99.42706487273574
138.5188158262287	1.0316892013617198	98.8818620565522
139.19886294054444	1.1143249192800344	106.80205124662791
138.20565751633572	1.0288647554350339	98.61115410289706
140.1776582000717	1.039676947777592	99.64744459652111
138.1497415864123	1.094434859534056	104.89569597848855
139.98989006396437	1.0726536158660596	102.80808090123831
137.69280183071615	1.0463651081583076	100.28846880352562
138.53684385069823	1.0379521959653486	99.48213641014584
137.6506366311254	1.0517092482767132	100.8006758958375
139.8597138888232	1.0459137782335437	100.24521125725722
139.18072032060732	1.0926932077550666	104.72876802118002
139.8146108134932	1.0775410921590272	103.27651922158519
138.9290497766583	1.0305689888417744	98.77449571044228
139.5833274261669	1.0452486184101946	100.1814592650767
139.43174479126992	1.0392488343575739	99.60641222738617
138.98501235535633	1.0688721087967623	102.44564378364652
138.5076288888268	1.0292433633900075	98.6474416394224
140.37581581751112	1.0399194827923988	99.67069027346173
138.06967661542663	1.0658075801263187	102.15192519004371
138.9036896456517	1.037219891658261	99.41194898026747
138.39576124049123	1.0859564700229525	104.08308793626797
138.16295965207448	1.118767088428277	107.22780927178573
137.7248161800338	1.0460797106198458	100.26111498418524
139.90504999583084	1.063388682324407	101.92008684331891
137.63646411383172	1.0579935258507014	101.40299010769124
137.26100231126338	1.1215913342039068	107.49849804203843
138.01598109863562	1.0565684314121826	101.26640246918423
139.06568613571753	1.1004062238604464	105.46801913824653
138.25699738525825	1.0273886165817965	98.46967413172989
138.17246320117158	1.0271032425970006	98.44232256988172
139.2559992420846	1.0383967670985879	99.5247461625919
137.64887246021522	1.0620112052533566	101.78806307342205
137.8327482370592	1.0394159953706694	99.62243371158542
138.49441395667503	1.114249305891512	106.79480410994796
137.54449695943384	1.0697937471542058	102.53397786411035
138.8130284713714	1.0495114731946795	100.59003097272874
138.7387055270325	1.1067831825297572	106.07921633469567
139.3259014921884	1.0741079303105494	102.94746912018748
139.2445520463033	1.0318791807144194	98.90007055589719
138.89212595746054	1.0395539793909656	99.63565873792369
139.74217805641226	1.1067507957143072	106.07611223259443
140.0234831689379	1.0435808740268668	100.02161493420635
138.32969140456865	1.0976723712805372	105.2059940697155
138.96209963482406	1.0522130426593213	100.8489618782634
139.17757530098262	1.0346046500457435	99.16129213513216
139.60316860946182	1.0659075559084907	102.16150733114657
138.2380016798982	1.0898261883246054	104.45397962612641
138.49863988632993	1.031596313906575	98.87295929347752
137.3697372967022	1.0815867072811136	103.66426967579953
139.40996791110936	1.0889255298428433	104.36765635392764
139.56358908344183	1.086578457977554	104.14270213698516
138.84198524294422	1.0716086669559932	102.70792816740631
138.72650680101293	1.1159273213283012	106.95563286606013
138.04409888142303	1.0611444653210351	101.70499071179064
139.67229121452286	1.1073160465003742	106.13028848081092
139.70662533477517	1.0431863375968444	99.98380073900273
139.0501453497058	1.0447509858197928	100.13376385729883
140.27380714683383	1.048536231082569	100.4965592606335
138.09385583651792	1.0423684352251974	99.9054091949387
138.76417913595137	1.085827085629221	104.07068713789153
139.78077140904352	1.0342560716041267	99.12788276597878
138.05819929657093	1.07500188788785	103.0331501467276
139.97945876673865	1.035187064723078	99.21711345002804
137.95795557990962	1.0870949748497871	104.19220750162658
138.83100646791968	1.032880346752979	98.99602693693704
139.290042608623	1.0467674791099122	100.32703389549286
139.4128653378237	1.0660665972577155	102.17675058922717
138.08237312335916	1.0333915944954974	99.04502728383
139.11689777023145	1.042521964344092	99.92012413538411
140.16309155134135	1.0361672224940905	99.31105630159516
138.8130699596123	1.1182641373100206	107.17960411171332
140.10065241231555	1.0449857997081111	100.15626950578581
139.93713005815835	1.0401362597756778	99.69146718159391
137.48667104606514	1.0709675057116803	102.64647630997437
139.9481784347278	1.0383254823994246	99.51791390750955
139.95983451258704	1.0619695543776904	101.78407106096641
137.44563084480333	1.0708381843427914	102.6340815521902
140.46543473580311	1.0470970280614398	100.35861939035199
137.40465291317307	1.1065109604559291	106.05312531278958
139.28257659962682	1.0941446431563526	104.86788029932012
137.2122936985071	1.1240491851172612	107.73406983502522
138.91062082919666	1.0314619195572514	98.86007831779855
138.98788499244216	1.0362261874025005	99.31670777098329
140.1805379315953	1.0529227766264797	100.91698606243122
137.61226415128687	1.0661655965180743	102.18623913596545
139.07030448895966	1.0729881381394752	102.84014306225644
138.22094027782134	1.1147989119060064	106.84748089093874
139.44999063252354	1.0427612389612426	99.94305732074216
140.0987570707026	1.0414852441384634	99.82076007862273
138.30353181133358	1.0312280586821203	98.83766401050077
137.75958326585462	1.0498322174438754	100.62077258421655
138.106885635235	1.114786786719497	106.84631875701483
137.8550863254712	1.0725882569014975	102.80181659595195
138.43803663581875	1.0730580139168806	102.84684027976475
137.918856255223	1.0338142611060415	99.08553760556696
139.56149353814212	1.082743862817242	103.77517681135008
139.95787040381555	1.0351733703178028	99.21580091492389
139.06212101889207	1.0329095510395416	98.99882601075844
138.57916479971533	1.065919535203572	102.16265548216161
140.61925456405086	1.0397532105659815	99.65475397468617
138.66784305367094	1.0657827692822832	102.14954720406287
139.44084060272704	1.0333329772491646	99.03940913598238
139.051562684831	1.063032108032131	101.88591111487744
138.80645301909755	1.1019681359077431	105.61772000882017
138.7086800298084	1.0579382124657268	101.39768861718836
138.7268381364713	1.0359781806517532	99.29293765757691
138.4925690880863	1.098622650417505	105.29707321488137
139.0618499970794	1.077657226676624	103.28765009058515
138.43933385678207	1.0299425457189415	98.71445450580771
139.01947410924683	1.0881078002054698	104.28928136551487
139.0676564415955	1.0771757032607923	103.24149866056295
138.40772609767336	1.031640543076959	98.87719842161712
137.74897699569138	1.055926796836345	101.20490524547098
138.6293332942926	1.0588464861577576	101.48474176634069
138.07001392174502	1.0783370136742751	103.3528040187651
140.41208247854544	1.0446325376468455	100.12241123687518
139.24998233203618	1.056066331989192	101.21827893952307
139.5757113139952	1.0427667089145467	99.94358158635174
139.107454585887	1.05456762483402	101.07463591797618
138.1806573298002	1.081330671420093	103.6397300153499
139.28458697049132	1.0681924573884374	102.38050285097432
139.5831694034649	1.0792549978907118	103.44078786946353
139.19766089067542	1.0526618955523726	100.89198201436233
137.96353486987007	1.0330655201198615	99.01377480838559
137.85401754174958	1.0461612435278838	100.26892947497862
138.88979899760972	1.1023607243697926	105.65534750176876
139.3752645687421	1.066855993478045	102.25240997197884
140.0370290770331	1.0489704042373258	100.538172422757
140.36615652842315	1.0415416738797427	99.82616856587423
139.42428874432147	1.0341603252753357	99.11870599523867
140.44393646194516	1.0411218635418178	99.78593200250822
139.0567321318522	1.051186587554247	100.7505816761897
138.30311082035593	1.0942836264949751	104.88120110494616
139.72640063402469	1.0579503085704942	101.3988479637837
138.45343040146275	1.1121574127293448	106.59430739947989
138.47056982212357	1.126875219740629	108.00493005671414
138.93016217553892	1.0355465495536706	99.25156813791578
140.17766886542375	1.067825428902047	102.34532514424427
137.96987987705683	1.127084397948357	108.02497866307205
139.92600994730748	1.0550716186583147	101.12294101581524
139.87340457388882	1.0347569230556695	99.1758866842876
138.19183418429958	1.1264179538977437	107.96110358461414
140.19903634679466	1.0684255311505988	102.40284171772666
139.56580056044209	1.0457820768095596	100.23258838399089
138.29699144111217	1.030477059111837	98.76568474017861
138.62415610321983	1.0453318518305923	100.18943674083526
137.8123216299212	1.0670936697220523	102.27518996186633
138.80886944944916	1.0817667411781156	103.68152495669747
138.96446117695479	1.1212920311328538	107.469811452176
137.5717431445685	1.1068312744642377	106.08382568800194
138.30834778445998	1.0282232865245438	98.5496727573165
138.31971692682723	1.0276488940358024	98.49462032605805
138.6932911441552	1.0952705977501223	104.97579699232814
138.51101048593566	1.0778449967536807	103.30564684274012
137.61937704813502	1.0664871792736474	102.21706111378045
137.796417227693	1.125425371743633	107.86596992273903
139.03496363916634	1.0391016780057185	99.59230808239202
139.09153567192314	1.0599212701327312	101.58775403070642
138.91612905198332	1.030331032126195	98.75168883886283
138.01268314123394	1.0950579721533038	104.95541797226423
137.87290263217997	1.0752201438120008	103.05406880338936
138.5952004914818	1.038579769239331	99.54228593369074
139.88346313045247	1.0423920850600183	99.90767590442964
139.82093054650363	1.0384582729614336	99.53064116879877
138.32012778337574	1.0292193184863758	98.64513706471043
140.5682660323638	1.0422016411823865	99.88942288286788
138.43943681224565	1.096877412185241	105.12980151531258
137.48452832244004	1.0875254380105226	104.23346508077357
138.48606620394938	1.1199268850985633	107.3389695458426
137.81117236345793	1.096636078032727	105.10667093456506
139.9852052606354	1.035216851447783	99.21996834741333
139.2294152690985	1.0712993342231536	102.678280288396
138.2953179802217	1.0323251687701627	98.94281611274579
139.75598354625242	1.1089812684446518	106.28989104946267
138.4501041291571	1.031207190977757	98.83566395325332
139.05605465354884	1.1060792539342472	106.01174856418203
140.0380605939399	1.0372825700420951	99.41795636630586
138.89803733804467	1.0627269087535913	101.85665940523418
138.28107011744933	1.037718527681694	99.45974056170543
139.60137698683104	1.0877939307887103	104.25919866974678
138.55677703410004	1.0372823794399941	99.41793809811944
137.90982734060967	1.044348394418645	100.09517763642833
138.10004304501777	1.0604900547559697	101.64226897821263
138.6971715560437	1.1283203558454282	108.14343858116035
138.90205830743065	1.0302165796829017	98.74071918763956
139.29055574192617	1.0372950765731948	99.41915505005807
138.97786270592596	1.0732679147135153	102.86695814238365
137.67986565328619	1.0637448662939153	101.95422516142207
139.2219061362126	1.1169892417386384	107.05741222692907
139.09650065683454	1.050920405948568	100.72506960067315
137.59001979446768	1.073150714885777	102.85572516913534
139.4781552896444	1.1223443584144943	107.5706713632463
140.23024599925165	1.0518638235744682	100.81549110690086
138.07932649356076	1.0326773000465284	98.97656600200452
138.59975501891518	1.0706197506079436	102.61314585332931
139.52606189790015	1.0704308852991289	102.59504412909992
138.06067237604992	1.0380442635130418	99.49096058950032
139.97243856610925	1.0545827117326978	101.07608191608487
137.80837558230368	1.050429164963674	100.67798679391245
140.4338986973681	1.042455689770618	99.9137720739072
138.74888720561952	1.0302419471538289	98.74315052331472
139.073328022695	1.0328217746674393	98.9904131175086
139.73335348075736	1.037467962389262	99.4357252258371
137.62634903139553	1.069441391992807	102.5002065166751
139.57739665825707	1.0342922847615224	99.1313536023794
137.60668191413805	1.0786754999629091	103.3852461093255
140.43408098821763	1.0374867860152985	99.43752936916893
139.0526465566028	1.0402991822860086	99.70708242809565
137.94493278125614	1.0846900889578712	103.96171212112604
139.24265838767843	1.0321527458392896	98.92629030202345
139.69334068609484	1.0349603017992968	99.195379443198
138.5990836908836	1.0385363708250341	99.53812642905473
138.01354079407156	1.027141481284063	98.44598754240866
139.10666164889327	1.035866359999027	99.28222024932708
138.47356775542764	1.0424485778006647	99.9130904298317
140.03897515323735	1.0779139178103287	103.31225255539782
137.94169033929327	1.0501341385089	100.64971009472295
138.55034844692312	1.0940898062858966	104.86262448017139
138.39444455793682	1.1075249412415356	106.15030991842274
140.10420904221803	1.076811777692809	103.20661835187632
138.10383755279804	1.0404564642239715	99.72215705606801
139.2309946331066	1.0384755733065298	99.5322993138439
137.64334713805945	1.0729678024226375	102.83819399315257
138.27295225551688	1.042731195849496	99.94017785003764
140.4815970583781	1.0441312197542671	100.07436261270139
140.1637952551418	1.0362109695257382	99.31524921932954
140.14273127555794	1.0373041846978952	99.42002801483179
140.34039019367333	1.0510209527938466	100.73470647510389
139.61115793996683	1.033938202534572	99.09741672499835
138.5307891015291	1.119008401299561	107.25093781284174
139.49038253026592	1.1051482208054713	105.92251404540623
138.5935688105811	1.1181166183167606	107.16546520949063
140.3932760641907	1.0435309515552278	100.01683013375714
140.0642600466137	1.0413075474743383	99.80372880892762
139.73732698327618	1.0784641348602935	103.3649879008526
138.27010976931203	1.1086614524810299	106.25923840915529
138.10444101785586	1.0800996233210556	103.52174067500077
137.87510209813584	1.0903648630703509	104.50560870379036
139.2972269609832	1.070729702359668	102.62368413746812
138.27516888878634	1.0310543914477446	98.82101893997893
140.51799862320524	1.0435775374762855	100.02129514377538
140.55067655513895	1.0380757213206722	99.49397565119777
137.86770981906065	1.0997682019952288	105.40686817341891
138.1986172955473	1.1015294051657192	105.5756700264655
137.53460196349292	1.0997030744155776	105.40062604513199
138.8827356756102	1.0360391225358576	99.29877860945422
139.68284648039014	1.0805458346976806	103.56450763595495
138.35656337753846	1.1153556631697639	106.90084250564793
139.20817720414988	1.066377705447953	102.20656863628157
138.72647573842562	1.0861024388074392	104.09707825931596
138.96541830957688	1.050220787647063	100.65801494866136
139.4102303521377	1.0328623866272417	98.99430555546544
138.2681088359434	1.0502971817298832	100.66533691069156
139.29188572453305	1.0329489376133514	99.00260100205736
140.00464858424456	1.050168011019916	100.65295659275488
139.09052396069018	1.0688631961580282	102.44478955515142
138.00655746431045	1.047859492680438	100.43169752394036
139.04248618618854	1.0577833450215828	101.38284540546462
139.59912174369646	1.0673608686043936	102.30079953788055
137.87704707405436	1.088319035077661	104.3095270921019
138.8254246107813	1.0454147655572343	100.19738357566652
138.4863753554725	1.1005097771183785	105.47794416116317
138.55966655285096	1.0291259419995362	98.63618743057756
137.9385194685352	1.0680731342496161	102.36906636977679
137.69584610353505	1.0531647679497036	100.94017962945735
138.24849357575533	1.0618494333272452	101.77255810423048
139.77728088336127	1.0790550300166428	103.42162202405841
137.55782476790444	1.0840178198956343	103.89727874662793
139.330743341668	1.0709965783278441	102.64926276389609
139.9846422650977	1.0880048967388058	104.27941862159706
138.81415903821437	1.029795936719049	98.70040282155583
138.21136623693252	1.0867343637911149	104.15764487083369
138.09186177093946	1.076924462500884	103.21741858476936
139.22984409804113	1.0909480208446696	104.56150124053617
139.32198224846016	1.0535570071988378	100.97777365222589
140.503359459159	1.0462803630182915	100.28034643757086
139.82342902708535	1.055094334414938	101.1251181989339
137.27014142311015	1.1150957470669987	106.87593094489301
137.49369615404393	1.0638673646372288	101.96596596889557
139.4607711597342	1.056690788234745	101.27812971265476
139.22247085025697	1.0474740760763224	100.39475741500817
138.10034986812255	1.0365137498840922	99.34426908848071
138.4688288356264	1.0330834133478413	99.01548977806688
138.2462986120907	1.0358149513019685	99.27729300216356
139.1949119646826	1.033909596487532	99.09467498921816
139.05331356636182	1.0462742308314483	100.27975870043768
138.26014692331506	1.1024674180143446	105.66557351385552
140.5222741585576	1.040031659196051	99.6814417785248
