10C
0 3.3536 5.22 5.38 6.58 end
11C
0 2 4.319 4.804 6.339 6.478 6.905 7.500 8.104 8.420 8.655 8.699 9.200 9.650 9.780 9.970 10.083 10.679 11.030 11.440 12.160 12.650 13.010 13.330 13.400 13.900 14.070 14.760 15.350 15.590 16.700 18.200 23 28 end
14O
0 5.173 5.920 6.272 6.590 6.790 7.768 8.720 9.715 9.915 10.890 11.240 11.970 12.840 13.010 14.150 14.640 17.400 end
15O
0 5.183 5.241 6.176 6.793 6.859 7.276 7.556 8.284 8.743 8.922 8.982 9.484 9.488 9.609 9.662 10.290 10.300 10.461 10.480 end
16O
0 6.049 6.1299 6.917 7.116 8.872 9.585 9.844 10.356 10.957 11.080 11.097 11.260 11.520 11.600 12.049 12.440 12.530 end
19F
0 0.112 0.199 1.347 1.460 4.5544 2.784 3.912 3.999 4.036 4.3761 4.5557 4.684 5.113 5.34 5.428 5.492 5.54 5.625 5.943 6.095 6.167 6.255 6.503 6.595 6.792 6.93 7.112 7.26 7.364 7.54 7.665 7.702 8.014 8.086 8.135 8.198 8.255 8.31 8.592 8.795 9.113 9.18 9.596 9.682 end
19Ne
0 0.238 0.275 1.508 1.536 1.616 2.795 4.0329 4.140 4.1971 4.3791 4.549 4.6 4.635 4.712 4.783 5.092 5.351 5.424 5.463 5.539 5.832 6.013 6.092 6.149 6.288 6.419 6.437 6.45 6.698 6.742 6.861 7.076 7.173 7.238 7.253 7.5 7.351 7.608 7.644 7.7 7.788 7.819 7.994 8.069 8.236 8.442 8.523 8.810 8.92 9.013 9.1 end
20Ne
0 1.633674 4.2477 4.96651 5.6241 5.7877 6.706 6.725 7.004 7.1536 7.191 7.4219 7.8334 8.453 8.708 8.776 8.82 8.854 9 9.031 9.116 9.196 9.318 9.483 end
22Mg
0 1.246 3.308 4.401 5.006 5.037 5.292 5.317 5.464 5.714 5.837 5.965 6.267
6.585 6.783 6.980 7.213 7.840 7.945 8.203 8.290 8.396 8.547 8.613 8.754 8.925 
9.066 9.329 9.533 9.633 9.712 9.827 9.924 10.078 10.190 10.927 10.429 10.570 
10.660 10.750 10.844 10.980 11.135 14.044 end
23Mg
0 3 4 5 6 7 8 9 10 end
24Mg
0 1.369 4.123 4.238 5.235 6.010 6.432 7.349 7.555 7.616 7.748 8.113 8.358
8.438 8.439 8.655 9.004 9.146 9.284 9.300 9.301 9.305 9.458 9.516 9.528 9.533
9.828 9.968 10.028 10.059 10.111 10.161 10.334 10.361 10.576 10.581 10.659
10.660 end
25Al
0 .4515 .9448 1.6125 1.7896 2.4853 2.6735 end
26Al
0 .22805 .416852 1.058 1.759 1.851 2.069 2.072 end
26Si
0 1.796 2.784 3.332 3.756 3.842 4.093 4.138 4.183 4.446 4.806 5.142 5.229 5.291 5.562 5.687
5.916 5.957 6.30 6.38 6.470 6.787 6.880 7.019 7.160 7.390 7.425 7.498 7.687 7.9 8.120 8.570 8.700 
9.170 13.080 end
27Al
0 0.844 1.1014 2.212 2.735 2.982 3.004 3.680 3.957 4.055 4.410 4.510 4.580 4.812 5.156 5.248 5.420 5.433 5.438 5.500 5.551 5.667 5.752 5.827 5.960 6.081 6.116 6.158 6.285 6.463 6.477 6.512 6.533 6.605 6.651 6.713 6.765 6.776 6.814 6.821 6.948 6.993 6.996 7.071 end
27Si
0 0.781 0.957 2.164 2.648 2.866 2.910 3.540 3.804 4.138 4.289 4.447 4.475 4.704 5.062 5.208 5.262 5.283 5.317 5.392 5.497 5.547 5.580 5.613 5.783 5.897 6.028 6.059 6.089 6.323 6.346 6.398 6.457 6.513 6.572 6.587 6.626 6.715 6.743 6.780 7.005 7.059 7.080 7.134 7.223 7.239 7.260 7.276 7.324 7.341 7.383 7.428 7.436 7.468 7.532 7.557 7.592 7.652 7.690 7.702 7.741 7.792 7.831 7.893 7.911 7.972 8.036 8.074 8.140 8.157 8.165 8.176 8.184 8.207 8.226 8.289 8.328 8.358 8.451 8.545 8.671 8.777 9.067 end
28Si
0 1.779 4.618 4.980 6.276 6.691 6.879 6.888 7.381 7.416 7.799 7.933 8.258 8.413 8.544 8.589 8.819 8.905 8.945 8.953 9.165 9.316 8.382 9.417 9.479 9.496 9.702 9.765 9.796 9.929 10.182 10.190 10.209 10.272 10.311 10.376 10.418 10.514 10.541 10.596 10.668 10.668 10.725 10.778 10.806 10.883 10.900 10.916 10.944 10.953 10.994 11.079 11.100 11.142 11.195 11.242 11.265 11.295 11.332 11.388 11.433 11.434 11.446 11.510 11.515 11.572 11.577 11.585 11.657 11.669 11.778 11.779 11.799 11.867 11.900 11.934 11.976 11.985 12.015 12.022 12.071 12.073 end
29Si
0 1.274 2.028 2.426 3.067 3.624 4.080 4.741 4.840 4.895 4.935 5.255 5.286 5.652 5.813 5.949 6.107 6.194 6.381 6.424 6.496 6.522 6.616 6.696 6.713 6.715 6.781 6.909 6.921 7.014 7.058 7.072 7.139 7.182 7.197 7.523 7.622 7.692 7.767 7.787 7.892 end
31P
0 1.266 2.234 3.134 3.295 3.415 3.506 4.190 4.261 4.431 4.594 4.634 4.783 5.015 5.115 5.256 5.343 5.529 5.559 5.672 5.773 5.892 5.988 6.048 6.080 6.233 6.337 6.381 6.399 6.454 6.461 6.496 6.501 6.594 6.610 6.793 6.825 6.842 6.909 6.931 7.068 7.080 7.084 7.118 7.141 7.214 7.314 7.349 7.441 7.466 7.687 7.715 7.736 7.779 7.825 7.852 7.897 7.913 7.946 7.994 8.032 8.049 8.085 8.105 8.208 8.225 8.243 8.247 8.346 8.356 8.434 8.461 8.470 8.544 8.552 8.555 8.575 8.584 8.601 8.641 8.649 8.729 8.730 8.738 8.754 8.757 8.763 8.840 8.903 8.910 8.936 8.986 9.009 9.046 9.053 9.067 9.113 9.116 9.128 9.131 9.154 9.156 9.176 9.206 9.226 9.241 9.253 9.256 9.291 9.320 9.358 9.361 9.362 9.400 9.412 9.441 9.449 9.477 9.524 end
